Uvec
2226355706
1072596911
1610612736
1068145442
0
1068565518
0
1071748961
0
1068998921
0
1068710255
0
1072483770
3758096384
1072107064
2684354560
1072030855
2684354560
1072492645
536870912
1070302885
0
1071012164
0
1072260734
3221225472
1071592834
2147483648
1071936743
3758096384
1072593446
0
1069766089
2147483648
1072613936
3221225472
1069596892
0
1070400203
2147483648
1071947054
536870912
1069804870
2147483648
1072147920
1610612736
1068298040
0
1069039988
0
1069476570
0
1071960974
2147483648
1071173499
2147483648
1072229172
1073741824
1069555738
0
1071024532
0
1070116395
2147483648
1071318401
1073741824
1071963715
0
1071786191
2684354560
1070784708
3221225472
1072064762
536870912
1072421872
2147483648
1072529490
3221225472
1071862650
1610612736
1070075033
0
1066801024
0
1072163221
3221225472
1071970339
3221225472
1070991405
0
1072440084
2147483648
1071529779
3221225472
1071139083
3221225472
1070014404
2147483648
1071590379
1073741824
1069617183
2147483648
1071636319
1073741824
1071848203
1610612736
1071977480
2684354560
1071786107
3221225472
1070640983
0
1071549720
1073741824
1071768865
536870912
1069970260
2147483648
1072361214
536870912
1071464081
1073741824
1071204311
1073741824
1066264952
0
1072067583
2147483648
1072549544
3758096384
1071959817
3758096384
1070557217
0
1071637100
3221225472
1071832130
3221225472
1069003104
0
1067636826
0
1072210906
0
1072082652
2147483648
1072548604
1073741824
1071942999
536870912
1071899452
1073741824
1070773605
2147483648
1072254971
1073741824
1072522691
1073741824
1070854293
3221225472
1071703199
536870912
1069845119
0
1070652917
0
1067564454
0
1068728114
0
1071306811
0
1070908586
3221225472
1072020246
2684354560
1072689224
0
1072351214
1610612736
1069771361
2147483648
1072260912
536870912
1070866827
3221225472
1072375020
1073741824
1072185442
536870912
1072357893
536870912
1071856415
1610612736
1071729490
2147483648
1071461100
1073741824
1072693247
2684354560
70
