Uvec
2226355706
1070732555
3221225472
1071120176
0
1070705066
1073741824
1071578244
3221225472
1069077519
0
1072537462
2684354560
1069535982
0
1072354821
3758096384
1072030828
1073741824
1070541765
0
1071063685
0
1072049049
3221225472
1071733452
2684354560
1072179293
2147483648
1071040917
1073741824
1072388561
1073741824
1072005207
3221225472
1072189864
3758096384
1069904349
0
1070045209
0
1071687223
3758096384
1068115072
0
1072065016
2684354560
1072647260
3221225472
1072368383
3221225472
1068577663
0
1072191267
536870912
1071109237
3221225472
1070811528
2147483648
1070586947
2147483648
1071706681
1610612736
1072304681
3221225472
1072365452
2147483648
1067681430
0
1072135700
3221225472
1071652464
1610612736
1071560112
1073741824
1072378398
1610612736
1072613665
536870912
1071562818
2147483648
1069368505
0
1071525061
2147483648
1070464114
2147483648
1072536403
2684354560
1071973467
536870912
1071402708
2147483648
1069658807
2147483648
1070543710
2147483648
1072188719
536870912
1072084516
0
1072275487
1610612736
1069665387
2147483648
1071852888
3221225472
1069033017
0
1072011065
3758096384
1072097580
536870912
1071453716
2147483648
1072312813
1073741824
1071682274
536870912
1069307513
0
1071815094
1610612736
1066738832
0
1072505458
2684354560
1071978875
0
1070378395
2147483648
1072228536
1610612736
1071705485
2147483648
1070413829
0
1069842827
2147483648
1071825260
2147483648
1069415557
0
1072331664
536870912
1070309221
0
1072064146
1610612736
1071586782
2147483648
1071885345
1073741824
1071667891
0
1070770244
1073741824
1070696065
1073741824
1069355782
0
1072498730
3221225472
1071768659
2684354560
1069540109
0
1071652900
2684354560
1070462876
0
1070498825
0
1072336326
536870912
1068714310
0
1070632229
1073741824
1071928603
2147483648
1072011265
3221225472
1071784923
2684354560
1072164324
2684354560
1070532391
0
1072456434
1073741824
1072316600
536870912
1071816383
3758096384
1070101927
2147483648
1071461100
1073741824
1072693247
2684354560
91
