Uvec
2226355706
1070829794
1073741824
1071703021
1073741824
1071248451
0
1071937850
1073741824
1072605401
1073741824
1070981669
1073741824
1072195359
3221225472
1071035838
2147483648
1071361208
0
1071872214
1610612736
1071931124
0
1072241919
536870912
1070883782
3221225472
1072470092
1610612736
1072287178
3221225472
1071898131
3221225472
1070962209
1073741824
1071311258
0
1072482214
3758096384
1072612164
2147483648
1071832591
536870912
1071940415
2684354560
1072633725
3221225472
1064932816
0
1071119522
3221225472
1070086219
2147483648
1072537211
3758096384
1072066653
3221225472
1072638570
2684354560
1069521320
0
1068330420
0
1072571655
2684354560
1072468313
0
1072380112
3758096384
1071175359
2147483648
1071460759
1073741824
1070187792
0
1071377276
0
1072053238
1073741824
1070211459
2147483648
1068509806
0
1069803255
0
1067342504
0
1072315428
1610612736
1071475422
1073741824
1072485441
2147483648
1071902262
3221225472
1072631950
3221225472
1072173860
3221225472
1072296650
536870912
1072005668
2684354560
1072483961
1610612736
1070065867
2147483648
1071267660
3221225472
1068887054
0
1071821751
536870912
1072306996
0
1072052345
1610612736
1072511557
1073741824
1072662515
536870912
1071815863
3758096384
1072134453
3758096384
1071945665
0
1068649483
0
1072653243
3221225472
1072322921
3758096384
1072227872
2147483648
1070030884
2147483648
1071399120
2147483648
1071192503
2147483648
1068193878
0
1068770327
0
1071839178
1073741824
1072554829
0
1064763488
0
1071493652
1073741824
1070633739
3221225472
1072134538
1610612736
1072649739
3758096384
1072597102
2684354560
1071481843
3221225472
1072333756
1610612736
1071926294
0
1072540376
1073741824
1071430029
3221225472
1068986294
0
1071944945
3758096384
1072351458
0
1070552525
2147483648
1072043906
1073741824
1072431429
2684354560
1072375686
3758096384
1071377273
0
1068003246
0
1069644927
0
1072212572
0
1071671136
0
1066672720
0
1071461100
1073741824
1072693247
2684354560
71
