Uvec
2226355706
1072331020
3758096384
1072115719
3758096384
1071838009
2147483648
1070799238
3221225472
1070281284
0
1072381884
2147483648
1070624719
1073741824
1071558097
0
1071013838
1073741824
1068299906
0
1071766413
3758096384
1072179684
3221225472
1071370191
1073741824
1070995939
2147483648
1072550837
1073741824
1071841341
3221225472
1070579825
0
1072461617
2147483648
1072287534
2147483648
1072013847
536870912
1068063164
0
1071684255
536870912
1071679370
3221225472
1072135416
2684354560
1072217518
1610612736
1071167550
1073741824
1072644842
3221225472
1064664848
0
1072197987
0
1072339136
0
1068079360
0
1070673994
0
1066262600
0
1069639771
0
1072651562
3221225472
1069637761
0
1069380258
0
1071085292
3221225472
1070898808
1073741824
1070769851
3221225472
1071769939
2147483648
1069870538
2147483648
1071688485
3221225472
1070929031
2147483648
1070624710
0
1071389279
2147483648
1071731844
3221225472
1072500824
1610612736
1072390025
3221225472
1070960426
1073741824
1066596464
0
1071151953
1073741824
1069779976
2147483648
1072641668
1610612736
1066855936
0
1071831573
1073741824
1072579692
3221225472
1071795244
536870912
1072197645
2147483648
1071850430
536870912
1072029654
2147483648
1072317026
0
1072428852
536870912
1069222056
0
1072171330
536870912
1071236553
1073741824
1070909408
3221225472
1070466255
0
1071989505
1073741824
1072080038
1073741824
1066785764
0
1072302437
3221225472
1071646385
1610612736
1072072525
536870912
1071795698
2147483648
1072074349
3221225472
1071290808
1073741824
1071728023
3221225472
1072243267
3221225472
1072531575
1073741824
1072684756
1073741824
1070989269
3221225472
1072074847
3221225472
1072382877
3221225472
1072326296
2684354560
1071803677
1073741824
1069528336
0
1068592753
0
1071833124
0
1071760572
0
1071592440
3221225472
1070526278
0
1071744857
2684354560
1071326439
3221225472
1069145469
0
1072161643
3221225472
1072522241
3221225472
1072407015
3758096384
1071461100
1073741824
1072693247
2684354560
12
