Uvec
2226355706
1071243272
3221225472
1071438951
2147483648
1068199026
0
1070693821
0
1072483336
1610612736
1072378866
0
1071855302
3221225472
1069610473
0
1070126017
0
1070849604
1073741824
1072007682
1610612736
1072208871
3758096384
1071730065
3758096384
1070861425
3221225472
1071964130
2147483648
1071290904
3221225472
1067989384
0
1071388884
1073741824
1072049306
0
1072611924
2147483648
1071731516
2147483648
1070297487
2147483648
1070472396
2147483648
1070936299
2147483648
1072333177
3758096384
1071211588
2147483648
1072193091
3758096384
1071781955
3758096384
1071662805
0
1069369446
0
1072493648
1610612736
1072330204
536870912
1071037262
1073741824
1069933593
2147483648
1072474571
1073741824
1071536930
3221225472
1070658229
0
1071884063
3758096384
1068904881
0
1071922927
2684354560
1072201619
3758096384
1071809495
3758096384
1072346948
3221225472
1072008138
536870912
1068542244
0
1070115045
0
1072013852
0
1070814978
0
1072577251
0
1068722250
0
1068867126
0
1072428595
536870912
1072349300
2684354560
1071806117
3221225472
1071745938
536870912
1065127328
0
1072623628
2684354560
1070238020
0
1072391476
1610612736
1072639327
1073741824
1069319375
0
1070214563
0
1070590881
0
1069630030
0
1071906101
2147483648
1070603722
3221225472
1070342518
0
1071158103
1073741824
1065539008
0
1071180821
2147483648
1070983043
2147483648
1072416521
1073741824
1069568681
0
1071623493
2147483648
1072495614
3758096384
1071326551
2147483648
1072056600
2147483648
1071798189
3758096384
1071707212
1073741824
1070863823
3221225472
1070756359
1073741824
1071401006
0
1072365763
0
1072652249
1610612736
1070650029
0
1070616515
3221225472
1072687578
2684354560
1067151884
0
1072023897
2684354560
1072279825
3758096384
1069604073
0
1072524354
2147483648
1071176714
3221225472
1070415281
2147483648
1070693680
3221225472
1072405027
0
1071742339
1610612736
1069400374
0
1071461100
1073741824
1072693247
2684354560
75
