Uvec
2226355706
1071711651
1610612736
1072486913
3221225472
1071941680
1610612736
1072175392
536870912
1072289124
2147483648
1071896419
3221225472
1070738009
1073741824
1071176302
3221225472
1069739736
0
1070597501
1073741824
1071007208
2147483648
1071894531
3758096384
1072048340
1610612736
1071407763
0
1072629618
2684354560
1072272765
0
1070814965
0
1071861308
2147483648
1072139562
3221225472
1070875591
1073741824
1071510728
0
1070848435
2147483648
1071550215
0
1069767929
2147483648
1068949096
0
1071682900
3221225472
1072355567
3758096384
1071315082
2147483648
1070535496
2147483648
1071860462
2684354560
1072364789
2684354560
1069763189
0
1070395277
2147483648
1071806553
536870912
1072596266
1610612736
1071999216
3221225472
1071814172
536870912
1072558730
536870912
1072323512
0
1072002627
3758096384
1071465865
0
1068532921
0
1071647163
0
1072172987
536870912
1072511938
1610612736
1069345440
0
1071541996
1073741824
1072206207
2147483648
1071354493
0
1072168319
1610612736
1070205062
2147483648
1070754917
0
1070280594
2147483648
1071246520
0
1072162202
0
1071890683
3221225472
1072459460
3221225472
1071079163
2147483648
1071559895
0
1070593359
0
1071883273
536870912
1072327602
0
1072179218
3758096384
1071068266
1073741824
1069327688
0
1071891170
1610612736
1071658442
2684354560
1069556453
0
1072192250
3758096384
1070901896
2147483648
1071995766
0
1069741897
0
1070755325
1073741824
1068541044
0
1070861416
0
1071904956
1610612736
1072060298
3758096384
1072430015
3221225472
1070046265
0
1068877295
0
1072223686
2147483648
1063559040
0
1071268538
1073741824
1071577744
2147483648
1071425427
3221225472
1070155924
2147483648
1072393184
536870912
1071275170
3221225472
1071893367
2684354560
1072291873
2684354560
1071193824
1073741824
1071702517
3221225472
1072076316
1073741824
1069764363
2147483648
1071731160
536870912
1071901375
1610612736
1071902247
1610612736
1072396593
3758096384
1071461100
1073741824
1072693247
2684354560
77
