Uvec
2226355706
1072433847
3221225472
1065862696
0
1072504310
3758096384
1070563719
2147483648
1069692404
0
1072416114
536870912
1072568347
536870912
1072360105
1610612736
1070737285
0
1064557456
0
1069054988
0
1071880297
1610612736
1067910330
0
1071949413
3758096384
1071774057
1073741824
1072185805
1073741824
1072007929
1610612736
1070249912
2147483648
1067911204
0
1071562052
0
1068551186
0
1072165869
536870912
1070668865
2147483648
1070364793
2147483648
1066466252
0
1071655378
3758096384
1070374779
2147483648
1071610410
1073741824
1071939415
0
1071676232
536870912
1069089907
0
1072334658
536870912
1069597072
0
1066840452
0
1070173803
2147483648
1068025048
0
1071062423
3221225472
1069974839
2147483648
1071678687
2684354560
1070357083
0
1070127505
2147483648
1070561989
2147483648
1070957529
3221225472
1071363740
2147483648
1069775769
0
1072426383
1610612736
1070689736
2147483648
1072297510
3221225472
1069738341
0
1071671025
1610612736
1072098015
1073741824
1071985974
3758096384
1071724167
1073741824
1071553833
1073741824
1068824949
0
1071128214
1073741824
1069410789
0
1072062265
1073741824
1069874351
0
1071732294
3758096384
1072320569
2147483648
1072383668
2684354560
1071220903
0
1071878698
1073741824
1072163661
1610612736
1071283317
3221225472
1072569450
3758096384
1071252900
2147483648
1071954197
2147483648
1072602052
536870912
1072274854
3758096384
1070311677
2147483648
1065507720
0
1072587620
2147483648
1071968566
1073741824
1067761458
0
1071954687
0
1067508352
0
1072506770
1073741824
1070689808
1073741824
1071904639
0
1072195638
3758096384
1072140697
1073741824
1068513684
0
1072593568
3758096384
1069831093
0
1070870009
1073741824
1072661454
2147483648
1070982343
2147483648
1071613920
3221225472
1072512230
3221225472
1071799222
1073741824
1072208417
1073741824
1072090901
2147483648
1072565644
536870912
1067690020
0
1070956716
3221225472
1071192283
1073741824
1071461100
1073741824
1072693247
2684354560
36
