Uvec
2226355706
1072038001
3758096384
1070764655
2147483648
1072394984
1073741824
1072309500
1610612736
1071474278
2147483648
1072317413
3758096384
1071515099
3221225472
1072369825
1073741824
1071126990
2147483648
1071774338
0
1070768277
2147483648
1069945109
2147483648
1072606546
536870912
1071663269
0
1072366095
3221225472
1072246144
1610612736
1072301555
3758096384
1071987895
2684354560
1069668002
2147483648
1071073010
0
1072060042
2147483648
1072572513
1610612736
1071900902
536870912
1069077292
0
1071576604
0
1069233523
0
1071749147
0
1071002409
3221225472
1071182783
0
1071796033
1610612736
1069637817
2147483648
1070289361
2147483648
1072422165
1073741824
1072149528
3758096384
1071224864
0
1072245471
3758096384
1072275582
2684354560
1072432141
2684354560
1070733846
1073741824
1069620286
0
1071702211
536870912
1072461038
0
1069608517
0
1072205286
2147483648
1072342546
2684354560
1071684515
0
1071474871
2147483648
1072380322
1073741824
1071118189
2147483648
1071425983
2147483648
1072109615
1073741824
1070043936
2147483648
1072375134
2684354560
1071392347
0
1068407038
0
1071610532
2147483648
1072661650
536870912
1071306410
3221225472
1072303400
0
1072198511
1610612736
1069902007
2147483648
1071180124
0
1072684001
2684354560
1069799149
0
1069688483
0
1068307608
0
1067254812
0
1070885820
1073741824
1070181340
0
1071086269
0
1071233347
3221225472
1071635786
2147483648
1070718389
1073741824
1072485919
2684354560
1068732343
0
1069626255
0
1069483865
0
1070809625
2147483648
1072303188
1073741824
1071761809
3221225472
1067708030
0
1072433880
0
1069562323
2147483648
1071485107
3221225472
1072108960
3758096384
1070093974
2147483648
1067004876
0
1071372940
3221225472
1067186396
0
1071966931
1610612736
1071928646
2684354560
1069685407
0
1071064322
1073741824
1072679312
1073741824
1071132147
1073741824
1070593533
0
1070863074
3221225472
1069384092
0
1071461100
1073741824
1072693247
2684354560
23
