Uvec
2226355706
1068718397
0
1072230106
536870912
1071766386
1610612736
1072398748
2684354560
1065148480
0
1071886287
1073741824
1071237881
0
1070378520
2147483648
1072607709
2684354560
1071396962
3221225472
1071871126
1073741824
1070236401
0
1071663156
1610612736
1071050067
2147483648
1070968166
2147483648
1072382295
1073741824
1068445576
0
1071610688
3221225472
1065443872
0
1072578141
3221225472
1072021412
0
1069906383
0
1070160148
0
1072469122
0
1070115977
0
1070724859
2147483648
1072577123
3758096384
1072367194
2147483648
1071901738
0
1068396658
0
1072073120
536870912
1070503788
0
1071725141
1610612736
1072158116
0
1071308673
1073741824
1071429580
3221225472
1069801661
0
1071795445
2684354560
1071336354
0
1072157760
1073741824
1069865645
0
1070878779
3221225472
1072524524
536870912
1071721707
3221225472
1070809691
2147483648
1067104404
0
1072532566
3221225472
1072092136
3758096384
1069771839
2147483648
1070653363
2147483648
1072470898
3221225472
1071875003
2147483648
1070267279
0
1071515612
2147483648
1072325586
2684354560
1069355116
0
1072591464
2147483648
1071999514
3758096384
1069561202
2147483648
1070828142
0
1071531600
3221225472
1071737128
1073741824
1072501599
0
1060375808
0
1070117959
0
1070902575
0
1071584368
2147483648
1072073643
2147483648
1071105655
1073741824
1065574408
0
1071554365
2147483648
1071390446
1073741824
1070442799
2147483648
1071873540
1610612736
1072022067
1610612736
1071843147
1610612736
1071785068
2147483648
1068705811
0
1071005239
1073741824
1071395773
3221225472
1071620484
3221225472
1071439061
0
1071676456
1073741824
1071917346
0
1071966272
1610612736
1072079090
1610612736
1071133802
2147483648
1071896297
536870912
1069656310
2147483648
1066401928
0
1068803500
0
1070700982
3221225472
1071553217
1073741824
1067771236
0
1072193639
536870912
1072212262
3221225472
1071038455
3221225472
1066688144
0
1071461100
1073741824
1072693247
2684354560
81
