Uvec
2226355706
1071427600
0
1072290967
2147483648
1072575569
3221225472
1072166815
3221225472
1072444931
2147483648
1070957930
0
1069883573
2147483648
1072429959
1610612736
1072285116
2147483648
1070227616
0
1068516950
0
1072466635
536870912
1072082894
536870912
1072564990
536870912
1070422475
0
1071685602
1073741824
1072642589
3758096384
1072094472
0
1071819860
2684354560
1065408744
0
1071949478
536870912
1071876660
2684354560
1072379950
2684354560
1071306090
2147483648
1071850434
3758096384
1070218119
2147483648
1070002959
2147483648
1072435294
536870912
1071431588
1073741824
1070090028
0
1072272400
0
1072604190
3758096384
1071441110
3221225472
1070662741
3221225472
1071123996
2147483648
1072204628
2684354560
1071323556
0
1071987293
1610612736
1072050494
1073741824
1072401141
3221225472
1072145715
2684354560
1065975384
0
1071080260
0
1070988183
3221225472
1070002066
0
1070325688
2147483648
1071671825
3221225472
1071298320
3221225472
1071688432
3758096384
1071440165
0
1072341089
2147483648
1071046357
2147483648
1071702606
3758096384
1072473088
1073741824
1072441351
0
1072687874
536870912
1070835245
0
1071171854
0
1072433518
3221225472
1072022173
3221225472
1072231758
3221225472
1071231398
1073741824
1072018626
3758096384
1068899583
0
1070255725
2147483648
1071744808
2684354560
1072224602
1073741824
1072459895
3758096384
1072517404
3758096384
1072422841
1073741824
1071849590
2684354560
1071821001
3758096384
1072641926
1073741824
1067643518
0
1068516033
0
1070970514
3221225472
1072367256
2147483648
1072165976
3221225472
1070745161
0
1072364060
536870912
1072413994
2147483648
1071317335
2147483648
1071036830
2147483648
1070730496
0
1071288185
1073741824
1072646868
536870912
1064722192
0
1071594755
3221225472
1072150448
2684354560
1071234750
0
1069872433
0
1071739817
536870912
1071054793
2147483648
1072149261
3221225472
1071925160
1073741824
1071131216
3221225472
1072638274
536870912
1072201505
0
1071461100
1073741824
1072693247
2684354560
43
