Uvec
2226355706
1072617984
3758096384
1070581677
0
1072506171
0
1068907928
0
1072517718
1610612736
1072524942
1073741824
1070334117
2147483648
1070541082
0
1072678955
1073741824
1066473860
0
1069622489
2147483648
1072271335
3758096384
1072228067
2147483648
1070713895
0
1072596649
2684354560
1072032728
1073741824
1072512767
536870912
1069594209
2147483648
1071307982
0
1072652270
1073741824
1072462494
2684354560
1070371972
2147483648
1072122233
3221225472
1069907635
2147483648
1071608499
3221225472
1070969526
3221225472
1072375553
536870912
1069914645
0
1071895866
536870912
1071801942
2147483648
1071132445
2147483648
1072239411
2147483648
1071746445
3758096384
1071409939
2147483648
1072397146
2684354560
1067105272
0
1071283062
0
1072519272
1073741824
1068931985
0
1072569087
0
1072174112
1610612736
1069738569
0
1072559180
1610612736
1072644593
3758096384
1071744639
536870912
1072034300
536870912
1071755196
3221225472
1071033748
1073741824
1071689957
536870912
1071506609
3221225472
1068704696
0
1072445189
536870912
1072083491
3758096384
1070650739
3221225472
1071926115
0
1072128010
3221225472
1069576113
0
1069773615
2147483648
1070991329
0
1070570578
2147483648
1072578579
2147483648
1072008515
2147483648
1071929410
2684354560
1072134990
3221225472
1071994238
0
1072400234
1610612736
1071756079
1073741824
1072589788
1610612736
1072644527
2684354560
1069082372
0
1072280137
1073741824
1071811966
2147483648
1070013374
0
1072324284
3221225472
1071723088
0
1064254592
0
1072058521
3221225472
1066450584
0
1071924410
536870912
1070830333
2147483648
1071293855
3221225472
1072275148
2684354560
1068305032
0
1071867463
3221225472
1071349782
2147483648
1072295185
3758096384
1072031660
2147483648
1069778623
0
1071778218
1610612736
1072464070
536870912
1071787212
1073741824
1071094457
2147483648
1065087472
0
1068833336
0
1072618402
0
1071783834
0
1070568631
2147483648
1071979477
536870912
1071461100
1073741824
1072693247
2684354560
59
