Uvec
2226355706
1072314482
2684354560
1070715455
3221225472
1070715903
3221225472
1070599688
1073741824
1072350583
1610612736
1071199508
1073741824
1070953318
3221225472
1070325112
0
1071444979
3221225472
1070867999
2147483648
1070941643
2147483648
1072604813
2684354560
1072636495
2684354560
1071494954
2147483648
1072351866
1610612736
1069952517
0
1072531371
2684354560
1065063424
0
1072533264
3758096384
1070841475
3221225472
1071096368
0
1071818420
3758096384
1072024786
536870912
1070091575
0
1070977197
3221225472
1070871257
0
1071724576
536870912
1071033794
1073741824
1068627560
0
1072491770
0
1072165965
1073741824
1071582251
1073741824
1065840200
0
1071644653
2147483648
1071930903
1610612736
1072190544
3758096384
1071835626
1610612736
1068969823
0
1070696264
0
1072499868
2684354560
1072398400
3758096384
1072142270
3221225472
1071540478
1073741824
1070860535
3221225472
1071376795
0
1071703266
1610612736
1070962306
1073741824
1072020155
3758096384
1072655259
1073741824
1071523775
0
1071802975
536870912
1065978952
0
1072169548
1073741824
1072059728
3758096384
1071923867
3758096384
1072280824
2684354560
1071082409
2147483648
1069287281
0
1072160198
0
1072437828
1073741824
1072319962
2684354560
1072236554
2147483648
1070985067
0
1072097374
536870912
1071755256
2147483648
1071582136
3221225472
1072630293
3758096384
1071642212
3221225472
1072034185
3758096384
1070354194
0
1071425063
1073741824
1072350055
1610612736
1071994130
2684354560
1072005647
0
1072621567
3758096384
1071885401
1610612736
1066142392
0
1068688766
0
1069997419
2147483648
1072112981
2147483648
1070365550
2147483648
1071735223
0
1071221524
0
1072274535
2147483648
1072486660
3221225472
1070847868
3221225472
1072566795
1073741824
1070925193
2147483648
1066206480
0
1072358417
536870912
1071582321
3221225472
1072689572
2684354560
1071343389
0
1071578615
2147483648
1071929377
1610612736
1066978280
0
1071470064
3221225472
1072245461
3758096384
1071461100
1073741824
1072693247
2684354560
17
