Uvec
2226355706
1070956042
0
1070847734
2147483648
1070494655
2147483648
1068844984
0
1071981238
3221225472
1071487118
2147483648
1070729378
2147483648
1072160642
2684354560
1067509168
0
1070172565
0
1071479502
1073741824
1071485871
0
1072101662
2684354560
1071244610
3221225472
1072646055
1073741824
1071952548
1610612736
1071802537
1610612736
1066910352
0
1071960815
1610612736
1071796523
3758096384
1071901532
1610612736
1071483250
3221225472
1071544901
1073741824
1072108165
0
1071689519
0
1072188151
2684354560
1072213003
1610612736
1072601660
3221225472
1072191513
536870912
1072272563
0
1071035776
2147483648
1070578085
0
1072197281
1073741824
1072390909
3758096384
1071750397
1073741824
1072480105
1073741824
1071615235
1073741824
1069880676
2147483648
1072305992
0
1071164228
0
1071285052
0
1072678430
1073741824
1072262099
3758096384
1072552047
0
1069296510
0
1072315420
2147483648
1072167914
3221225472
1072587463
3221225472
1070682303
2147483648
1072481814
1610612736
1072573999
1073741824
1071500034
2147483648
1070670493
1073741824
1070906063
1073741824
1071727151
1073741824
1070193740
2147483648
1072339447
2684354560
1071714398
0
1070351691
0
1072223267
0
1069848663
0
1071519976
0
1072656938
2147483648
1071829839
2684354560
1070059443
2147483648
1072042861
1610612736
1067242652
0
1069948243
0
1071937750
2684354560
1071929403
3758096384
1072569623
536870912
1072367951
3758096384
1072567279
0
1069360793
0
1072061054
0
1069354902
0
1066582508
0
1070005070
0
1070911524
2147483648
1070769945
3221225472
1067736718
0
1070773611
0
1072299059
536870912
1071537723
0
1071211293
0
1069098900
0
1072331856
3758096384
1067338188
0
1072529786
2684354560
1068107028
0
1071016945
2147483648
1070772354
2147483648
1072391061
1610612736
1068452022
0
1071209897
0
1072125491
1073741824
1070710526
0
1072169416
536870912
1071461100
1073741824
1072693247
2684354560
42
