Uvec
2226355706
1069700544
0
1070726670
1073741824
1066685580
0
1071847779
3758096384
1072152731
536870912
1071215522
1073741824
1069780666
2147483648
1072109305
0
1072322708
1073741824
1071729362
3758096384
1072338250
1610612736
1070724833
2147483648
1066038008
0
1070380635
2147483648
1069991077
0
1072103516
3758096384
1069869260
0
1071640959
0
1071119877
0
1070784299
0
1072019362
2684354560
1072248756
2147483648
1072451977
3221225472
1072107576
2684354560
1072678358
0
1070540323
0
1071163980
1073741824
1067700430
0
1072112221
0
1072058658
3221225472
1070513295
2147483648
1071762092
536870912
1072101260
536870912
1067772638
0
1072167375
2147483648
1067146352
0
1070860211
1073741824
1072635592
0
1072497311
3221225472
1071462025
1073741824
1070581761
2147483648
1071697147
0
1072427609
1610612736
1072593826
2147483648
1069057696
0
1071854871
3758096384
1071770104
3758096384
1072204798
2684354560
1072162874
0
1072462502
0
1070125392
2147483648
1070680148
2147483648
1071900015
3221225472
1072370023
2147483648
1071274583
1073741824
1071801407
0
1072121191
536870912
1066023136
0
1069660977
2147483648
1072221175
0
1072485626
2684354560
1072087952
3758096384
1072634235
536870912
1071362777
0
1072405051
2684354560
1069578022
0
1072239972
3221225472
1071411915
1073741824
1071182751
0
1071056091
0
1070376586
2147483648
1070147426
2147483648
1070618653
0
1070685551
1073741824
1069122838
0
1072514584
1073741824
1072297630
2147483648
1072191140
1610612736
1072231884
536870912
1072190306
3221225472
1072180926
3758096384
1068078382
0
1072590269
1073741824
1072435593
536870912
1067189592
0
1072419749
3221225472
1071743245
536870912
1071357036
0
1071141107
0
1072400566
3758096384
1070630442
0
1068854742
0
1071231511
0
1071696095
536870912
1070428203
2147483648
1070637708
0
1072028379
2684354560
1072646442
536870912
1071461100
1073741824
1072693247
2684354560
8
