Uvec
2226355706
1069707743
2147483648
1071192801
0
1071294434
3221225472
1071305411
1073741824
1072600045
536870912
1071246686
1073741824
1072317776
3758096384
1072615977
1073741824
1071267811
0
1069739117
0
1071971572
3221225472
1072264446
0
1071968924
2684354560
1071858686
0
1071651651
1073741824
1071412414
1073741824
1072599386
0
1070898455
3221225472
1071701523
1073741824
1066498160
0
1072534387
536870912
1072383532
0
1072511368
2147483648
1069677106
2147483648
1069145407
0
1062799040
0
1072650719
1073741824
1072334029
1610612736
1069983768
0
1072063874
536870912
1071766208
2147483648
1069878900
2147483648
1072228309
1610612736
1071933170
3221225472
1069694548
2147483648
1071871124
1073741824
1070781492
2147483648
1060367872
0
1072151554
1073741824
1071003565
3221225472
1071775168
1073741824
1071303604
0
1072419637
2684354560
1072289936
1073741824
1071939220
1610612736
1072330534
3758096384
1069627404
2147483648
1072174620
1073741824
1071753450
536870912
1072117381
1610612736
1072486438
536870912
1069936839
2147483648
1069265633
0
1065982448
0
1072271082
536870912
1070301156
0
1071666896
2684354560
1071679275
1610612736
1072266246
3221225472
1071456813
0
1072480627
3221225472
1070256569
2147483648
1070948906
2147483648
1068890930
0
1072552248
3758096384
1071963443
0
1072387933
3221225472
1063394656
0
1072518281
2147483648
1070530871
0
1068715983
0
1071695764
1073741824
1072106538
1073741824
1071630164
1073741824
1071218905
0
1067961916
0
1072159157
3221225472
1071454348
3221225472
1071069355
1073741824
1072513087
1610612736
1072079159
2147483648
1071819882
1073741824
1069609855
2147483648
1072609584
2684354560
1070480492
2147483648
1072238919
1073741824
1069692665
2147483648
1071888895
1610612736
1069094696
0
1072067051
3758096384
1071732960
2147483648
1072642409
3758096384
1072279662
3758096384
1069956830
2147483648
1072521680
1073741824
1072397375
2147483648
1071878548
2684354560
1071382726
3221225472
1071461100
1073741824
1072693247
2684354560
84
