Uvec
2226355706
1071659445
2147483648
1071785175
536870912
1071613077
1073741824
1071090037
1073741824
1072134471
536870912
1070924574
1073741824
1072674400
3758096384
1070659601
1073741824
1072413178
3221225472
1072622409
536870912
1071529915
3221225472
1071852333
0
1071981945
1610612736
1072328444
2684354560
1071085328
0
1069799820
2147483648
1072330507
3758096384
1071881720
1073741824
1071659728
2147483648
1072511593
2147483648
1072633115
3758096384
1070901614
3221225472
1071853773
1073741824
1072000896
2147483648
1072287498
0
1071019059
1073741824
1072553957
536870912
1070178138
2147483648
1071045622
1073741824
1071351772
0
1071810268
3758096384
1072401642
1073741824
1071275370
3221225472
1072037354
1610612736
1069496521
0
1070876790
3221225472
1071160987
3221225472
1069831208
2147483648
1071837530
3221225472
1072191761
3758096384
1070691533
1073741824
1070067815
0
1071903775
2147483648
1072330012
1610612736
1071521212
3221225472
1072219666
1610612736
1072067147
1073741824
1070355140
2147483648
1071856432
3221225472
1071616118
1073741824
1071852324
2147483648
1071396323
3221225472
1071701703
1610612736
1072622750
0
1071965441
0
1070715474
2147483648
1070676195
3221225472
1069569937
0
1072109735
536870912
1069718650
0
1070140589
2147483648
1070918342
1073741824
1069939372
2147483648
1068859648
0
1070224759
0
1058984960
0
1071044770
0
1071248147
2147483648
1072389654
3758096384
1071910680
3221225472
1071228672
3221225472
1071763548
2684354560
1071887409
3221225472
1071667551
2147483648
1072328173
536870912
1069576572
2147483648
1071329287
2147483648
1072290737
0
1072093034
2684354560
1071747930
3758096384
1071738267
3758096384
1068708664
0
1071588623
1073741824
1072205030
1073741824
1069874331
0
1060910592
0
1068524108
0
1072047469
536870912
1071726281
2684354560
1070522893
2147483648
1070438219
0
1071688448
1073741824
1069506377
0
1070460455
0
1072280707
3758096384
1070772701
1073741824
1072145875
536870912
1071665028
2684354560
1071461100
1073741824
1072693247
2684354560
95
