Uvec
2226355706
1072108953
536870912
1069797326
2147483648
1069097468
0
1072420579
3221225472
1072629179
2684354560
1071578550
3221225472
1070486854
0
1071150866
3221225472
1070415665
2147483648
1072273315
3221225472
1071703022
3221225472
1071118100
0
1069452296
0
1072205044
2147483648
1072436202
2147483648
1070647784
0
1070866052
0
1072105958
1073741824
1067090372
0
1072627500
0
1071119743
0
1070044891
0
1071963406
1073741824
1072109048
2147483648
1072382100
1610612736
1070571438
2147483648
1071827590
536870912
1069511037
0
1072410824
1073741824
1072509483
2147483648
1071421361
1073741824
1071563292
2147483648
1071928437
3221225472
1069776682
2147483648
1072407311
3221225472
1071521148
1073741824
1072478548
2147483648
1072093636
2147483648
1071079095
2147483648
1072214172
536870912
1070314424
0
1072497663
3221225472
1067918838
0
1071674977
2147483648
1071941310
3758096384
1070954204
3221225472
1072549986
2147483648
1072621084
3758096384
1069957925
2147483648
1071750036
0
1072077481
1610612736
1070749090
3221225472
1072497070
3758096384
1072119628
2147483648
1071853367
2684354560
1072314329
3221225472
1072150102
1073741824
1071758513
3758096384
1070334197
2147483648
1070721007
0
1071893467
3758096384
1072016406
2684354560
1072635485
3758096384
1071890233
3758096384
1070611011
1073741824
1070414080
2147483648
1069909669
2147483648
1071816894
3221225472
1068117240
0
1072343368
536870912
1067906390
0
1072214978
2684354560
1067705384
0
1070555625
0
1070878188
0
1072169232
1610612736
1072598805
0
1072657518
3758096384
1072285345
3221225472
1072258179
3221225472
1072677704
3758096384
1070999841
1073741824
1072016740
2684354560
1071441326
0
1070326682
0
1072318714
2684354560
1072308866
2147483648
1071194168
0
1072616797
2147483648
1071819305
0
1072104391
1073741824
1069567967
2147483648
1068981675
0
1071567206
2147483648
1070797091
3221225472
1072172814
2684354560
1069817188
2147483648
1071870950
0
1071461100
1073741824
1072693247
2684354560
73
