Uvec
2226355706
1072339987
2147483648
1072231521
1610612736
1070603945
2147483648
1071942701
1610612736
1071883383
1610612736
1071570981
0
1071854915
2147483648
1071194901
2147483648
1068854600
0
1071108018
0
1069936060
0
1070274776
0
1069568430
0
1072563102
3221225472
1071684943
2684354560
1066983812
0
1072109400
2147483648
1072019584
3221225472
1070861904
1073741824
1072506460
536870912
1072266971
3758096384
1071797748
3221225472
1072173256
1610612736
1071310887
1073741824
1068666576
0
1071010696
1073741824
1071243778
0
1067808240
0
1069748435
2147483648
1072257359
0
1071681737
3758096384
1072480966
2147483648
1070588287
0
1068958389
0
1069209099
0
1071274567
2147483648
1071907193
3221225472
1072098914
3221225472
1071898558
2684354560
1072242516
3221225472
1071931439
3221225472
1071627467
0
1072410859
1610612736
1071737943
2684354560
1071449183
3221225472
1071724977
0
1072527794
2684354560
1072090356
2684354560
1071162464
0
1072111420
2684354560
1064353312
0
1072447396
2147483648
1072461950
536870912
1071467919
1073741824
1072236913
3758096384
1072390392
3221225472
1070055525
0
1069760560
0
1071836431
0
1072585044
2147483648
1072521549
536870912
1070991353
3221225472
1071359945
3221225472
1070260740
0
1070870046
2147483648
1069737053
2147483648
1071671847
1610612736
1069781377
2147483648
1072248926
3758096384
1071872303
2684354560
1070245123
0
1070364704
2147483648
1072033034
1610612736
1069608141
0
1071935146
1610612736
1072333318
3221225472
1072262763
3758096384
1072204168
2684354560
1069248246
0
1072365954
3758096384
1071425765
3221225472
1072076516
0
1071960574
0
1071987037
0
1071255147
0
1072147719
1073741824
1070471498
0
1072508372
1610612736
1067961582
0
1071025087
1073741824
1072673981
0
1072032270
1073741824
1071083353
1073741824
1067962014
0
1072662901
536870912
1071543075
2147483648
1072466255
1073741824
1071775519
2147483648
1071461100
1073741824
1072693247
2684354560
3
