Uvec
2226355706
1071189413
3221225472
1072390617
0
1071339925
3221225472
1072093208
2684354560
1070422054
0
1072578538
536870912
1069607356
2147483648
1070913012
2147483648
1072062031
1073741824
1072034747
2684354560
1071581420
0
1069865283
0
1072118725
536870912
1072191088
1073741824
1071142003
2147483648
1070775977
1073741824
1071982985
1610612736
1070863245
1073741824
1070492447
0
1063391072
0
1069088440
0
1072343872
2684354560
1069557407
2147483648
1072238129
536870912
1071457305
1073741824
1072239450
3221225472
1070757473
1073741824
1071164063
2147483648
1070745799
2147483648
1070036069
0
1072375847
0
1071400795
0
1072125445
2147483648
1072287212
536870912
1072474212
3758096384
1072145300
3221225472
1072667938
1610612736
1072529639
3758096384
1068798155
0
1066772264
0
1072039369
536870912
1071967152
3758096384
1071394415
3221225472
1072537050
0
1071832587
2147483648
1071717630
2684354560
1072004732
2684354560
1071533310
2147483648
1072152917
2147483648
1070905324
1073741824
1068590052
0
1071438384
3221225472
1067652592
0
1070345851
2147483648
1071405797
3221225472
1067696766
0
1072190622
2147483648
1072085132
3221225472
1060331520
0
1069009699
0
1071304543
0
1068863653
0
1071619118
3221225472
1072191349
2684354560
1070766113
2147483648
1071998224
1073741824
1072266991
0
1069846866
2147483648
1070257012
2147483648
1072159576
3221225472
1070768710
1073741824
1069758129
0
1072581235
3758096384
1071022096
2147483648
1067363208
0
1071139041
1073741824
1072036852
0
1068720937
0
1070924869
3221225472
1071208615
3221225472
1072182492
2147483648
1071667601
2684354560
1072084124
3221225472
1072227440
536870912
1071675206
1610612736
1070559647
0
1072268867
3221225472
1072159205
2147483648
1071988658
2684354560
1072374165
0
1070839931
0
1069567895
0
1072275071
3758096384
1068193486
0
1071804583
1073741824
1072184503
3221225472
1068547909
0
1069402994
0
1071461100
1073741824
1072693247
2684354560
7
