Uvec
2226355706
1072033063
1610612736
1071932528
0
1072688516
3758096384
1071755866
2147483648
1068956007
0
1071407490
3221225472
1071765369
3758096384
1072502482
1610612736
1072359944
1610612736
1069166876
0
1072147074
3221225472
1071058389
3221225472
1071098003
2147483648
1072489340
1073741824
1068942734
0
1070693357
1073741824
1072370459
3758096384
1072047065
0
1072183844
3221225472
1071532365
2147483648
1071198463
1073741824
1072638071
0
1071061300
0
1071981087
2684354560
1071891161
1610612736
1071314394
2147483648
1071836100
3758096384
1072113184
536870912
1072111160
0
1071730998
536870912
1071794533
3758096384
1072084498
3758096384
1068136298
0
1070199717
2147483648
1072685051
1610612736
1070807723
3221225472
1071911383
1610612736
1072300323
536870912
1071984161
2684354560
1066540328
0
1071601005
2147483648
1070663916
2147483648
1072508704
0
1071153251
0
1072536307
3758096384
1072255562
2147483648
1071063469
3221225472
1072309419
0
1071763559
2147483648
1067442988
0
1072207304
1610612736
1071366781
2147483648
1069043713
0
1071693576
3221225472
1071838518
0
1066468492
0
1068887409
0
1072122341
1610612736
1067630368
0
1072599605
2684354560
1071704326
1073741824
1071044227
1073741824
1071768249
1073741824
1072216415
1073741824
1071246006
0
1068306124
0
1071498277
2147483648
1071744780
2147483648
1069917824
2147483648
1072644025
1610612736
1072674625
3221225472
1070438308
2147483648
1072570897
2147483648
1070699907
3221225472
1070484755
2147483648
1070596648
3221225472
1071990077
536870912
1071034277
2147483648
1072465536
3221225472
1072480491
1610612736
1071408078
2147483648
1070635453
0
1071303463
0
1070936172
3221225472
1068576730
0
1071078703
3221225472
1071977154
536870912
1071102107
2147483648
1070595820
2147483648
1071141649
3221225472
1071575556
0
1072204864
1610612736
1070987990
2147483648
1069810134
0
1072121353
1610612736
1069812417
2147483648
1069531597
0
1071998701
2684354560
1071461100
1073741824
1072693247
2684354560
21
