Uvec
2226355706
1072410489
3758096384
1069504709
0
1070949556
2147483648
1071388010
2147483648
1064519120
0
1072017972
2147483648
1069757430
0
1071292229
1073741824
1072507928
1073741824
1068916458
0
1071944426
0
1071729844
3221225472
1071857616
3221225472
1070086126
0
1069783192
0
1071206166
0
1071747083
1610612736
1072067431
536870912
1069882443
0
1071081684
0
1069609437
0
1071090457
0
1071868407
1610612736
1068800592
0
1067732334
0
1072165612
1610612736
1071491189
0
1072523329
3221225472
1071657293
1073741824
1069778638
2147483648
1072411734
536870912
1069655682
0
1069801381
2147483648
1072468171
2684354560
1070975509
3221225472
1070263795
0
1070302554
0
1072365949
536870912
1071917490
3758096384
1070519065
0
1072179459
3758096384
1071262611
1073741824
1072512167
2147483648
1072411712
536870912
1072037884
1610612736
1070042492
2147483648
1072292362
0
1072272453
3758096384
1070945945
2147483648
1070854417
1073741824
1072355916
3758096384
1071833898
2147483648
1071655267
3221225472
1071664000
536870912
1071048871
3221225472
1072648851
1073741824
1070370062
0
1072072219
0
1065947664
0
1071820458
1610612736
1071490779
2147483648
1072163900
2684354560
1072305891
1073741824
1071826635
0
1072170386
536870912
1072566391
3758096384
1072054380
1610612736
1071747468
0
1071738384
3758096384
1071860457
3758096384
1069942759
2147483648
1072004914
1073741824
1071869599
3758096384
1072118736
2684354560
1069637619
0
1072204329
536870912
1071871075
2684354560
1072446291
1610612736
1070377438
0
1072485460
1073741824
1072543291
1610612736
1066568352
0
1072388656
3758096384
1072653562
2684354560
1071090601
3221225472
1068458634
0
1064492000
0
1069707352
2147483648
1070831913
1073741824
1070518280
2147483648
1071732877
0
1072006556
0
1071982577
2684354560
1069716226
0
1071685977
3758096384
1072514101
1610612736
1072333464
0
1072105692
1073741824
1071461100
1073741824
1072693247
2684354560
21
