Uvec
2226355706
1071170789
0
1070566887
2147483648
1070965169
1073741824
1071045800
2147483648
1071481531
2147483648
1070207815
2147483648
1072521536
3758096384
1071134302
3221225472
1071227171
2147483648
1072266574
0
1072641031
0
1072458462
2684354560
1070509255
2147483648
1071715831
1610612736
1070895838
3221225472
1072117650
1610612736
1071680109
2684354560
1072105190
536870912
1070996609
0
1068910675
0
1071315894
1073741824
1072584357
3758096384
1072457107
536870912
1068870757
0
1072601134
536870912
1072258320
536870912
1068316864
0
1071826542
1610612736
1071263141
2147483648
1069994504
0
1070906631
3221225472
1072052178
3758096384
1070813562
0
1067947758
0
1070913080
1073741824
1071257762
3221225472
1072338358
2684354560
1072574541
3758096384
1069188574
0
1067879126
0
1071980805
3758096384
1072204283
1073741824
1070890501
3221225472
1072502998
2147483648
1072100137
2147483648
1071888482
3221225472
1072154476
536870912
1070538967
0
1071576579
3221225472
1070758141
3221225472
1071335298
2147483648
1070006941
2147483648
1070120835
2147483648
1068794575
0
1070656923
2147483648
1071888793
1073741824
1070594209
2147483648
1072580391
2147483648
1069905392
0
1071866672
1073741824
1071925602
2147483648
1071570862
3221225472
1072386093
1610612736
1070603069
3221225472
1072408357
0
1070734917
2147483648
1071647219
2684354560
1069006610
0
1069470178
0
1068755704
0
1072651195
536870912
1069580990
2147483648
1072374248
536870912
1068754628
0
1072151530
0
1072189853
3758096384
1072034909
2684354560
1071443402
3221225472
1072307542
536870912
1070137222
2147483648
1070883645
2147483648
1071992772
3221225472
1069777501
0
1070827039
1073741824
1072385430
1610612736
1072655643
3221225472
1070790034
2147483648
1070516699
0
1071537580
1073741824
1071939470
2684354560
1072336512
0
1071381839
3221225472
1071819125
2147483648
1072641669
536870912
1069916026
2147483648
1071710015
3758096384
1071887776
1073741824
1072521518
0
1071461100
1073741824
1072693247
2684354560
68
