Uvec
2226355706
1071758852
1073741824
1069756441
2147483648
1071229247
1073741824
1072216134
1610612736
1070676914
2147483648
1069853899
0
1072458527
2147483648
1071655468
3221225472
1072235506
2684354560
1072476489
536870912
1070525904
2147483648
1069235233
0
1070438817
0
1072268306
1610612736
1071908563
536870912
1066122872
0
1069392896
0
1072637568
3758096384
1072409074
536870912
1072401318
3758096384
1072345216
536870912
1069016782
0
1072088070
2147483648
1071940322
3758096384
1068633051
0
1070834392
0
1070685753
3221225472
1070202134
2147483648
1071281097
0
1071730149
3758096384
1070372950
0
1072408436
2684354560
1070122172
2147483648
1068735482
0
1068924425
0
1067874506
0
1071915704
536870912
1072112021
1610612736
1067285952
0
1072612880
1073741824
1070813423
3221225472
1072583263
2684354560
1068589779
0
1072315879
2147483648
1068740104
0
1071879578
3221225472
1068470572
0
1070028481
0
1072205598
2684354560
1068262132
0
1069804741
2147483648
1070971804
0
1070731257
1073741824
1069890747
0
1072500489
0
1070158919
2147483648
1071357997
1073741824
1071932591
536870912
1071729514
0
1071821978
3758096384
1072221772
2147483648
1071356031
0
1070317162
0
1070207119
2147483648
1071218454
2147483648
1072601643
2684354560
1072332743
2147483648
1071172180
0
1072116123
3221225472
1070716953
3221225472
1069334546
0
1068802200
0
1071340279
1073741824
1071735100
1073741824
1072353675
3758096384
1072574502
1610612736
1070600652
2147483648
1072521863
1610612736
1069214540
0
1071854990
0
1072403459
1610612736
1069813267
2147483648
1072680194
1073741824
1072659310
2684354560
1072368188
1073741824
1072069652
3758096384
1072571116
3221225472
1071181035
1073741824
1072477899
0
1072205604
1610612736
1071838594
536870912
1072678517
1073741824
1072437950
3221225472
1072451415
2684354560
1071813208
3221225472
1070393795
0
1072515889
1610612736
1069999529
0
1071461100
1073741824
1072693247
2684354560
69
