Uvec
2226355706
1072312133
1610612736
1071698854
536870912
1072687617
2684354560
1072167306
1073741824
1072187841
3758096384
1071306689
1073741824
1072261029
1610612736
1072055661
3758096384
1070274061
0
1070197287
2147483648
1071241249
2147483648
1072381415
3758096384
1072588922
2684354560
1070323026
2147483648
1072006752
2147483648
1071784148
2147483648
1068614484
0
1071123755
3221225472
1069270688
0
1072440035
0
1072608797
1610612736
1069760588
0
1071941734
536870912
1071982875
2684354560
1071197668
2147483648
1070885423
3221225472
1071507251
3221225472
1072343792
2684354560
1072540779
3221225472
1071171918
0
1071521121
2147483648
1072165924
0
1072071023
1610612736
1072202550
2684354560
1072042123
1610612736
1072248606
2147483648
1072629027
1073741824
1070295661
0
1071007290
2147483648
1070355416
0
1071486459
1073741824
1071942881
536870912
1071542881
0
1072508188
2147483648
1067152488
0
1072606297
0
1071722448
1610612736
1067790452
0
1072001918
2684354560
1072325841
1073741824
1071013609
0
1072106310
2684354560
1072275655
3221225472
1071327315
2147483648
1069745720
2147483648
1072135264
1073741824
1072243760
1610612736
1072473947
3221225472
1067905298
0
1069500923
0
1071909242
0
1071632868
0
1071670768
2684354560
1072452698
1610612736
1066640556
0
1072474887
0
1072688045
3758096384
1071450310
2147483648
1069809807
2147483648
1069327760
0
1068883376
0
1069042738
0
1070601590
2147483648
1069552860
0
1067828988
0
1069555972
0
1071810535
3221225472
1072056686
0
1069714503
0
1071979169
536870912
1072447327
2684354560
1070930894
0
1071711988
2147483648
1070762002
1073741824
1070650344
3221225472
1070037069
2147483648
1069889786
0
1072129897
2684354560
1069186672
0
1072495196
2684354560
1068720665
0
1071376782
1073741824
1068562526
0
1072024113
2684354560
1072671221
0
1069648133
0
1071826062
3758096384
1071061870
3221225472
1071461100
1073741824
1072693247
2684354560
51
