Uvec
2226355706
1070768775
0
1071689395
0
1071074595
2147483648
1071276410
0
1071913750
1073741824
1072197393
3221225472
1072332808
2147483648
1069881604
2147483648
1068302030
0
1072048735
2147483648
1069902702
0
1071769839
1073741824
1066935124
0
1071252889
0
1072563283
1073741824
1072636106
1073741824
1071442251
0
1071227383
3221225472
1070909236
2147483648
1072059722
3758096384
1069744030
2147483648
1069494790
0
1071538585
3221225472
1072421481
2684354560
1072277746
2147483648
1071363474
0
1071483935
0
1070734446
2147483648
1071711744
3758096384
1068885005
0
1071365899
2147483648
1071117409
2147483648
1072181640
2684354560
1072236576
2684354560
1072020079
1073741824
1071661547
2684354560
1072256742
1610612736
1071914284
2684354560
1071894210
3221225472
1072283658
2147483648
1072334124
1073741824
1069602571
2147483648
1072153651
3758096384
1072050395
2147483648
1071084537
1073741824
1072340260
3758096384
1071920840
2147483648
1072153260
2147483648
1071740891
3221225472
1069766020
0
1068380888
0
1072198560
536870912
1070763352
3221225472
1071989034
2684354560
1071730357
536870912
1069928187
0
1069123707
0
1072232989
3221225472
1072069299
536870912
1071187908
3221225472
1070938146
2147483648
1072686386
3758096384
1072647861
3758096384
1072392482
0
1071910832
3758096384
1070981176
1073741824
1072247565
2684354560
1068446846
0
1070475740
0
1071652586
3221225472
1071934788
2147483648
1071996467
0
1072108884
536870912
1072613953
1073741824
1072661983
0
1072018560
536870912
1071575759
2147483648
1071615260
2147483648
1071927407
1073741824
1072070121
2684354560
1071709833
1610612736
1072336324
536870912
1071179342
0
1070646561
2147483648
1070828068
2147483648
1070569689
0
1072667349
1073741824
1071308782
2147483648
1070736969
1073741824
1070108134
0
1072517955
3758096384
1072025790
2147483648
1071765966
1610612736
1071396314
3221225472
1071791870
2147483648
1072608260
3221225472
1071794321
2147483648
1070615253
0
1071461100
1073741824
1072693247
2684354560
58
