Uvec
2226355706
1072100597
2684354560
1070495248
2147483648
1072622662
3758096384
1071431170
2147483648
1072134131
2147483648
1068059800
0
1071688454
2147483648
1072412718
3221225472
1071692351
3221225472
1072521510
536870912
1071655667
3758096384
1072195188
536870912
1071855126
536870912
1072625491
3221225472
1072278144
3758096384
1072681286
2684354560
1070990935
3221225472
1071060240
0
1069686907
0
1071539001
2147483648
1071865859
536870912
1072358590
2147483648
1072619073
3758096384
1068881337
0
1072013261
3758096384
1071839527
2684354560
1072410042
2147483648
1071901498
2147483648
1070027617
2147483648
1071003016
0
1071116335
1073741824
1071258519
0
1070986945
1073741824
1072264118
2684354560
1071795157
0
1071706924
3758096384
1072120451
3758096384
1071671878
2684354560
1071173755
1073741824
1071705540
0
1072604638
536870912
1069708491
2147483648
1071403742
1073741824
1071865295
2684354560
1071666572
536870912
1070693498
1073741824
1072226333
3221225472
1069896751
2147483648
1071123729
3221225472
1072043856
1610612736
1069194369
0
1068762754
0
1072331303
1610612736
1069182899
0
1072548473
536870912
1068959769
0
1072302816
3221225472
1067485308
0
1071840952
1610612736
1072491831
3221225472
1070105911
2147483648
1067657256
0
1070371197
0
1071800021
2684354560
1071882957
3221225472
1072650816
3221225472
1072452157
2684354560
1072626352
1610612736
1069727076
0
1071669495
2684354560
1069670527
2147483648
1071864344
0
1069211088
0
1070717520
3221225472
1072060401
2147483648
1070945960
1073741824
1072042039
2147483648
1071188441
2147483648
1068380144
0
1071661675
2684354560
1070178548
2147483648
1069771573
2147483648
1069971543
2147483648
1066102368
0
1071248935
2147483648
1070210663
2147483648
1070715308
3221225472
1067727468
0
1070787390
2147483648
1069025396
0
1072228045
536870912
1072248744
1073741824
1069270030
0
1072565477
536870912
1071600045
2147483648
1071378678
3221225472
1071748631
2147483648
1071625959
2147483648
1071461100
1073741824
1072693247
2684354560
70
