Uvec
2226355706
1070040675
2147483648
1062206208
0
1071613792
2147483648
1072231816
2684354560
1071173568
2147483648
1072022896
0
1072537348
1073741824
1071965859
3221225472
1063432544
0
1067743348
0
1072684281
1073741824
1070405836
0
1071100985
3221225472
1072632293
3221225472
1072483766
3221225472
1067179144
0
1072057340
536870912
1072383546
1073741824
1071991608
1610612736
1072173697
3758096384
1072314405
3221225472
1070929928
0
1069656148
0
1069862406
2147483648
1071384471
0
1072490747
1610612736
1068198854
0
1072587044
1610612736
1070667718
0
1070342112
2147483648
1065938896
0
1065039664
0
1072130827
0
1070754814
1073741824
1069509474
0
1072040455
2147483648
1069943805
0
1071104220
1073741824
1072227704
536870912
1069184477
0
1068392644
0
1071222929
1073741824
1068909247
0
1070598141
3221225472
1072188136
1610612736
1071472685
3221225472
1072645026
1610612736
1069499905
0
1071236245
1073741824
1070761996
0
1067430532
0
1069775792
2147483648
1072036309
536870912
1072393965
1073741824
1069794817
0
1071939779
0
1071101470
2147483648
1072018065
3221225472
1071248727
1073741824
1072620780
2147483648
1071696508
0
1070350248
2147483648
1070500010
0
1072619500
2147483648
1072219686
3221225472
1070790679
3221225472
1071518847
1073741824
1071993829
2684354560
1071837537
1610612736
1072653095
2147483648
1072535184
0
1072185046
1073741824
1071732423
2147483648
1070954707
0
1070669646
1073741824
1072522138
2684354560
1071906481
1073741824
1071719714
1073741824
1071815173
1073741824
1070834230
1073741824
1072552638
3221225472
1070080830
2147483648
1071640508
3221225472
1069326703
0
1071033798
2147483648
1070790994
2147483648
1070596402
0
1072221668
0
1068335538
0
1070437102
0
1070951016
3221225472
1071949603
2147483648
1072135438
2684354560
1071644288
2147483648
1072606086
3758096384
1070051919
2147483648
1072136005
1073741824
1069819103
0
1071461100
1073741824
1072693247
2684354560
88
