Uvec
2226355706
1072188013
0
1072665285
3758096384
1071910333
536870912
1072204323
3221225472
1071686744
3221225472
1071745798
3758096384
1069916303
0
1072334364
3758096384
1069938651
2147483648
1069514034
0
1072678447
1610612736
1070721106
0
1072066623
2147483648
1071244025
0
1071301527
2147483648
1071481818
1073741824
1071249427
0
1072243726
536870912
1071374707
1073741824
1072077372
3758096384
1072483584
536870912
1071249629
0
1071128659
1073741824
1071452262
1073741824
1071134705
2147483648
1070399729
2147483648
1071467666
0
1072684585
3221225472
1072100137
3221225472
1070764488
2147483648
1072659301
1610612736
1068306294
0
1071691392
0
1069440023
0
1068787392
0
1070255262
2147483648
1070947912
0
1070515353
2147483648
1067753982
0
1072166324
3221225472
1072307000
3221225472
1067700786
0
1068666430
0
1072467141
2684354560
1069928651
2147483648
1071548219
0
1071837523
3758096384
1067287972
0
1069420965
0
1070173220
0
1071289656
1073741824
1071067161
1073741824
1071850877
3758096384
1072516172
536870912
1071628750
2147483648
1067243960
0
1070245615
2147483648
1069929251
0
1067477182
0
1067702194
0
1070271911
0
1072436197
3221225472
1072320630
2147483648
1071205697
3221225472
1072116135
1610612736
1071968470
2684354560
1072619536
536870912
1072585111
0
1071362531
1073741824
1070451883
2147483648
1072391815
3758096384
1072293851
536870912
1070637760
2147483648
1070983085
3221225472
1071232723
2147483648
1070519926
2147483648
1071840909
3758096384
1067103608
0
1070306750
2147483648
1065469192
0
1071687858
536870912
1072035406
1610612736
1071917215
536870912
1070999023
1073741824
1072353074
536870912
1071067362
0
1072600104
1073741824
1070944311
0
1071535223
3221225472
1070119760
2147483648
1071417294
3221225472
1071774996
0
1061740928
0
1070464544
2147483648
1071931184
3758096384
1070785247
0
1072476764
3221225472
1072462116
0
1071461100
1073741824
1072693247
2684354560
53
