Uvec
2226355706
1069075569
0
1069449550
0
1072245920
2147483648
1072530618
3221225472
1070763167
2147483648
1072146261
536870912
1072177102
3221225472
1071672694
0
1071262670
2147483648
1069968546
0
1072029643
536870912
1063651520
0
1070637710
0
1070049870
2147483648
1072212932
2684354560
1072439170
2684354560
1072255742
0
1069563086
0
1066105832
0
1071582880
1073741824
1068695632
0
1072577906
2684354560
1070916935
3221225472
1072467745
2147483648
1072217317
2684354560
1071919897
2147483648
1071558644
2147483648
1071993241
2684354560
1072386793
0
1069738186
2147483648
1071918828
3221225472
1072320902
2147483648
1071499440
0
1067465532
0
1070332565
0
1072187558
1073741824
1072145567
3221225472
1072590683
2147483648
1070931481
0
1071385075
0
1069964869
2147483648
1072246780
1610612736
1072154543
536870912
1066140264
0
1070281628
0
1070916167
2147483648
1071438315
0
1072380374
3221225472
1072511230
536870912
1070183574
2147483648
1070173295
0
1068425022
0
1071595767
3221225472
1069606445
2147483648
1072463670
0
1071227185
3221225472
1071480041
1073741824
1071749166
3221225472
1071206762
1073741824
1068745208
0
1067945486
0
1072677660
0
1072485005
1610612736
1069561877
2147483648
1071259915
1073741824
1071012922
1073741824
1072237979
3221225472
1071810766
3221225472
1070979458
1073741824
1071764770
1610612736
1069279500
0
1072484094
1073741824
1067295724
0
1069675406
0
1071298651
1073741824
1071430834
2147483648
1072609044
1073741824
1068568264
0
1071172503
2147483648
1072002747
536870912
1066574060
0
1069006015
0
1071029159
3221225472
1071524635
2147483648
1072399754
1073741824
1070043332
0
1071857870
3221225472
1067743048
0
1072501362
3758096384
1072552890
536870912
1072507122
3221225472
1069803659
0
1069673372
0
1071951136
1610612736
1072394563
3758096384
1070245867
0
1071787768
2147483648
1071802697
536870912
1071461100
1073741824
1072693247
2684354560
85
