Uvec
2226355706
1068677520
0
1070746772
0
1072076821
0
1070732870
0
1071924960
536870912
1069787470
2147483648
1071094826
1073741824
1071175243
2147483648
1069401641
0
1071405978
3221225472
1072371476
2147483648
1072481777
1073741824
1071442985
2147483648
1072184296
0
1070470190
2147483648
1072638881
3221225472
1072451036
1610612736
1072021390
1610612736
1071980170
536870912
1072302220
3758096384
1069864028
0
1070247919
2147483648
1071665290
1073741824
1069073144
0
1071091962
1073741824
1072173810
3221225472
1070743205
3221225472
1071516151
2147483648
1071778001
3221225472
1071833169
3221225472
1071614417
2147483648
1071772327
2684354560
1072471895
2684354560
1069309186
0
1070124247
0
1069143206
0
1069235058
0
1069691034
0
1071682960
0
1070641995
1073741824
1072085156
3221225472
1070830891
0
1071766722
1610612736
1072644545
1610612736
1071123553
2147483648
1072109000
1073741824
1071844191
1073741824
1072246858
2147483648
1071697789
0
1072060925
2684354560
1069765017
0
1068571407
0
1066455716
0
1072191243
3221225472
1072349500
3758096384
1069378929
0
1071573613
0
1071651030
3221225472
1072342501
1073741824
1070864991
1073741824
1069033900
0
1069677714
0
1072371999
536870912
1072231113
2147483648
1072130915
1073741824
1072615997
3758096384
1069227396
0
1072668765
0
1071811896
3758096384
1071989287
0
1072615583
1073741824
1066640092
0
1072682524
1610612736
1072345733
1610612736
1072012148
2684354560
1071493763
0
1071190071
3221225472
1067060800
0
1071118763
0
1070948626
0
1071903264
1610612736
1069897407
0
1072316860
536870912
1069614899
2147483648
1070254805
2147483648
1071833721
2684354560
1070506340
0
1071909405
2684354560
1072006793
2147483648
1071880600
3221225472
1069136127
0
1070209884
0
1072256750
536870912
1071056354
2147483648
1067791968
0
1070310165
0
1064309936
0
1071228422
2147483648
1071461100
1073741824
1072693247
2684354560
68
