Uvec
2226355706
1072316467
2147483648
1072498784
1610612736
1071080833
3221225472
1071193909
3221225472
1071786293
0
1069932153
0
1072340136
1073741824
1072194574
1073741824
1070685011
0
1072682030
3758096384
1072090786
0
1072449943
1073741824
1072626446
1073741824
1072336187
2147483648
1071970274
2147483648
1072300164
1610612736
1072546840
3221225472
1072330583
1073741824
1071846856
536870912
1071659204
0
1071828750
3758096384
1072466812
2147483648
1072442641
536870912
1067220540
0
1071476521
0
1072001017
2147483648
1072192729
536870912
1070205923
2147483648
1070323979
2147483648
1065660080
0
1071695165
2147483648
1071379246
2147483648
1068838787
0
1070890778
2147483648
1072338486
536870912
1069399934
0
1071989916
1073741824
1071496472
2147483648
1065462808
0
1071534324
1073741824
1072662913
1610612736
1071701474
3758096384
1071210167
2147483648
1071688783
2684354560
1070259346
0
1071184108
2147483648
1070284441
2147483648
1071967902
1610612736
1071352700
3221225472
1071343186
1073741824
1071882337
1073741824
1072195423
3221225472
1071670639
3221225472
1072631395
2147483648
1072054547
536870912
1072471160
2684354560
1067737518
0
1069479323
0
1071763853
3758096384
1072390139
3221225472
1070258201
0
1070555919
2147483648
1071021317
2147483648
1071521192
0
1070922752
3221225472
1069874493
2147483648
1070761108
2147483648
1072330905
2684354560
1068655829
0
1071185240
0
1070304225
2147483648
1072634221
2147483648
1068598803
0
1072076641
1073741824
1069854199
0
1072649011
3221225472
1071889996
2684354560
1072245155
536870912
1071581098
1073741824
1068093396
0
1069706139
2147483648
1071974133
3221225472
1069740417
2147483648
1071902551
0
1068042726
0
1071910137
1610612736
1069709520
2147483648
1071649848
536870912
1072219499
0
1071479343
2147483648
1072215473
2684354560
1072084906
1073741824
1071153380
3221225472
1069746688
2147483648
1070813844
0
1072040828
536870912
1072483863
0
1072265407
0
1071461100
1073741824
1072693247
2684354560
54
