Uvec
2226355706
1069619689
0
1070726357
1073741824
1069075059
0
1071204264
3221225472
1072562923
3758096384
1072169803
2147483648
1071767328
3221225472
1072622784
3758096384
1071077260
2147483648
1072496659
3758096384
1067442112
0
1071370766
2147483648
1072147981
1610612736
1069740510
2147483648
1071721785
536870912
1072376246
1073741824
1069753675
0
1070130703
2147483648
1071757922
0
1071732942
1073741824
1072106278
536870912
1069660830
2147483648
1072179636
536870912
1070526805
0
1072157620
536870912
1067544976
0
1071919779
0
1069269016
0
1072143984
3221225472
1070847615
1073741824
1069360388
0
1072470429
3758096384
1070115199
0
1071689976
2684354560
1071098167
0
1072261841
2147483648
1072185756
3221225472
1068956460
0
1072384824
1610612736
1068549049
0
1070874302
0
1067066132
0
1071589206
3221225472
1070752967
0
1066889968
0
1070426690
0
1072152797
3221225472
1068281600
0
1071788991
1610612736
1072101252
1073741824
1071879250
2147483648
1072291760
1610612736
1072136768
1610612736
1069267648
0
1072402581
3758096384
1071226367
0
1071763964
0
1065809752
0
1070961942
3221225472
1072067212
1610612736
1072420966
0
1069802863
2147483648
1072591597
3758096384
1071015751
2147483648
1069993621
2147483648
1071887286
1073741824
1072535066
1073741824
1071175071
0
1067274612
0
1071405594
2147483648
1072400350
3221225472
1069135856
0
1072650356
2147483648
1070736238
1073741824
1071477478
2147483648
1072448794
2147483648
1072107520
2147483648
1071718953
1073741824
1069430448
0
1071160574
3221225472
1072524875
1073741824
1069092289
0
1072579553
1610612736
1071174233
1073741824
1070952077
3221225472
1071830273
2147483648
1069183296
0
1071570246
2147483648
1072358920
3221225472
1071794168
536870912
1071664633
3221225472
1070798872
3221225472
1072661882
2147483648
1071138417
0
1072339004
3221225472
1071253764
0
1072263375
3221225472
1070902398
1073741824
1071461100
1073741824
1072693247
2684354560
38
