Uvec
2226355706
1072238464
3221225472
1072450905
3221225472
1072422173
536870912
1071781000
0
1071689688
3758096384
1071623085
1073741824
1069610888
2147483648
1071441118
3221225472
1072371942
1073741824
1072689844
2684354560
1069201111
0
1070837827
2147483648
1072513228
2684354560
1072437223
2684354560
1072577325
3221225472
1071292982
1073741824
1071125200
1073741824
1072663784
536870912
1072686996
2147483648
1071819211
3758096384
1072070440
0
1071898891
0
1071946424
0
1068689560
0
1070715766
3221225472
1071508687
1073741824
1068667912
0
1072679691
536870912
1072610590
0
1071650250
2147483648
1072474558
536870912
1071257038
0
1072065110
2147483648
1070779323
0
1072668443
1073741824
1067757490
0
1068275404
0
1071570544
0
1071881924
0
1070047400
0
1072580264
536870912
1071550590
3221225472
1072057884
3758096384
1072585435
0
1072482125
3221225472
1070654596
1073741824
1071473698
2147483648
1072262397
2684354560
1071039126
1073741824
1070658952
3221225472
1072008841
3758096384
1071953804
2684354560
1071884118
3221225472
1071931667
2684354560
1072257481
536870912
1070805464
1073741824
1072689472
536870912
1069781219
2147483648
1071170846
0
1069479286
0
1069896436
0
1071848403
2684354560
1070943939
0
1071782745
3221225472
1071884787
1073741824
1072597402
3221225472
1072600731
3758096384
1071411315
3221225472
1072045716
2147483648
1067295040
0
1072625224
3221225472
1067740850
0
1072004677
1073741824
1071012756
3221225472
1072580254
2147483648
1072597014
1610612736
1070786197
3221225472
1070674257
3221225472
1072162966
2147483648
1072045695
3221225472
1072400509
3758096384
1071344286
1073741824
1072151590
1610612736
1072521797
2147483648
1069927439
2147483648
1071161627
2147483648
1070992982
1073741824
1072550919
3221225472
1070601136
3221225472
1071786772
3221225472
1071122964
0
1072419451
0
1072419554
2684354560
1071952075
1610612736
1069008120
0
1071388605
1073741824
1071297501
2147483648
1070723975
0
1071461100
1073741824
1072693247
2684354560
58
