Uvec
2226355706
1069113996
0
1072384111
2684354560
1072142634
1610612736
1070644056
3221225472
1071131291
3221225472
1070556018
0
1072332417
1610612736
1072521127
3758096384
1071888260
3221225472
1072479044
536870912
1068087464
0
1072199777
1610612736
1072090746
1073741824
1071735765
2147483648
1070079016
0
1070751935
3221225472
1071194463
2147483648
1072494728
536870912
1070923746
0
1068956140
0
1069830749
2147483648
1068593256
0
1072180536
3221225472
1066149128
0
1072115673
3221225472
1070018402
2147483648
1069981222
2147483648
1072578285
536870912
1071929942
2147483648
1071427765
2147483648
1071942366
0
1068812042
0
1071842916
3221225472
1072638730
2684354560
1067887580
0
1072516039
1610612736
1072322161
1610612736
1071659232
3221225472
1066505012
0
1072313507
2684354560
1072605574
0
1071152853
0
1070164205
0
1072444846
2147483648
1070989524
2147483648
1069742858
0
1072350550
3221225472
1072671168
536870912
1069006101
0
1072491649
536870912
1072359118
1610612736
1071580552
3221225472
1072538751
1073741824
1071741703
536870912
1072303017
0
1071690306
0
1071213900
2147483648
1072250931
1610612736
1072580588
1073741824
1070574067
0
1072204616
2684354560
1071261546
0
1072445218
0
1071741256
536870912
1062495744
0
1072673465
0
1072562891
1073741824
1071460300
0
1071753609
0
1071059840
2147483648
1071321619
1073741824
1069138849
0
1072531216
2684354560
1071777905
536870912
1072014182
1610612736
1072340515
0
1071943951
1073741824
1072092675
3221225472
1072209797
0
1070786152
0
1072210799
3221225472
1072426567
536870912
1072115730
2147483648
1071978155
1073741824
1072387180
2147483648
1071710939
1610612736
1071125896
1073741824
1070926133
0
1069591432
2147483648
1071055836
2147483648
1066296472
0
1069774482
2147483648
1072019455
2684354560
1072163545
1610612736
1071596494
0
1072688117
3221225472
1069763313
2147483648
1072690543
536870912
1071461100
1073741824
1072693247
2684354560
54
