Uvec
2226355706
1072013055
536870912
1067680230
0
1070983014
1073741824
1072040000
2684354560
1072377586
536870912
1072195134
0
1070786121
0
1070720451
2147483648
1072335737
2147483648
1070721549
0
1068310060
0
1072286949
2147483648
1072363795
1073741824
1071048124
1073741824
1069889388
0
1071449846
1073741824
1071509420
3221225472
1072313875
3758096384
1071758619
3758096384
1069814167
2147483648
1072361376
536870912
1069079155
0
1062165888
0
1072159169
2684354560
1071730479
0
1070625763
0
1069288075
0
1071744779
2684354560
1072665418
3221225472
1070908812
1073741824
1071161588
0
1069237415
0
1070809852
2147483648
1070722441
1073741824
1070352865
0
1065558496
0
1071238515
3221225472
1070787874
2147483648
1067119780
0
1071340769
3221225472
1072509270
2684354560
1072362493
1610612736
1069657132
0
1070158159
2147483648
1066971648
0
1071020083
2147483648
1071280828
0
1068723673
0
1072671958
2684354560
1072083865
1610612736
1072018974
0
1071335076
1073741824
1072673365
2147483648
1069696937
2147483648
1072173765
3758096384
1072348079
2684354560
1072674643
2147483648
1066956680
0
1071765271
2684354560
1068628325
0
1072038022
3758096384
1072636780
3758096384
1072088558
536870912
1067260324
0
1072029009
1073741824
1070258398
0
1065226336
0
1072505040
2147483648
1064634672
0
1072234120
536870912
1072340692
1073741824
1066664632
0
1068631996
0
1070033901
0
1072600786
3221225472
1070665735
3221225472
1071575007
2147483648
1070621154
3221225472
1071937200
3758096384
1072500884
536870912
1072080355
1073741824
1072216166
1610612736
1072555177
3758096384
1071282159
2147483648
1072009930
3221225472
1070813608
0
1070427081
0
1070145825
2147483648
1072192213
536870912
1070917533
0
1072617783
0
1071740532
3758096384
1070253392
2147483648
1069017713
0
1072675528
3758096384
1070695537
2147483648
1072208373
536870912
1071328372
3221225472
1071461100
1073741824
1072693247
2684354560
69
