Uvec
2226355706
1072248342
1073741824
1071418661
1073741824
1072009182
2147483648
1071245432
1073741824
1069889825
0
1071174063
3221225472
1072368434
2147483648
1068359830
0
1071777681
1610612736
1068357364
0
1072434208
2684354560
1072595856
3221225472
1072228134
536870912
1071587919
0
1071863942
2684354560
1070469206
2147483648
1072574267
0
1071724623
0
1072509212
3758096384
1072241697
2147483648
1071988036
3758096384
1071836774
3758096384
1071668771
3758096384
1072363877
1610612736
1071109481
0
1070951572
3221225472
1069999930
2147483648
1070070510
0
1072238384
3758096384
1072062655
1073741824
1071671539
1610612736
1071124736
0
1070606287
3221225472
1070623654
3221225472
1068680492
0
1069810390
0
1072026454
3758096384
1071905547
536870912
1071862268
536870912
1071103633
0
1072073249
3221225472
1072398442
1610612736
1068313942
0
1072659567
1610612736
1072060817
1610612736
1071252522
3221225472
1071871092
536870912
1071262994
2147483648
1072301970
3758096384
1072415888
3221225472
1072512841
3221225472
1070170210
0
1072671028
2147483648
1072155423
2147483648
1068178008
0
1071784325
1610612736
1072692765
0
1072344276
1610612736
1071781168
2147483648
1071132707
2147483648
1071419127
1073741824
1071518179
1073741824
1072405094
2684354560
1072603998
3758096384
1068552391
0
1071972184
1610612736
1070689835
0
1069197578
0
1072539316
1610612736
1071592452
0
1070637528
3221225472
1071613814
2147483648
1072096964
2684354560
1072003330
1073741824
1070517193
0
1072272779
0
1070138205
2147483648
1071803387
1073741824
1070462354
2147483648
1071987979
536870912
1072422137
536870912
1069460080
0
1071585845
2147483648
1071005587
1073741824
1072241370
1610612736
1072454341
3221225472
1071798423
1073741824
1072460365
2684354560
1069084787
0
1071165139
2147483648
1070039206
0
1071096457
1073741824
1071054080
0
1072319056
536870912
1071362510
1073741824
1071908218
0
1071642753
1073741824
1070878124
3221225472
1071461100
1073741824
1072693247
2684354560
90
