Uvec
2226355706
1072476365
3221225472
1072003122
3221225472
1072350612
1610612736
1071683515
3758096384
1072153030
1073741824
1072434919
0
1069390420
0
1071980827
2147483648
1070125439
2147483648
1072244454
3221225472
1071273137
2147483648
1065858648
0
1070621422
0
1069576315
0
1072653083
2684354560
1068898830
0
1070776653
3221225472
1068945070
0
1072635354
2684354560
1069080325
0
1071751744
0
1070096817
2147483648
1067787346
0
1070561547
0
1072280146
3221225472
1072006509
3758096384
1071369053
2147483648
1071930506
3221225472
1071666386
1073741824
1065619784
0
1072664479
3221225472
1071236628
2147483648
1072092605
3221225472
1070500559
0
1069683549
0
1071125370
1073741824
1071792291
2147483648
1072453031
1073741824
1070671162
1073741824
1071314384
0
1072054148
1610612736
1072690101
1610612736
1072441736
2147483648
1072559383
3221225472
1071869936
2684354560
1071840016
1073741824
1071632808
1073741824
1067730112
0
1071801379
2684354560
1072351460
0
1072501553
2147483648
1070916138
3221225472
1071418176
2147483648
1072482537
0
1072467664
2147483648
1072655865
536870912
1070024521
2147483648
1066183704
0
1070439141
2147483648
1069339907
0
1070881013
2147483648
1072342234
1610612736
1072009010
0
1072668486
2147483648
1070862140
2147483648
1071066134
0
1071779077
1073741824
1070330842
0
1072263349
2147483648
1071878804
1610612736
1071517931
0
1070678240
1073741824
1070712443
3221225472
1070465757
0
1070909117
2147483648
1072584233
0
1071276988
0
1064063776
0
1072081217
3221225472
1068525328
0
1072395319
1073741824
1071716905
0
1068311282
0
1071949378
2147483648
1071919063
3221225472
1070172657
0
1072013048
0
1072269282
1610612736
1071132813
1073741824
1070424285
0
1071467214
2147483648
1071069083
1073741824
1072102151
2147483648
1072625242
2684354560
1070783863
3221225472
1071963372
1073741824
1072623425
1073741824
1070378465
0
1071461100
1073741824
1072693247
2684354560
13
