Uvec
2226355706
1072091605
2684354560
1071981424
1073741824
1072021999
3758096384
1071256752
0
1072169987
0
1070907419
2147483648
1071790835
1610612736
1072157518
2147483648
1072185142
536870912
1071954994
2684354560
1071706629
1073741824
1067182696
0
1072611677
3221225472
1070610489
0
1072671677
0
1071803676
2684354560
1072082977
3221225472
1072332328
1610612736
1068702339
0
1067157680
0
1070998089
0
1071925153
2147483648
1069975326
2147483648
1069608811
0
1071920417
1610612736
1071686669
1073741824
1070320735
2147483648
1072659096
1610612736
1069552667
0
1071046010
2147483648
1066729372
0
1068906792
0
1070686725
1073741824
1068380352
0
1068695553
0
1071310766
2147483648
1071697252
2147483648
1072189885
1610612736
1072133838
2147483648
1072416278
536870912
1070812383
2147483648
1068079518
0
1072009140
3758096384
1071778635
3221225472
1070882166
2147483648
1071830974
2147483648
1070662473
2147483648
1071714173
1073741824
1072394325
3221225472
1071909798
2684354560
1071915574
536870912
1067823382
0
1071524554
0
1072140826
3758096384
1071938705
3221225472
1072248330
3221225472
1071203449
3221225472
1072294412
0
1071638892
1073741824
1070641385
2147483648
1070331353
2147483648
1066981108
0
1068579780
0
1071346001
3221225472
1072058496
2147483648
1070439337
0
1070805984
2147483648
1071097401
0
1071609452
3221225472
1071140020
1073741824
1072620861
1610612736
1071468733
1073741824
1071029922
0
1070821796
1073741824
1072064616
536870912
1071892376
0
1070631478
3221225472
1070769385
2147483648
1072206409
2147483648
1070366203
2147483648
1071386302
1073741824
1071990855
2684354560
1070069642
2147483648
1072363301
2147483648
1071254530
0
1070432382
0
1072008238
3758096384
1066113192
0
1070935051
2147483648
1069596779
2147483648
1072329885
536870912
1070623857
1073741824
1071489831
1073741824
1071670670
2684354560
1066556744
0
1072634378
536870912
1072168434
3758096384
1071701902
3758096384
1071461100
1073741824
1072693247
2684354560
35
