Uvec
2226355706
1072674232
3221225472
1071748141
2147483648
1069589808
2147483648
1071231431
1073741824
1070718512
2147483648
1064480864
0
1070483705
2147483648
1069818970
2147483648
1072109991
0
1072571903
3758096384
1071916487
0
1072138723
1073741824
1070843214
1073741824
1070372817
2147483648
1070347534
2147483648
1068658036
0
1071855564
1610612736
1070009643
0
1071645517
1610612736
1067119724
0
1066592904
0
1069737265
0
1071355726
3221225472
1069662145
2147483648
1071356289
3221225472
1071795765
536870912
1072476308
0
1068391990
0
1067465334
0
1072165891
0
1070600060
0
1070852865
2147483648
1070817232
2147483648
1071903384
3221225472
1070503551
0
1071978655
2684354560
1072517977
2147483648
1070787014
3221225472
1071222554
3221225472
1069975837
0
1072348867
3221225472
1072314194
0
1072298381
1073741824
1072233431
2684354560
1071160198
2147483648
1071705128
3221225472
1071020878
1073741824
1070953753
2147483648
1070733942
1073741824
1071768198
2684354560
1069512960
0
1071523908
0
1071882614
1610612736
1070056215
2147483648
1071226170
2147483648
1069395760
0
1071958298
2684354560
1072537889
536870912
1071903538
3758096384
1072033935
1610612736
1068736942
0
1071715528
536870912
1070209349
2147483648
1071911603
3221225472
1072421885
2147483648
1071570242
2147483648
1071323211
1073741824
1061635584
0
1071146739
3221225472
1071987024
2684354560
1070015923
2147483648
1072271509
536870912
1071936435
1610612736
1071767172
3758096384
1069788009
2147483648
1071278876
2147483648
1071217737
1073741824
1071758714
536870912
1065330768
0
1068613660
0
1071607569
0
1070139071
0
1072117374
536870912
1072302507
3758096384
1072276837
0
1072267733
1610612736
1070387850
0
1071777583
1610612736
1069986694
2147483648
1071999251
1073741824
1072535098
3758096384
1072192934
1073741824
1072064471
2684354560
1070851267
0
1070972866
0
1072401177
0
1072470888
2684354560
1072020528
536870912
1071461100
1073741824
1072693247
2684354560
28
