Uvec
2226355706
1071809388
2147483648
1071559363
0
1068282918
0
1070557908
2147483648
1071650815
3221225472
1069046594
0
1070706903
3221225472
1072041844
3221225472
1072341280
2684354560
1071468449
1073741824
1071479040
0
1070631482
2147483648
1072247807
3758096384
1072058169
2147483648
1072281161
1073741824
1070834668
3221225472
1072417912
536870912
1072121585
536870912
1071652245
0
1072202573
1073741824
1072517977
2147483648
1070746557
3221225472
1072500552
2147483648
1072590859
1610612736
1072319091
536870912
1072610900
536870912
1072652955
3221225472
1072253850
0
1072052148
2684354560
1071210273
1073741824
1071007373
0
1072584427
1073741824
1071575685
1073741824
1069942103
0
1068023692
0
1071778288
1610612736
1070061375
0
1072214553
0
1072271380
3221225472
1072263808
1073741824
1067925210
0
1071059738
3221225472
1072585064
2684354560
1071950303
3758096384
1072005212
2147483648
1066737632
0
1072543302
1610612736
1064942096
0
1072553684
536870912
1069721100
2147483648
1070978871
1073741824
1072682589
3758096384
1069585915
0
1071842734
1610612736
1072184911
1610612736
1072023454
3221225472
1071463139
0
1069714328
2147483648
1071450862
2147483648
1071967732
3758096384
1072011197
3758096384
1070285982
2147483648
1068628526
0
1069852133
2147483648
1072503909
3221225472
1072389472
1610612736
1072127137
1073741824
1066842220
0
1069439360
0
1069321506
0
1070378097
2147483648
1071776040
0
1072687050
0
1070507111
2147483648
1069569275
2147483648
1072332403
2147483648
1070669641
3221225472
1067100592
0
1066893908
0
1066639152
0
1072299628
536870912
1071511930
3221225472
1071634251
3221225472
1071312178
3221225472
1072154005
1073741824
1071950528
536870912
1071770438
1610612736
1070623434
0
1071913576
0
1070699457
3221225472
1071178031
3221225472
1070932443
0
1072657026
2147483648
1071902919
2147483648
1072063910
2684354560
1070668781
2147483648
1072495350
2147483648
1069839315
0
1071461100
1073741824
1072693247
2684354560
28
