Uvec
2226355706
1071674921
1610612736
1068710721
0
1071974540
1610612736
1071485685
3221225472
1070157369
2147483648
1072219897
3221225472
1071906764
3758096384
1071193671
0
1072372616
3221225472
1072409325
2147483648
1071436298
1073741824
1070140928
2147483648
1072038617
536870912
1070939424
0
1072245287
2684354560
1069335623
0
1069792481
0
1068849660
0
1071573971
2147483648
1072495383
3758096384
1072141758
3221225472
1071938026
1073741824
1069063816
0
1071745143
536870912
1071788044
1073741824
1072267545
2147483648
1071732778
0
1068737890
0
1071676113
3758096384
1070625786
3221225472
1071678251
2684354560
1072494652
1073741824
1064008640
0
1072398721
3758096384
1071850195
2147483648
1067431204
0
1072418440
3758096384
1071038939
1073741824
1071266768
2147483648
1072591932
3221225472
1068575904
0
1072471035
2147483648
1071642293
0
1071830670
0
1070465968
2147483648
1066982912
0
1070911459
2147483648
1072443690
536870912
1069794223
0
1070033086
2147483648
1071746604
536870912
1072387286
1610612736
1072502135
3758096384
1072603028
0
1071632002
2147483648
1070640285
0
1072261772
536870912
1072105435
3221225472
1072603710
0
1069480324
0
1069995399
2147483648
1070961240
0
1072135998
1073741824
1070446644
2147483648
1069726153
0
1069297781
0
1068874308
0
1072461394
3758096384
1072310577
2684354560
1070828243
3221225472
1072197022
536870912
1071981864
3758096384
1071925284
2147483648
1070462992
0
1067455294
0
1071669516
0
1071319584
0
1072314696
3758096384
1071318243
3221225472
1070859128
3221225472
1070852213
0
1072496660
1610612736
1068742884
0
1070654184
3221225472
1069460201
0
1071275751
2147483648
1071582618
2147483648
1071098966
0
1070909260
0
1071294922
0
1072450226
3758096384
1069585232
2147483648
1071652725
1610612736
1072356262
2684354560
1067731154
0
1067336384
0
1072479584
0
1071942258
0
1071461100
1073741824
1072693247
2684354560
49
