Uvec
2226355706
1071486883
3221225472
1072617981
1610612736
1071063384
3221225472
1072172564
3221225472
1072638269
0
1069840655
2147483648
1071652777
0
1072235557
2147483648
1070342434
2147483648
1071043992
0
1069515248
0
1071750195
1610612736
1071683966
2147483648
1072373368
2684354560
1069500843
0
1071393511
0
1071729899
1073741824
1072508202
2684354560
1072161772
2684354560
1069751980
0
1072010261
3758096384
1072296452
0
1071006033
1073741824
1070545786
2147483648
1071757224
2147483648
1071890479
2684354560
1071089011
2147483648
1070706807
2147483648
1071763956
1073741824
1072216548
536870912
1071283012
3221225472
1071752665
1610612736
1071208982
0
1069583152
0
1071681726
1610612736
1072629705
536870912
1068534638
0
1072372739
2147483648
1069451084
0
1072087246
2684354560
1072542077
1073741824
1071083656
0
1070627878
3221225472
1071404035
0
1071764028
2147483648
1070888785
3221225472
1070240809
0
1072592180
1610612736
1072559774
3758096384
1070813938
2147483648
1065769496
0
1071541106
1073741824
1069972254
2147483648
1072140842
3758096384
1068375878
0
1072520221
536870912
1070656255
0
1072458385
1073741824
1069520334
0
1071824438
2147483648
1068064554
0
1072478953
536870912
1063862336
0
1071681508
536870912
1070944065
3221225472
1071409651
2147483648
1070339309
0
1069246265
0
1071060665
0
1071470917
3221225472
1071949298
1610612736
1070075389
2147483648
1070818689
0
1072315848
2147483648
1071215085
3221225472
1072430089
1073741824
1071843470
3758096384
1072386942
2147483648
1071360206
3221225472
1068155196
0
1071676227
2147483648
1071942430
3221225472
1071305019
3221225472
1072527461
536870912
1072407523
1073741824
1070304738
0
1072223190
2147483648
1071492952
2147483648
1071943201
0
1071544221
3221225472
1072474416
2684354560
1068529633
0
1071371686
0
1068762470
0
1070603119
2147483648
1072145248
3758096384
1072658732
1073741824
1072632847
3758096384
1071461100
1073741824
1072693247
2684354560
69
