Uvec
2226355706
1071283290
1073741824
1071889332
0
1069776907
0
1072162890
3221225472
1071755044
3758096384
1071655241
3758096384
1071675347
1073741824
1071658620
0
1072667020
3758096384
1072140650
0
1072132705
0
1071814085
3221225472
1071585174
2147483648
1071940418
2147483648
1072642809
2684354560
1072110717
2684354560
1070696914
0
1072284257
3758096384
1072569287
536870912
1071354189
0
1072406420
3221225472
1072368720
3221225472
1071895549
3758096384
1072005185
3221225472
1071761217
536870912
1072266847
3758096384
1070835816
0
1072349251
1073741824
1071961047
0
1072305757
1610612736
1071096846
0
1070895305
2147483648
1069380885
0
1070977454
0
1072302590
2684354560
1072470421
2147483648
1069893210
2147483648
1071991734
0
1070475364
2147483648
1071533823
3221225472
1072323976
2147483648
1072106521
536870912
1069651203
2147483648
1070627462
3221225472
1072114972
536870912
1072123928
3221225472
1070877979
3221225472
1072128975
3221225472
1070786239
2147483648
1070914616
2147483648
1072610992
3758096384
1070258860
0
1072078235
2684354560
1071828017
1610612736
1072164823
2147483648
1071938839
3221225472
1070811936
0
1071075722
1073741824
1071964980
3221225472
1072417396
0
1072364603
2147483648
1070800928
3221225472
1072245218
2147483648
1069971520
2147483648
1072122526
1073741824
1072183893
2684354560
1071754149
536870912
1071693348
2147483648
1069628880
2147483648
1072469777
2684354560
1071817271
2684354560
1072235930
2684354560
1071872325
1610612736
1072028613
0
1071882886
1610612736
1072661753
0
1072318281
536870912
1070336000
2147483648
1072598925
2684354560
1071691630
2147483648
1072260609
1073741824
1071231243
3221225472
1071743897
0
1068433360
0
1071680996
0
1067751974
0
1072431163
0
1069432415
0
1072022703
536870912
1069716839
2147483648
1072653244
0
1072087273
2147483648
1071850737
1073741824
1067826392
0
1071985450
1073741824
1071449359
1073741824
1072334683
2147483648
1065687272
0
1071461100
1073741824
1072693247
2684354560
22
