Uvec
2226355706
1069744040
2147483648
1072458433
3221225472
1070273003
2147483648
1069434247
0
1070171981
0
1072477086
536870912
1072010073
3758096384
1072237127
536870912
1072013613
1610612736
1071959764
3221225472
1072029731
2684354560
1072276895
536870912
1069877004
2147483648
1070715499
3221225472
1072013665
1073741824
1070616079
0
1071845126
0
1071004640
3221225472
1071163304
2147483648
1071180216
0
1072092635
3758096384
1072449045
1073741824
1071019997
2147483648
1070727368
2147483648
1068927157
0
1071978471
2684354560
1072305697
3758096384
1072634164
0
1072674154
2684354560
1070101561
2147483648
1070469477
2147483648
1071052222
0
1070709650
3221225472
1072093982
0
1072629751
0
1069613119
2147483648
1072015308
536870912
1071869784
1610612736
1071257902
3221225472
1071241137
0
1071682533
3758096384
1072224098
536870912
1072650442
2147483648
1068568629
0
1072557250
3758096384
1070800364
0
1072440316
3221225472
1070692336
1073741824
1072169615
1073741824
1070995995
0
1071612847
3221225472
1070990000
3221225472
1071022336
3221225472
1072422921
1073741824
1071555191
2147483648
1069630087
0
1069031306
0
1071503888
1073741824
1069714372
2147483648
1070939700
0
1072274680
3758096384
1072387305
2684354560
1071227570
3221225472
1072240755
0
1070561923
0
1071954266
536870912
1070176101
0
1071422819
0
1067839866
0
1069549177
0
1072204310
2684354560
1071862108
536870912
1072065918
1073741824
1072275521
3221225472
1071703680
2684354560
1070523316
2147483648
1071562049
1073741824
1070777920
2147483648
1068496582
0
1072369833
0
1069226399
0
1071294649
1073741824
1072307965
0
1071901947
3221225472
1071580289
3221225472
1070684884
2147483648
1072215607
3221225472
1070472734
0
1070443606
0
1072269526
1610612736
1069870618
0
1070907039
1073741824
1070976336
0
1071296726
1073741824
1070744825
2147483648
1072357462
2147483648
1072311244
3221225472
1072352529
536870912
1071461100
1073741824
1072693247
2684354560
39
