Uvec
2226355706
1070948468
2147483648
1072558711
2147483648
1071555042
1073741824
1070781630
0
1072079720
3758096384
1072206342
2684354560
1069260328
0
1072022529
2147483648
1067117072
0
1071980151
2147483648
1072243622
2684354560
1071654703
3221225472
1072071261
2147483648
1069424478
0
1072264149
3758096384
1071022611
0
1062840512
0
1072376580
1610612736
1069098769
0
1070958562
2147483648
1072247146
1610612736
1070989741
2147483648
1071111566
3221225472
1071437416
2147483648
1072102556
2147483648
1071712649
2147483648
1071410894
1073741824
1072440898
3221225472
1072350958
1073741824
1070957718
1073741824
1071337340
0
1070113354
2147483648
1068879266
0
1070097074
2147483648
1072293767
3758096384
1072460266
3758096384
1070308397
0
1069091962
0
1072629987
1073741824
1072263892
1073741824
1070708314
3221225472
1070502686
2147483648
1071846545
2684354560
1069641662
0
1070993603
2147483648
1070915738
0
1070117434
2147483648
1067256920
0
1069787587
0
1070759560
3221225472
1069640581
0
1072613687
3221225472
1072288479
1610612736
1067939722
0
1072626618
3758096384
1072666276
1610612736
1071683248
2147483648
1070498791
2147483648
1071284190
3221225472
1071334474
1073741824
1072304244
3758096384
1072153115
0
1070360867
0
1070970357
0
1071604034
3221225472
1072012079
1073741824
1072417386
3221225472
1071439215
0
1071667376
1073741824
1072135328
536870912
1070826549
1073741824
1064136608
0
1071639599
3221225472
1068852812
0
1068633751
0
1071740079
2684354560
1071682661
536870912
1072515205
536870912
1067680910
0
1072060715
2147483648
1071205354
3221225472
1071830203
3758096384
1072167322
3758096384
1072252047
0
1069644894
2147483648
1071871216
3221225472
1069671206
0
1070248798
0
1072485667
1610612736
1072474005
1610612736
1072533820
2147483648
1071921192
2147483648
1072516577
1073741824
1071843659
1610612736
1071351701
3221225472
1069612988
0
1072358301
2147483648
1072601152
1073741824
1071461100
1073741824
1072693247
2684354560
0
