Uvec
2226355706
1070203631
0
1072300666
2684354560
1066725560
0
1071235052
3221225472
1072222970
2147483648
1070637799
2147483648
1072458112
3758096384
1069714085
0
1069838250
0
1071350619
3221225472
1072583512
536870912
1071741782
2684354560
1072492443
1073741824
1066025024
0
1072484422
3758096384
1069742115
2147483648
1072375102
2147483648
1072603933
2147483648
1069313490
0
1072046671
536870912
1072152524
2147483648
1072416912
536870912
1071039181
0
1068972202
0
1072556029
2147483648
1070984738
1073741824
1072527225
0
1069006474
0
1069826677
2147483648
1071422778
0
1069331509
0
1071859748
2684354560
1071315731
2147483648
1071683978
2684354560
1072308300
3221225472
1072208311
3221225472
1069045663
0
1072200464
0
1071901235
0
1072510509
2684354560
1071801292
3758096384
1070734632
1073741824
1071721999
536870912
1072545400
3221225472
1072000700
2147483648
1072391788
2147483648
1069267730
0
1071864031
1610612736
1072451231
2147483648
1072193524
1073741824
1071603689
1073741824
1070204138
0
1072304247
0
1072255505
3221225472
1068646923
0
1069868443
2147483648
1067554866
0
1072078744
2147483648
1070676680
1073741824
1070886824
1073741824
1072080208
1610612736
1072614030
3758096384
1072423332
2684354560
1071367156
3221225472
1072504405
3221225472
1072209746
536870912
1072550298
2684354560
1072354202
1073741824
1070539627
0
1072587230
0
1072676906
1073741824
1070967570
3221225472
1071415792
3221225472
1071822744
2147483648
1070375215
2147483648
1071886824
3221225472
1067483056
0
1072529438
1073741824
1071979380
2147483648
1072338708
0
1072111932
536870912
1070397275
0
1071854848
3758096384
1072581559
2684354560
1071222771
0
1072487913
0
1071269405
0
1070196671
0
1071799010
536870912
1071437039
0
1070684176
2147483648
1070925892
1073741824
1066896564
0
1071535002
3221225472
1062353024
0
1070816097
3221225472
1072235410
2684354560
1071238375
1073741824
1071461100
1073741824
1072693247
2684354560
59
