Uvec
2226355706
1072141981
2147483648
1072104262
1073741824
1072315886
2147483648
1072439368
0
1071459457
3221225472
1070431867
2147483648
1070877762
3221225472
1069955888
2147483648
1071744929
1610612736
1070261182
0
1072592962
536870912
1069997404
0
1072298097
0
1071730919
1610612736
1069643875
2147483648
1070716421
3221225472
1071546735
2147483648
1071957060
2147483648
1070916236
0
1071699390
3221225472
1070289635
2147483648
1069763263
0
1072138753
3758096384
1070349100
0
1071001894
0
1071405924
0
1071770899
1610612736
1070298648
0
1072451236
1073741824
1072678079
536870912
1070616812
2147483648
1070721637
1073741824
1070998744
1073741824
1072147773
536870912
1072659979
0
1072381301
3758096384
1071237656
2147483648
1070288759
2147483648
1071698873
1610612736
1071773292
2147483648
1070763853
2147483648
1065678640
0
1071827573
536870912
1071747450
2147483648
1071521488
2147483648
1072555655
0
1068588698
0
1071127711
1073741824
1072282846
1073741824
1072378548
2147483648
1070464412
2147483648
1072067885
3221225472
1069153583
0
1068637302
0
1070688922
1073741824
1072214310
1073741824
1071736739
2684354560
1071926195
3758096384
1071195174
2147483648
1072349711
536870912
1068387786
0
1070552277
2147483648
1071525422
1073741824
1072010794
3221225472
1072099180
3758096384
1072365313
3221225472
1071380468
3221225472
1072240643
3758096384
1072187232
0
1069111538
0
1069169416
0
1071503548
0
1071647260
1073741824
1068204602
0
1071992024
536870912
1072072627
2147483648
1072003610
2147483648
1071709362
1610612736
1072194261
1073741824
1070057216
0
1071191639
0
1071467690
0
1071899356
1073741824
1066568668
0
1070204589
2147483648
1070715493
0
1072245606
2684354560
1072071874
3221225472
1072255185
2684354560
1070087701
2147483648
1072179909
536870912
1072541361
1610612736
1069424611
0
1072485272
0
1072417702
0
1072205071
1073741824
1071241844
1073741824
1071281968
1073741824
1071461100
1073741824
1072693247
2684354560
31
