Uvec
2226355706
1072578388
2147483648
1072033317
2147483648
1070505007
2147483648
1071632385
3221225472
1072262575
2684354560
1072038690
1610612736
1070923420
3221225472
1071896456
3758096384
1070864091
2147483648
1071878905
3758096384
1071441304
2147483648
1070292801
2147483648
1069583372
0
1069769519
0
1072212979
1073741824
1068028514
0
1071737264
536870912
1070845422
2147483648
1071665970
1073741824
1071600669
3221225472
1070281230
0
1070406169
0
1071675709
2147483648
1071518122
2147483648
1072465980
2684354560
1070839603
1073741824
1067197308
0
1072415651
2684354560
1070570542
2147483648
1072247676
3221225472
1071147745
1073741824
1072375960
1610612736
1071618557
0
1067953934
0
1071692198
2684354560
1072552388
2684354560
1072613641
1073741824
1068085768
0
1072356774
3758096384
1072137992
2147483648
1072195931
536870912
1071853001
1073741824
1072239253
2147483648
1072179154
2684354560
1070444099
0
1069566686
0
1071414850
3221225472
1072244460
536870912
1071965691
3221225472
1072162972
2147483648
1071733296
536870912
1071739679
536870912
1067558094
0
1071669422
1610612736
1071810414
1610612736
1071754465
536870912
1072471760
2684354560
1071081715
0
1072663921
0
1072642657
2684354560
1069311988
0
1072530410
1073741824
1071051295
0
1071094694
2147483648
1070608466
0
1071808564
1073741824
1069096932
0
1072101158
3221225472
1069508429
0
1071954342
536870912
1070996384
3221225472
1071486783
1073741824
1072020860
3221225472
1068623915
0
1072451962
1610612736
1072212063
3221225472
1072079333
536870912
1072093672
2147483648
1067522178
0
1070234937
0
1070663996
1073741824
1070510293
0
1069850606
0
1072135498
3221225472
1067854250
0
1072296568
1610612736
1069056145
0
1069405393
0
1071922874
0
1068807913
0
1072493195
2147483648
1071701816
536870912
1068096954
0
1072114089
536870912
1071983856
2147483648
1070868368
3221225472
1071273802
1073741824
1070899148
3221225472
1071461100
1073741824
1072693247
2684354560
81
