Uvec
2226355706
1070477515
2147483648
1070702004
0
1072570626
536870912
1071387714
3221225472
1072464812
2147483648
1070075301
2147483648
1071421485
1073741824
1070819514
0
1071498709
2147483648
1066840960
0
1069806340
2147483648
1071028310
3221225472
1071153604
0
1070245145
0
1071955640
1073741824
1071870437
2147483648
1067985420
0
1071968492
1610612736
1070956055
2147483648
1072245377
2684354560
1070728907
3221225472
1071694792
3221225472
1071718994
2147483648
1070715519
2147483648
1071748161
1610612736
1071156753
1073741824
1070942263
1073741824
1069945128
0
1069845952
0
1072494933
2147483648
1071040440
1073741824
1071809338
1610612736
1067245232
0
1072688122
2684354560
1071858480
1073741824
1071344983
3221225472
1068358858
0
1071521377
2147483648
1072355013
1073741824
1072467006
1073741824
1072309156
2147483648
1072296188
1073741824
1071940469
1073741824
1071404922
0
1072132201
2684354560
1072264440
2147483648
1071645874
2684354560
1068565729
0
1072484181
1073741824
1072614207
2147483648
1072204437
2147483648
1071579423
2147483648
1071430094
1073741824
1071618998
2147483648
1069719185
2147483648
1072608968
2684354560
1071867842
2684354560
1072108717
536870912
1068613742
0
1072609239
3758096384
1072667566
536870912
1071686607
536870912
1071265146
3221225472
1072505685
0
1069001633
0
1071894192
1610612736
1071092262
0
1072368705
1073741824
1069524205
0
1067585872
0
1071000603
3221225472
1071711934
536870912
1072609443
0
1070580190
0
1071203028
0
1068580072
0
1071653633
2684354560
1071478392
0
1070529230
0
1072094747
2684354560
1070907019
0
1071398206
0
1070662099
0
1071168043
0
1072341975
1073741824
1072450624
2684354560
1071448321
1073741824
1064484752
0
1072377079
536870912
1072183802
2684354560
1072535628
3758096384
1071409056
0
1072130566
536870912
1071652907
3221225472
1071673000
3221225472
1072568681
536870912
1067643636
0
1069982954
0
1071461100
1073741824
1072693247
2684354560
2
