Uvec
2226355706
1072075498
2147483648
1069635204
2147483648
1072116568
0
1072501706
2147483648
1069922180
0
1070991113
3221225472
1068713782
0
1071502925
3221225472
1072496407
3221225472
1072069435
3221225472
1068894428
0
1071695019
3758096384
1064731360
0
1072173620
1610612736
1072560414
536870912
1069689308
0
1072194566
3221225472
1071166789
1073741824
1071032941
0
1071435867
1073741824
1071599945
2147483648
1072512442
3758096384
1072318382
0
1072400689
536870912
1071986752
2684354560
1072113700
536870912
1069107068
0
1072163033
2684354560
1072033183
2684354560
1071476470
0
1072577433
0
1072548446
536870912
1071897750
536870912
1072617737
2147483648
1071799575
536870912
1071667698
1073741824
1071676626
536870912
1072685578
3758096384
1065693272
0
1072135660
1073741824
1070895866
2147483648
1072026791
2684354560
1071817471
536870912
1071456886
3221225472
1072067708
536870912
1070171986
0
1072068751
0
1071837739
1073741824
1065485240
0
1071636310
3221225472
1071728724
2684354560
1070353543
0
1072126769
2684354560
1071200698
0
1069187231
0
1071816358
1073741824
1070157776
2147483648
1072646274
1073741824
1069039964
0
1069646079
0
1071758172
2147483648
1071738396
1073741824
1066123864
0
1070741308
2147483648
1071533831
1073741824
1072105265
2684354560
1069762674
2147483648
1072212428
3221225472
1071258253
3221225472
1070721626
1073741824
1071199072
3221225472
1071072678
1073741824
1071041671
3221225472
1071373338
2147483648
1068584036
0
1072364395
2684354560
1068458120
0
1072677264
2147483648
1071510446
2147483648
1070852801
2147483648
1072391495
0
1070393928
2147483648
1070495380
2147483648
1069960038
0
1072173650
2684354560
1071962506
3758096384
1072215912
536870912
1071663155
536870912
1072582659
1610612736
1071228085
2147483648
1072353283
3221225472
1071416902
0
1072545697
1610612736
1071984816
0
1070979031
2147483648
1072602468
2684354560
1072292295
1610612736
1069660323
2147483648
1071461100
1073741824
1072693247
2684354560
57
