Uvec
2226355706
1072660823
1073741824
1072180840
3221225472
1071806983
3221225472
1072143979
1610612736
1072602430
1073741824
1071004742
3221225472
1068159264
0
1072667301
536870912
1072089725
3758096384
1071814449
3221225472
1071265450
1073741824
1071861885
1073741824
1068190770
0
1072601237
0
1072656276
3221225472
1071486474
0
1067348776
0
1071795813
1610612736
1072311100
3758096384
1072259655
2684354560
1072150659
536870912
1070671946
1073741824
1063349376
0
1072623925
1073741824
1072353365
1073741824
1072164502
2147483648
1068030154
0
1071014940
3221225472
1072238703
2147483648
1072232758
1073741824
1071976510
536870912
1072525661
0
1070265615
0
1072090931
536870912
1071994377
3758096384
1071924299
0
1070895560
3221225472
1072656103
3758096384
1071665123
0
1069325510
0
1071456978
2147483648
1071030877
2147483648
1067563902
0
1067527206
0
1071758845
1610612736
1071284498
3221225472
1072327012
2684354560
1070141709
2147483648
1070656483
2147483648
1071961522
3758096384
1070817951
3221225472
1072121037
0
1072119550
1073741824
1071986449
1073741824
1071732308
2684354560
1071180429
1073741824
1072334355
3758096384
1071431504
1073741824
1072319059
536870912
1071813690
1610612736
1071605714
2147483648
1072315382
3221225472
1070964682
3221225472
1071897664
536870912
1072407671
2684354560
1072445088
3758096384
1072687938
0
1070540213
2147483648
1071057735
0
1072306097
3758096384
1072442862
2684354560
1071199232
3221225472
1072057248
2684354560
1070859445
0
1072108910
536870912
1070151800
2147483648
1071225924
0
1071487356
2147483648
1070799649
0
1070815083
2147483648
1070872999
0
1072231966
1610612736
1070624442
3221225472
1072671984
2684354560
1071993550
3758096384
1071662811
0
1072276356
3221225472
1072679304
536870912
1072658587
3758096384
1071523055
1073741824
1072087437
2147483648
1069904468
0
1066735792
0
1069412381
0
1070073400
2147483648
1072230184
2147483648
1071189652
2147483648
1071334753
0
1071461100
1073741824
1072693247
2684354560
22
