Uvec
2226355706
1071861789
2684354560
1072477167
2147483648
1070626458
0
1072503253
3758096384
1071847510
1610612736
1066956948
0
1069421523
0
1071493248
2147483648
1071769810
3758096384
1072374195
3221225472
1070759147
1073741824
1071261689
2147483648
1070947089
0
1069626107
2147483648
1067163036
0
1070817448
3221225472
1069023425
0
1071944081
3221225472
1071909754
3758096384
1070820115
2147483648
1070469721
0
1071862158
536870912
1072225158
3221225472
1072561348
536870912
1070915915
2147483648
1071675641
0
1072603704
3221225472
1072150314
3758096384
1068559563
0
1071021754
3221225472
1071476137
3221225472
1069598814
2147483648
1072211018
1073741824
1071839396
0
1071807556
1073741824
1070505245
2147483648
1071172404
3221225472
1072619151
2684354560
1071687503
536870912
1070868025
0
1072187143
2684354560
1072347319
3758096384
1071993833
1073741824
1065913136
0
1071672391
0
1070390898
2147483648
1072346582
2684354560
1070259649
2147483648
1071801926
3758096384
1071144666
1073741824
1071852038
3221225472
1072319339
2684354560
1072361183
3758096384
1072106773
536870912
1071032041
1073741824
1067916512
0
1071670838
536870912
1070572967
2147483648
1072566936
3758096384
1072332602
1073741824
1071774712
1073741824
1071680357
3221225472
1071054931
0
1069841174
2147483648
1071053109
2147483648
1072586862
1610612736
1069822471
0
1072076063
2147483648
1072227162
536870912
1069689567
0
1068816239
0
1071526368
2147483648
1072324256
1610612736
1071825481
1610612736
1070526852
0
1071818873
2684354560
1070071010
2147483648
1072288786
536870912
1069506272
0
1072323621
0
1072263866
3758096384
1070763715
1073741824
1072420884
1073741824
1069654310
0
1072136358
2147483648
1071024652
2147483648
1072220637
1073741824
1067565140
0
1072001803
0
1069683628
0
1065223168
0
1072164041
2147483648
1072227474
1610612736
1070873535
2147483648
1069843133
0
1071403586
1073741824
1072238711
2147483648
1071614114
2147483648
1071461100
1073741824
1072693247
2684354560
78
