Uvec
2226355706
1070833357
3221225472
1070439633
2147483648
1069329402
0
1071215211
2147483648
1070885006
0
1070127585
2147483648
1069851518
0
1071234006
1073741824
1072114459
1073741824
1069695981
0
1071883519
3221225472
1072224876
3221225472
1071252375
2147483648
1071320272
1073741824
1070513266
2147483648
1070402620
0
1071058226
1073741824
1069255564
0
1069103110
0
1071181582
2147483648
1072011778
3221225472
1072605437
2684354560
1070869201
1073741824
1071826542
2147483648
1072168187
0
1072059066
3221225472
1071600922
1073741824
1071839917
3758096384
1072132003
1073741824
1071615851
0
1071848608
1073741824
1068316000
0
1072237003
2147483648
1070244664
0
1069962319
0
1067553042
0
1070858503
2147483648
1071930001
1073741824
1069801183
2147483648
1072391710
3758096384
1071094576
0
1070987845
0
1068861494
0
1071973980
2147483648
1071302185
2147483648
1072113497
2684354560
1068076582
0
1072156682
2147483648
1072048538
2147483648
1072661037
3758096384
1071616283
1073741824
1072491534
536870912
1072263123
3758096384
1071645235
3221225472
1071088775
3221225472
1070681709
3221225472
1072541656
1073741824
1071666862
1610612736
1070645131
1073741824
1071898060
2147483648
1071437901
2147483648
1070093052
0
1070700900
0
1071869237
3758096384
1072172058
0
1072522277
1610612736
1071264475
0
1070489075
0
1070510699
2147483648
1072122762
1073741824
1070816752
0
1072182807
1610612736
1069825808
2147483648
1072039070
2147483648
1069790769
0
1071985521
536870912
1067888148
0
1068375512
0
1072318563
3758096384
1071753034
3758096384
1071831568
2147483648
1066408024
0
1071196166
0
1071942199
1610612736
1071945754
2147483648
1069293565
0
1071325556
0
1068115480
0
1071937585
2684354560
1069611144
0
1072312119
1610612736
1072337195
3758096384
1072529892
3221225472
1072122001
1610612736
1071727175
3758096384
1070483543
2147483648
1069985331
2147483648
1071821731
1610612736
1071461100
1073741824
1072693247
2684354560
33
