Uvec
2226355706
1069325898
0
1070871689
0
1072245530
1610612736
1069675124
0
1070447248
0
1071928772
3758096384
1069631023
2147483648
1068517566
0
1071128060
0
1071666568
536870912
1072617722
2684354560
1071125735
0
1071961284
3221225472
1071698716
536870912
1069027903
0
1071231252
3221225472
1071415677
0
1071836520
2684354560
1072126968
1610612736
1070372740
0
1065283600
0
1067780448
0
1069903479
0
1071954186
2684354560
1069745393
0
1070967018
0
1069606040
2147483648
1071888889
1610612736
1071810699
2684354560
1071985698
3221225472
1072201717
1073741824
1070993920
3221225472
1072277203
2147483648
1071092526
0
1072441562
2684354560
1071863259
2147483648
1072387586
536870912
1070551652
2147483648
1070596565
2147483648
1071928497
2147483648
1070650405
0
1072444612
1610612736
1071927395
3758096384
1072232582
2147483648
1072516732
2684354560
1072244733
2147483648
1071592856
0
1068831817
0
1071945695
2684354560
1072263195
3221225472
1068562738
0
1070889361
2147483648
1071771759
3758096384
1072673439
2147483648
1072679582
3221225472
1070869198
0
1072214521
1610612736
1071903059
536870912
1071942018
2147483648
1070951313
2147483648
1070606796
3221225472
1071840372
2684354560
1071764794
536870912
1071541193
3221225472
1071556181
3221225472
1072679966
3758096384
1072062507
2147483648
1072544712
1073741824
1070800104
1073741824
1071438332
2147483648
1071570595
0
1070463644
2147483648
1069796555
0
1071532691
3221225472
1071959804
3221225472
1067643536
0
1071965086
2684354560
1070827038
0
1071270567
3221225472
1069116498
0
1068090880
0
1071730568
2147483648
1071734470
2147483648
1070661642
1073741824
1071819795
2147483648
1072640805
0
1070878753
2147483648
1068901635
0
1072238273
3221225472
1071388313
0
1068650534
0
1070379869
2147483648
1072426288
3758096384
1072463566
0
1071077469
0
1070788231
0
1072047517
1073741824
1072307025
1610612736
1071461100
1073741824
1072693247
2684354560
8
