Uvec
2226355706
1069053280
0
1072325177
1073741824
1072493860
2684354560
1070381832
2147483648
1070149956
2147483648
1070247914
2147483648
1072281019
3221225472
1071743105
2684354560
1071948243
536870912
1072101905
2147483648
1072261655
2684354560
1070749034
2147483648
1071787470
1073741824
1069589569
0
1072624455
536870912
1070686321
2147483648
1071947111
3758096384
1071990815
2684354560
1069851946
0
1070725179
1073741824
1072406387
0
1070606753
3221225472
1069557271
0
1070198772
2147483648
1071791139
536870912
1071464780
0
1070489403
2147483648
1071617015
2147483648
1072692123
536870912
1071710403
1073741824
1069737760
0
1072167157
536870912
1071693096
3758096384
1069635860
2147483648
1071866956
1073741824
1072395720
2147483648
1071251688
3221225472
1069688795
2147483648
1071495367
2147483648
1069591798
2147483648
1071010264
1073741824
1072566961
1073741824
1070873424
1073741824
1068841069
0
1071225370
3221225472
1068601813
0
1068707578
0
1072111963
3221225472
1071815512
1073741824
1072046847
3758096384
1068529663
0
1072349407
2147483648
1071281230
3221225472
1072332377
1073741824
1072096660
536870912
1070531372
2147483648
1070307091
0
1072292780
536870912
1070065264
0
1072539539
1610612736
1070107394
0
1068025292
0
1070418282
0
1072572493
3221225472
1070871662
1073741824
1070714553
3221225472
1070300169
2147483648
1072216535
0
1072039697
3758096384
1072602105
2147483648
1072417598
1610612736
1071920573
2147483648
1070311331
0
1071376656
0
1071802342
0
1072555267
0
1068818865
0
1071376877
3221225472
1071781299
2684354560
1071791540
536870912
1072110565
2147483648
1069948645
2147483648
1071689201
3221225472
1069669856
2147483648
1071694373
0
1069147104
0
1070862617
1073741824
1072015417
3221225472
1069596113
2147483648
1069210316
0
1070299391
2147483648
1072352848
3221225472
1071700272
536870912
1069603523
0
1069278045
0
1065744936
0
1072129419
2684354560
1071974893
2147483648
1071461100
1073741824
1072693247
2684354560
68
