Uvec
2226355706
1072090705
2147483648
1071931095
2147483648
1071844469
3758096384
1066302520
0
1069509721
0
1072187346
2147483648
1072331735
1610612736
1071964243
536870912
1072284051
2147483648
1072050724
2684354560
1071762613
1610612736
1072339244
3758096384
1071705873
2147483648
1070257908
0
1068742408
0
1072102810
2684354560
1068998724
0
1072417965
1073741824
1072147532
2684354560
1071746679
1073741824
1067558502
0
1071926630
3758096384
1072176668
2147483648
1071917639
3221225472
1071475154
2147483648
1071601704
2147483648
1070603108
3221225472
1071358401
2147483648
1071722468
1073741824
1071672524
536870912
1071228973
3221225472
1070950719
2147483648
1071568063
1073741824
1070750803
1073741824
1072228612
1073741824
1072286076
0
1072134412
1073741824
1070774981
2147483648
1071571753
3221225472
1070858777
0
1072490025
3758096384
1072397398
536870912
1071544311
0
1071369307
3221225472
1072491030
0
1071810588
1610612736
1072034735
2147483648
1071652164
1073741824
1072040036
3758096384
1071101134
2147483648
1070063947
0
1070803439
1073741824
1071864575
1610612736
1072344769
1073741824
1071330639
1073741824
1072046122
3221225472
1072024171
1073741824
1071623224
2147483648
1069370007
0
1069776127
2147483648
1072519857
3758096384
1071435350
2147483648
1070542033
2147483648
1071032695
2147483648
1071318987
2147483648
1072329616
2147483648
1072668480
1073741824
1072079253
3221225472
1071684512
2684354560
1071923858
0
1071682753
1073741824
1072144807
0
1070237615
0
1072453138
3758096384
1072330456
3758096384
1072010842
536870912
1069339440
0
1072539632
2147483648
1070184942
2147483648
1070925476
3221225472
1072574770
3221225472
1072117292
1073741824
1071382637
2147483648
1069798255
0
1071843850
1073741824
1072081199
1610612736
1071685680
2147483648
1070853481
2147483648
1071555463
1073741824
1072142994
536870912
1069557727
0
1071093474
0
1071735736
3221225472
1071498522
3221225472
1070597965
3221225472
1068020776
0
1071993051
0
1070234874
2147483648
1071461100
1073741824
1072693247
2684354560
76
