Uvec
2226355706
1069720359
2147483648
1071814482
1610612736
1071933912
2684354560
1070298072
2147483648
1070913333
1073741824
1072328382
3758096384
1070036941
0
1071788147
2147483648
1071492446
3221225472
1070936941
0
1070904489
0
1070277664
2147483648
1068981859
0
1072034946
0
1071986230
0
1070305085
2147483648
1071762138
2684354560
1069169403
0
1071829043
1073741824
1068371128
0
1071375084
2147483648
1071755165
3758096384
1070202730
0
1071361540
3221225472
1068542213
0
1071049973
0
1071710623
3758096384
1071965335
1073741824
1068836114
0
1071247889
3221225472
1070222563
2147483648
1072267175
2147483648
1071175747
2147483648
1069192460
0
1071151343
0
1072405060
1610612736
1072354344
0
1067630140
0
1072058583
2684354560
1070275059
2147483648
1072145430
3758096384
1071016891
0
1072377087
3221225472
1072427647
1073741824
1071736423
2147483648
1071830597
1610612736
1065723920
0
1071645952
536870912
1069072431
0
1071017861
3221225472
1071229649
1073741824
1069332342
0
1072552836
1073741824
1070733649
2147483648
1069037362
0
1072489751
1073741824
1072252045
1610612736
1070736786
3221225472
1071926413
3758096384
1069233313
0
1071686475
0
1068035886
0
1072053676
2147483648
1072382552
1610612736
1067773678
0
1070098969
0
1072089762
0
1071203585
1073741824
1071302909
0
1071594787
0
1072184575
2684354560
1072019600
0
1072438084
3221225472
1071925324
2684354560
1071237312
1073741824
1072289885
3758096384
1072064397
2684354560
1071042429
2147483648
1072334465
0
1070720161
2147483648
1066578268
0
1072309093
3758096384
1070076583
2147483648
1072459216
536870912
1072488242
1073741824
1072034398
2147483648
1070255150
2147483648
1072511852
2684354560
1069878659
2147483648
1072078854
2684354560
1067982046
0
1072557294
2147483648
1069788194
2147483648
1069635802
2147483648
1071004413
1073741824
1071562954
0
1071422483
1073741824
1072647579
3221225472
1071461100
1073741824
1072693247
2684354560
79
