Uvec
2226355706
1069098073
0
1070895786
1073741824
1072179806
3758096384
1071490150
2147483648
1072343114
3221225472
1072444049
3221225472
1068065504
0
1072463974
1073741824
1069357547
0
1068947763
0
1071021492
0
1072276071
3221225472
1072168560
536870912
1069580943
0
1071508380
0
1072187236
2147483648
1070769721
3221225472
1072136999
0
1072634686
1610612736
1072301006
2684354560
1070975439
3221225472
1071212288
1073741824
1071544076
0
1071258346
2147483648
1072533605
0
1072401302
3758096384
1071706387
0
1069169208
0
1072184751
0
1072692080
1610612736
1072228530
3221225472
1072611151
2684354560
1071623695
2147483648
1070824115
2147483648
1069706260
0
1071649674
536870912
1071634903
1073741824
1071051865
2147483648
1071949895
2684354560
1070871138
3221225472
1071828391
3221225472
1072515010
1073741824
1071981312
3221225472
1070696497
2147483648
1070745588
0
1071670428
536870912
1071084736
2147483648
1072427815
536870912
1072373259
1610612736
1070628981
2147483648
1070142099
2147483648
1072674339
0
1071767002
2684354560
1072626656
3758096384
1071891500
1073741824
1072037689
536870912
1072064326
536870912
1071747253
0
1071288594
3221225472
1070695805
1073741824
1065702984
0
1071590834
1073741824
1071731080
3221225472
1071581791
1073741824
1070875390
0
1070225368
0
1070512928
2147483648
1072622911
3221225472
1070086763
2147483648
1071047973
1073741824
1071990059
3758096384
1072477546
2147483648
1070769117
2147483648
1072261469
1073741824
1072589164
3221225472
1072572748
1610612736
1072028384
1073741824
1071121888
3221225472
1072590758
1610612736
1070680668
1073741824
1072239071
2684354560
1068096238
0
1071887057
536870912
1071795868
2684354560
1072469301
2684354560
1070338357
0
1072336166
0
1072610560
1073741824
1070871841
2147483648
1071194497
1073741824
1067032768
0
1068624876
0
1072249115
3758096384
1071758060
2147483648
1072684261
1073741824
1072191611
1610612736
1069564155
0
1066129888
0
1071461100
1073741824
1072693247
2684354560
6
