Uvec
2226355706
1070973105
2147483648
1069560688
2147483648
1071184759
1073741824
1071323883
3221225472
1070623452
1073741824
1067609848
0
1069855379
2147483648
1069577837
0
1071269015
3221225472
1067163016
0
1072007744
0
1071118258
3221225472
1072525957
1610612736
1071907745
2147483648
1071050103
2147483648
1070916085
1073741824
1070988654
0
1071113758
0
1070205883
2147483648
1072228720
0
1072200814
2684354560
1072514810
0
1071824351
2684354560
1071077586
0
1072126496
2684354560
1066119960
0
1070630233
3221225472
1072376952
3221225472
1069003086
0
1071280736
0
1067968996
0
1071733342
1073741824
1071196273
3221225472
1070720696
1073741824
1072254984
3221225472
1072586942
2684354560
1071711761
1610612736
1066418568
0
1070234998
2147483648
1071865758
2147483648
1070827735
3221225472
1070066891
0
1070246863
0
1072248104
2147483648
1072284462
3221225472
1071296408
2147483648
1067577728
0
1071316199
1073741824
1072251338
0
1071666363
2684354560
1072687516
3221225472
1072114286
3221225472
1072678001
3758096384
1072146619
1610612736
1070520860
2147483648
1072222201
2684354560
1072293568
2684354560
1071769077
2147483648
1068490254
0
1071794571
1610612736
1070658593
3221225472
1071091795
0
1071986822
536870912
1072636460
1610612736
1072686573
536870912
1072539200
1073741824
1072202353
1610612736
1072029651
3758096384
1072584094
1073741824
1071962156
3221225472
1067606448
0
1071426685
2147483648
1071627845
1073741824
1066978408
0
1072399416
2147483648
1070548024
2147483648
1071755510
3758096384
1071584816
3221225472
1071984217
3221225472
1071018965
3221225472
1072277581
0
1072345232
3221225472
1066576588
0
1072405187
2147483648
1069959665
2147483648
1062687744
0
1072014858
2684354560
1072424267
1610612736
1072439361
3221225472
1072030130
3221225472
1070840592
2147483648
1072241272
1073741824
1071945059
0
1070623869
2147483648
1070890656
2147483648
1072350983
1610612736
1071252842
3221225472
1070948432
2147483648
1071461100
1073741824
1072693247
2684354560
67
