Uvec
2226355706
1068341902
0
1072246390
536870912
1071395814
0
1070956434
2147483648
1070569053
0
1070908127
0
1068005796
0
1071818166
1610612736
1059222016
0
1070548641
0
1072478576
1610612736
1072428319
3758096384
1070773255
0
1071322259
0
1071985841
0
1072075820
3758096384
1072279410
1073741824
1069907203
0
1067853612
0
1069713789
0
1071216533
2147483648
1072160083
3221225472
1071860034
536870912
1071941509
0
1072667347
1073741824
1071397341
3221225472
1069685828
2147483648
1071985943
2684354560
1068614932
0
1072539034
536870912
1072551253
1610612736
1072128421
1610612736
1071478439
3221225472
1071827480
3758096384
1072511452
3221225472
1070910512
3221225472
1072469931
2147483648
1070632519
2147483648
1071301867
1073741824
1072348381
2684354560
1072010756
3758096384
1071273208
3221225472
1070817279
3221225472
1070566652
0
1072323450
2684354560
1069991293
2147483648
1071802460
1073741824
1072008361
2147483648
1071852689
0
1070742753
0
1072508457
3758096384
1071461835
2147483648
1071732137
3221225472
1070124095
0
1072189831
2147483648
1072144775
536870912
1070327363
0
1071523261
0
1071515133
0
1071376599
1073741824
1071679619
536870912
1071236537
3221225472
1070488248
2147483648
1072560572
1610612736
1068519341
0
1072250273
3758096384
1070736421
2147483648
1071933905
1073741824
1071052442
1073741824
1070285471
2147483648
1071969453
1610612736
1072601248
2684354560
1070525813
0
1071604750
1073741824
1070204055
2147483648
1072312287
1073741824
1071891091
536870912
1071895229
1073741824
1072424384
3221225472
1071470319
3221225472
1067893200
0
1068706466
0
1067637802
0
1066162728
0
1071645637
0
1071605472
1073741824
1071370223
0
1072447627
1073741824
1072675678
2147483648
1072085279
1610612736
1070227641
2147483648
1071315005
0
1071780933
1610612736
1069653802
2147483648
1068676931
0
1072170255
536870912
1071022298
0
1070637002
1073741824
1071461100
1073741824
1072693247
2684354560
61
