Uvec
2226355706
1071821427
1073741824
1070743446
0
1072037717
2147483648
1071269637
3221225472
1072548370
2684354560
1072539217
2147483648
1070233869
0
1068956788
0
1071135824
0
1068779112
0
1069847029
0
1072183632
2147483648
1072173122
2147483648
1070892018
3221225472
1071783720
536870912
1071102459
0
1072637121
536870912
1072580602
536870912
1069587983
2147483648
1071905263
1073741824
1071213398
2147483648
1072305281
1610612736
1070068497
2147483648
1070233829
0
1072472301
3758096384
1069862043
2147483648
1071694637
3758096384
1072233002
0
1071511084
3221225472
1069738752
0
1068944256
0
1071644009
0
1072183780
3221225472
1071890539
0
1070893635
1073741824
1070061374
0
1071528756
2147483648
1071967423
0
1072356334
1073741824
1072454774
1073741824
1072015714
2684354560
1071109739
0
1070971654
0
1072252520
2147483648
1069633363
2147483648
1063359968
0
1070183370
0
1071564497
2147483648
1068907585
0
1072322622
1073741824
1072555164
1610612736
1070834204
2147483648
1070866113
0
1071365303
1073741824
1072314831
3758096384
1071549565
2147483648
1072115477
2684354560
1067925986
0
1069856217
2147483648
1071138662
1073741824
1072141373
1610612736
1065961616
0
1067547502
0
1072147530
0
1065358592
0
1071874310
1073741824
1070081249
2147483648
1071682201
0
1071400329
3221225472
1071511224
2147483648
1071812265
1610612736
1070776019
1073741824
1070406977
0
1071938053
1073741824
1070273771
0
1072334146
2147483648
1072475345
3758096384
1071166642
2147483648
1071887718
1610612736
1071554441
3221225472
1072393624
0
1072266928
1073741824
1069763840
2147483648
1072350229
536870912
1072293513
1073741824
1070197039
2147483648
1072007486
536870912
1071513037
0
1072163478
2147483648
1072584618
0
1072397096
2684354560
1070974219
2147483648
1071805028
536870912
1072465058
0
1068302072
0
1070809928
3221225472
1070767355
1073741824
1072134644
2147483648
1071461100
1073741824
1072693247
2684354560
25
