Uvec
2226355706
1070891037
2147483648
1072024384
1610612736
1069450918
0
1072646990
3758096384
1071949158
3758096384
1070463927
2147483648
1071532713
0
1070677653
2147483648
1071937708
2684354560
1070897051
1073741824
1069317832
0
1071922671
2147483648
1071911312
3758096384
1071806846
2147483648
1071561606
1073741824
1072234943
536870912
1070298349
2147483648
1064853920
0
1071784388
3221225472
1071473911
3221225472
1070879232
2147483648
1071567697
3221225472
1070923969
0
1070230037
0
1070761038
3221225472
1071743510
3221225472
1071828837
0
1072279812
3758096384
1072251314
3221225472
1070360519
2147483648
1071876190
3221225472
1072455922
1073741824
1071669686
1610612736
1071830646
536870912
1072154925
2684354560
1070899464
0
1071447784
0
1070901872
3221225472
1071058601
1073741824
1071297533
3221225472
1069803670
0
1071150639
0
1072222018
3221225472
1070753584
2147483648
1071595937
1073741824
1071072252
0
1071569568
3221225472
1071618398
1073741824
1071556722
3221225472
1071470574
3221225472
1070936765
0
1070998757
3221225472
1072633308
536870912
1069280137
0
1072425868
2684354560
1072175582
0
1069712938
0
1072681007
3758096384
1071901451
3221225472
1071505241
1073741824
1072470455
2147483648
1071649516
2684354560
1069828754
0
1072544838
536870912
1071893404
2684354560
1070863510
0
1069121892
0
1072211323
2684354560
1072607328
536870912
1069604287
0
1072481653
3758096384
1069703148
0
1072243344
2684354560
1071502948
2147483648
1072529145
1073741824
1072256366
1073741824
1072573311
2147483648
1072348057
3221225472
1069442605
0
1070817313
2147483648
1071943630
536870912
1069896372
0
1069901469
0
1070630975
0
1070405107
2147483648
1072460949
0
1072575755
2147483648
1070879869
3221225472
1071875003
0
1071933171
3758096384
1071691958
1073741824
1065136352
0
1071111636
1073741824
1070951469
2147483648
1072138795
2684354560
1070035595
0
1072085980
536870912
1071790369
2684354560
1071461100
1073741824
1072693247
2684354560
51
