Uvec
2226355706
1071326155
0
1068671690
0
1069718859
0
1072086049
3758096384
1071429783
2147483648
1072031941
1073741824
1067777932
0
1071669572
2684354560
1070599956
1073741824
1072259123
1610612736
1072500257
536870912
1072393125
2684354560
1068989831
0
1068248196
0
1070065350
2147483648
1070641038
3221225472
1070468860
2147483648
1072372298
3758096384
1071013906
2147483648
1069541579
0
1070709946
2147483648
1070740979
2147483648
1072142376
0
1072400634
3221225472
1072053985
2147483648
1072510615
536870912
1070473380
2147483648
1068966148
0
1072499762
0
1071800328
1610612736
1072445081
2147483648
1067568048
0
1071334531
3221225472
1068925850
0
1072649109
3221225472
1072378071
0
1070747334
3221225472
1070825384
0
1072193825
2147483648
1072585250
536870912
1071962265
0
1072034230
1610612736
1072337135
2684354560
1071993024
1073741824
1072512093
1610612736
1072496936
1610612736
1071310025
1073741824
1069623954
0
1065828280
0
1070516535
2147483648
1071808513
3758096384
1071931763
2147483648
1072515836
536870912
1071792010
1073741824
1071465374
1073741824
1072540850
1073741824
1072408142
2147483648
1067531172
0
1072171633
1073741824
1071750253
2147483648
1071595806
1073741824
1071727111
0
1071891529
3221225472
1071351855
2147483648
1071974413
2684354560
1072570026
2147483648
1070403458
2147483648
1072239303
3758096384
1070608273
3221225472
1067734500
0
1070712521
0
1071757605
2147483648
1071895168
2684354560
1072008608
1073741824
1072213217
3758096384
1070725152
1073741824
1072364203
1610612736
1069803403
0
1071966845
1610612736
1071782251
2684354560
1072321402
1073741824
1071853089
3221225472
1071049606
3221225472
1069963251
2147483648
1071314520
2147483648
1068694972
0
1071473050
0
1071046207
2147483648
1070846950
1073741824
1071785733
2684354560
1068457352
0
1071115077
1073741824
1072606755
1073741824
1070198893
2147483648
1070924361
0
1071920028
3758096384
1069335107
0
1071916626
3221225472
1071461100
1073741824
1072693247
2684354560
11
