Uvec
2226355706
1070344796
2147483648
1071749572
3758096384
1069120755
0
1068579353
0
1071748921
1610612736
1071148724
2147483648
1072615713
1073741824
1071702142
536870912
1070860612
2147483648
1072407391
2684354560
1072610390
0
1071155106
0
1072688732
1073741824
1071794336
0
1071361719
1073741824
1071335303
3221225472
1071140595
1073741824
1072149876
1610612736
1072451287
536870912
1071403109
1073741824
1069013716
0
1072498129
3221225472
1072168770
1610612736
1070221834
0
1071952641
1073741824
1072341935
0
1072003942
536870912
1072175576
3758096384
1072349232
2147483648
1071770714
0
1072591264
1073741824
1070260537
0
1072651739
1073741824
1070060268
0
1070566085
0
1070929109
1073741824
1070429734
0
1068694941
0
1071115707
0
1071094271
2147483648
1071525386
0
1072384484
2684354560
1071345951
3221225472
1070848212
2147483648
1069104437
0
1070930230
0
1071301682
1073741824
1072287452
3221225472
1072382860
0
1071535235
1073741824
1072116536
0
1071168437
0
1071428145
0
1070886345
3221225472
1071360655
1073741824
1068735285
0
1071936950
3758096384
1069760721
2147483648
1071670303
0
1067703570
0
1072453119
2147483648
1069816895
2147483648
1072203920
0
1071291507
2147483648
1072338215
1073741824
1072175697
2147483648
1071595592
0
1070022973
0
1070792432
3221225472
1072018457
3758096384
1072416422
0
1071601784
1073741824
1071851718
2684354560
1069654737
2147483648
1072149240
3758096384
1068585156
0
1071566654
2147483648
1072230303
1073741824
1069383212
0
1070902128
1073741824
1072148264
3221225472
1072525614
3758096384
1071812750
3221225472
1072177198
1610612736
1070658423
3221225472
1072426971
536870912
1071556558
1073741824
1069605554
0
1072000862
2147483648
1072250821
3758096384
1067867054
0
1071753840
1073741824
1072062967
2147483648
1070971143
1073741824
1068502462
0
1071072985
3221225472
1072005188
536870912
1072133614
1073741824
1071461100
1073741824
1072693247
2684354560
86
