Uvec
2226355706
1070621973
0
1067632132
0
1071748598
3221225472
1072131005
2147483648
1069573716
2147483648
1069809598
0
1071945671
1073741824
1070215246
2147483648
1071500839
2147483648
1072146010
3221225472
1071910428
2147483648
1069723182
2147483648
1071812757
3758096384
1070157943
2147483648
1068961927
0
1071421279
0
1064643584
0
1071887010
2147483648
1072372708
2684354560
1072280441
1073741824
1072042438
0
1072166739
536870912
1070772008
0
1070365094
0
1071925437
536870912
1070826743
1073741824
1072637442
1073741824
1072174833
0
1072146083
1610612736
1068052530
0
1072573533
1073741824
1069620102
0
1070659873
2147483648
1066752104
0
1072346415
3221225472
1068853976
0
1072273186
0
1070780384
0
1070921415
2147483648
1071232499
0
1071998307
1073741824
1072257650
2147483648
1070371730
2147483648
1070597879
0
1069233291
0
1069727882
2147483648
1063281632
0
1070471930
2147483648
1072613700
0
1067492980
0
1067584528
0
1072674957
2684354560
1072209226
2684354560
1072649062
0
1063338304
0
1071811744
536870912
1072016062
1073741824
1068033404
0
1072001920
3221225472
1070147563
2147483648
1072182939
1073741824
1069653490
2147483648
1069734264
2147483648
1067471424
0
1070285242
0
1070310669
2147483648
1070321108
2147483648
1071168610
0
1069348561
0
1072157763
0
1066561700
0
1071853593
3221225472
1072293802
1610612736
1071636504
1073741824
1069733188
0
1072285543
0
1071745797
1073741824
1072560234
1073741824
1070249785
2147483648
1071654199
3221225472
1072551554
0
1071973178
3758096384
1071079521
3221225472
1071535758
2147483648
1071031220
2147483648
1072269878
3221225472
1070759499
0
1071700540
0
1070681580
1073741824
1072654742
1610612736
1072398307
3221225472
1068720858
0
1071458218
0
1072163598
2684354560
1070750557
2147483648
1072142438
0
1072533626
1073741824
1069858983
0
1071461100
1073741824
1072693247
2684354560
31
