Uvec
2226355706
1070730146
1073741824
1071312524
3221225472
1070783129
2147483648
1072271642
3221225472
1072580121
3221225472
1071959290
536870912
1072212698
1610612736
1072155245
536870912
1070599143
3221225472
1070661701
1073741824
1070381967
2147483648
1069701333
0
1068839728
0
1069742924
2147483648
1068287304
0
1070929607
2147483648
1072509131
3221225472
1071219674
1073741824
1069522526
0
1071487679
3221225472
1069982699
2147483648
1072330249
536870912
1071150098
2147483648
1072015677
3221225472
1068905197
0
1072116064
536870912
1072578025
2147483648
1072496162
536870912
1072038752
0
1072200032
1610612736
1071090043
3221225472
1070616919
1073741824
1070795831
1073741824
1064936816
0
1065026192
0
1072591003
1073741824
1071197448
1073741824
1071267627
1073741824
1071862375
3221225472
1070548063
0
1072460847
0
1072062441
2147483648
1072596222
0
1071521576
2147483648
1071275080
0
1071997646
1610612736
1071725811
1610612736
1067981408
0
1071949149
3221225472
1071938995
3221225472
1070603134
0
1071948146
3758096384
1068458986
0
1072517893
536870912
1071595150
1073741824
1072031145
2684354560
1071146919
0
1072244262
2147483648
1071639963
0
1070912121
1073741824
1070314939
2147483648
1071902600
2684354560
1070469471
2147483648
1071005800
1073741824
1069746748
2147483648
1070564334
2147483648
1071062964
2147483648
1072184953
1073741824
1068944089
0
1072293637
536870912
1070305494
2147483648
1072672038
1073741824
1071956037
536870912
1072166322
1610612736
1071861546
0
1071213922
0
1068805326
0
1066957784
0
1072674959
1610612736
1071784151
536870912
1071693726
3758096384
1070978098
2147483648
1071533448
3221225472
1072001379
2147483648
1072481763
1073741824
1069868981
0
1072472989
0
1072542445
3221225472
1072211926
3221225472
1071626805
0
1066347960
0
1070021206
2147483648
1071717962
1073741824
1070644142
3221225472
1071337078
0
1069994783
0
1070046685
2147483648
1065775680
0
1071461100
1073741824
1072693247
2684354560
47
