Uvec
2226355706
1070952335
1073741824
1072200760
3221225472
1072482779
2684354560
1071557521
1073741824
1063672832
0
1072384328
3221225472
1072629153
3221225472
1072097416
1610612736
1071782780
1073741824
1072260365
1610612736
1067929914
0
1071076123
0
1071992349
3758096384
1070808914
0
1071300048
2147483648
1072232247
2684354560
1071955788
536870912
1072350535
2147483648
1071279655
3221225472
1071834147
1073741824
1071980808
2684354560
1071954225
3758096384
1071669565
2684354560
1072444603
2684354560
1071963119
2147483648
1072371326
2147483648
1066936852
0
1067165192
0
1070831485
0
1070888677
2147483648
1072438062
3758096384
1069766302
0
1071476900
3221225472
1069176538
0
1070666494
2147483648
1068829135
0
1072639791
1610612736
1072027485
536870912
1071820144
3758096384
1071092523
1073741824
1072219264
2147483648
1070743265
3221225472
1071835116
3758096384
1070422691
2147483648
1072393285
536870912
1071291475
2147483648
1071811404
2684354560
1070019334
2147483648
1071400893
2147483648
1072662915
3758096384
1071256797
2147483648
1071538967
0
1072579800
3221225472
1070076750
0
1070631698
1073741824
1071579757
3221225472
1072369886
2684354560
1072207700
536870912
1072496714
2147483648
1069868696
0
1068737226
0
1072089995
2147483648
1069433997
0
1072289703
1073741824
1069120627
0
1070093565
2147483648
1071493296
3221225472
1070134424
2147483648
1072080212
2147483648
1072232006
0
1072427943
3758096384
1069989756
2147483648
1071196330
0
1072559528
3758096384
1071190247
1073741824
1072079292
1073741824
1072049339
1610612736
1069404859
0
1072395519
1073741824
1070162619
0
1069579545
2147483648
1071949307
3758096384
1066793152
0
1071337123
1073741824
1068325114
0
1071340170
2147483648
1071595857
3221225472
1072443190
1610612736
1071806273
0
1071447402
1073741824
1072688813
3221225472
1072299501
3758096384
1072644469
3758096384
1072052020
536870912
1072615260
2684354560
1069582216
0
1072553807
3758096384
1067896754
0
1071461100
1073741824
1072693247
2684354560
71
