Uvec
2226355706
1072615605
2684354560
1070576751
2147483648
1070128603
0
1071672180
2147483648
1072391726
536870912
1070653227
3221225472
1071750490
0
1071329799
1073741824
1069566887
0
1069827029
2147483648
1071766380
1073741824
1066407696
0
1069921974
2147483648
1072334629
536870912
1071611157
0
1067730828
0
1071129968
3221225472
1072692260
2684354560
1072471028
1073741824
1072186493
0
1069382549
0
1072551014
3221225472
1070863200
3221225472
1071522778
0
1071763858
2147483648
1071914891
1610612736
1071488921
3221225472
1072655273
0
1072526407
2147483648
1072028444
0
1068874366
0
1072686653
0
1071705868
1610612736
1072251788
0
1068860012
0
1071863167
0
1072208716
3758096384
1071215973
3221225472
1071987597
3221225472
1071947340
1610612736
1071357593
0
1072133812
3758096384
1071205327
3221225472
1068495810
0
1072519571
2147483648
1070688535
1073741824
1071588835
0
1072634364
3758096384
1071978711
1610612736
1071948378
1610612736
1072442758
3758096384
1071641816
2147483648
1072431432
2147483648
1072278662
2147483648
1069435780
0
1072147429
2684354560
1068935730
0
1072530284
1610612736
1069651925
2147483648
1070194913
0
1071331433
1073741824
1069352875
0
1072648005
3221225472
1072217415
1610612736
1071206552
0
1071934509
3758096384
1071676517
1610612736
1072486021
0
1065999328
0
1070889981
3221225472
1071668038
1610612736
1072204079
0
1071646635
1073741824
1068593370
0
1072499976
3221225472
1071317998
1073741824
1071147097
0
1071949588
2147483648
1072638643
3758096384
1072457390
3221225472
1070013732
0
1069612318
2147483648
1072373087
0
1068433078
0
1072501391
536870912
1071202282
2147483648
1071021095
0
1072092225
536870912
1072338593
2147483648
1072284678
0
1072554293
3221225472
1072231062
1610612736
1071291040
1073741824
1068812959
0
1072127562
3221225472
1072614865
2147483648
1070877092
0
1072108222
3221225472
1071461100
1073741824
1072693247
2684354560
89
