Uvec
2226355706
1071807534
3221225472
1072023982
0
1072471096
3758096384
1070292981
2147483648
1069233335
0
1071762293
3758096384
1070173245
2147483648
1070679267
3221225472
1070814038
2147483648
1071793337
3758096384
1072065607
3758096384
1071767121
2147483648
1068541387
0
1072547728
3221225472
1072329726
1073741824
1072376498
2147483648
1072041596
1073741824
1067606136
0
1068298322
0
1071593044
0
1070883706
1073741824
1072692381
2147483648
1072584496
536870912
1069737193
2147483648
1072059336
0
1070025313
0
1071879463
536870912
1069143765
0
1072366660
0
1069128521
0
1072170663
536870912
1072013990
2684354560
1072590026
1610612736
1071145140
2147483648
1070213139
2147483648
1071383067
3221225472
1071223824
2147483648
1072001905
1073741824
1072540988
2147483648
1071911330
3758096384
1070341782
2147483648
1072235319
3758096384
1072343422
3758096384
1071799401
0
1071986599
536870912
1072535827
3758096384
1071510874
2147483648
1071585431
0
1072542129
0
1072016562
1610612736
1072498317
3221225472
1071326583
3221225472
1071638888
2147483648
1070657429
0
1072008432
2684354560
1071993676
3221225472
1071694750
3221225472
1070252071
2147483648
1072519017
3221225472
1071972894
1073741824
1072474447
0
1072165189
1073741824
1072318082
2147483648
1070998109
2147483648
1072433265
3221225472
1072560236
2684354560
1071759373
536870912
1072106110
2684354560
1071775732
2147483648
1066521112
0
1072366050
2147483648
1072533290
3758096384
1069891748
0
1071977180
1073741824
1072168440
2684354560
1072675179
0
1069741661
2147483648
1072101376
2684354560
1071168995
1073741824
1072545060
3221225472
1066373200
0
1068734778
0
1071374690
3221225472
1071437465
0
1068570999
0
1071325931
3221225472
1069879505
0
1069266730
0
1072292364
2147483648
1070925695
0
1071870612
2147483648
1071741196
0
1071665370
3758096384
1069343435
0
1072359529
536870912
1071922955
1610612736
1071360879
3221225472
1070690643
3221225472
1071461100
1073741824
1072693247
2684354560
48
