Uvec
2226355706
1070551603
0
1071291858
0
1072560253
3221225472
1070817218
2147483648
1071980141
536870912
1070084401
2147483648
1069756746
2147483648
1069184658
0
1071879577
3221225472
1068157076
0
1072274136
3221225472
1069057163
0
1071298323
2147483648
1071523849
3221225472
1072054435
0
1072216559
536870912
1070464574
2147483648
1067085244
0
1072019643
0
1072421387
2147483648
1071305673
3221225472
1072503576
3221225472
1072278375
536870912
1070021822
2147483648
1066615712
0
1065900712
0
1071742150
1073741824
1071774943
3221225472
1072522365
3758096384
1070936322
1073741824
1071835361
1610612736
1072522860
1610612736
1071579814
3221225472
1067700876
0
1071994450
1073741824
1071068324
3221225472
1069423123
0
1070821897
1073741824
1071148967
1073741824
1072308409
536870912
1064514544
0
1072049633
2684354560
1071838225
2684354560
1072297415
2684354560
1072558154
2684354560
1072449169
1073741824
1071084197
3221225472
1072451872
3221225472
1069607680
0
1072669690
2147483648
1072679442
3758096384
1072397786
2684354560
1072572970
3221225472
1069935317
2147483648
1068951259
0
1070566581
2147483648
1071737843
536870912
1071701321
0
1071199225
2147483648
1072552043
1073741824
1071694220
2684354560
1070610011
0
1069606947
0
1067831548
0
1071893730
536870912
1071739309
0
1071842188
2147483648
1072244202
2684354560
1070852296
1073741824
1072631540
1610612736
1072387557
1073741824
1071782295
3758096384
1072136234
0
1072476981
2684354560
1070938470
3221225472
1071659405
0
1071734820
3221225472
1072330455
3221225472
1068965458
0
1070907855
3221225472
1069606649
2147483648
1072041198
2147483648
1072152937
0
1069924631
0
1072446331
3221225472
1072569157
3221225472
1070050468
2147483648
1072631301
3221225472
1072596254
1073741824
1072011454
2147483648
1066173960
0
1071986190
0
1069774465
2147483648
1071731636
3758096384
1067606016
0
1071874475
2147483648
1068793311
0
1071977530
3221225472
1071461100
1073741824
1072693247
2684354560
68
