Uvec
2226355706
1072157945
1073741824
1071860242
3221225472
1070174388
2147483648
1071883164
3221225472
1069396212
0
1070417084
0
1071315260
3221225472
1072408374
1073741824
1068104454
0
1071813780
2684354560
1071408048
3221225472
1071587038
3221225472
1069452467
0
1072502507
2684354560
1072066563
3221225472
1067111636
0
1070313269
0
1072460722
536870912
1071212405
2147483648
1071217533
3221225472
1071076352
3221225472
1071361326
1073741824
1071885154
1073741824
1071805753
536870912
1070733740
2147483648
1070637750
3221225472
1071463626
0
1071976404
2147483648
1072345207
1073741824
1070711747
1073741824
1069566270
2147483648
1072571982
3758096384
1071279832
3221225472
1069527098
0
1072089024
2147483648
1072430910
1610612736
1071725960
536870912
1067934638
0
1072160222
3758096384
1071952896
3758096384
1072649572
1073741824
1070065411
2147483648
1071429102
3221225472
1070838156
3221225472
1067870750
0
1069553006
0
1072545834
1610612736
1071705239
3221225472
1069443363
0
1066743760
0
1072221198
2147483648
1065751984
0
1072600805
0
1071083233
0
1070980965
1073741824
1071997645
1073741824
1072014071
1610612736
1072122294
536870912
1071985093
536870912
1072121356
3221225472
1061262080
0
1071556086
3221225472
1070182740
0
1070651043
2147483648
1069703968
0
1071520180
0
1068025440
0
1072605892
1073741824
1068975886
0
1070766872
0
1070777202
2147483648
1071967233
2684354560
1070209150
2147483648
1067798258
0
1071708952
536870912
1072317950
3758096384
1066737436
0
1072687742
1073741824
1068592213
0
1070354885
2147483648
1065155456
0
1071506820
2147483648
1068753594
0
1070878194
0
1071927048
536870912
1069089275
0
1072248390
3758096384
1072116184
1610612736
1071807992
2684354560
1068658577
0
1069899125
0
1072492327
3758096384
1072311247
3221225472
1072625016
536870912
1066622492
0
1072098594
1073741824
1072566336
1610612736
1071469022
3221225472
1071461100
1073741824
1072693247
2684354560
86
