Uvec
2226355706
1070424076
2147483648
1071129217
0
1072669383
1610612736
1070483944
0
1072668183
3221225472
1070594657
2147483648
1072141890
1610612736
1071148863
0
1071456968
3221225472
1072458008
2684354560
1068768724
0
1072090576
2147483648
1070620497
0
1070983062
2147483648
1069044387
0
1069709240
2147483648
1072500075
2684354560
1071581652
0
1071453564
3221225472
1071898155
3758096384
1072319482
2147483648
1071367754
2147483648
1072094456
536870912
1071279816
1073741824
1072454201
2684354560
1070860867
3221225472
1071687140
2684354560
1067875948
0
1072030310
0
1069170427
0
1072416980
1610612736
1068836106
0
1072597701
1073741824
1070638655
0
1071279113
1073741824
1070554019
0
1070835047
3221225472
1072323286
1610612736
1070626357
0
1072507109
3758096384
1070815026
2147483648
1072140899
536870912
1072324844
0
1071740055
2684354560
1072082578
2147483648
1071223583
0
1069129454
0
1071732478
3758096384
1070976724
3221225472
1072112443
3758096384
1070331167
0
1072336320
3221225472
1070688643
3221225472
1072290606
3758096384
1072158512
0
1072335340
2684354560
1072099247
2684354560
1072152031
536870912
1071914361
2684354560
1069781259
2147483648
1071815476
2147483648
1072448339
3758096384
1067966454
0
1069282158
0
1071336328
2147483648
1072673293
0
1072301458
3758096384
1071755413
1073741824
1067834090
0
1072140608
3221225472
1068714348
0
1070193459
0
1072554946
3221225472
1071851765
0
1072552920
0
1072468327
2147483648
1071250042
0
1072564047
1073741824
1069425443
0
1071326040
1073741824
1072218742
536870912
1071014629
1073741824
1072230761
3221225472
1072635420
536870912
1072452327
1073741824
1072443285
536870912
1069841108
2147483648
1070907102
1073741824
1072630417
2147483648
1067830822
0
1071770575
1610612736
1070036072
0
1072367447
3221225472
1072523031
536870912
1071827885
3221225472
1071257964
2147483648
1071854503
1073741824
1071381525
1073741824
1071461100
1073741824
1072693247
2684354560
78
