Uvec
2226355706
1070136872
0
1071745520
2147483648
1069843566
2147483648
1071936185
536870912
1070908504
2147483648
1069543475
0
1064221824
0
1068817664
0
1071208888
1073741824
1069771890
0
1071558071
3221225472
1071693749
1073741824
1072398118
3758096384
1072317388
1073741824
1071651579
3758096384
1071018149
2147483648
1072647917
0
1070637047
0
1067770400
0
1072278700
1610612736
1068174510
0
1071629207
1073741824
1071553412
2147483648
1070743540
2147483648
1071739400
536870912
1071058813
1073741824
1071698680
536870912
1071473814
1073741824
1067101240
0
1072433644
3758096384
1071802764
3758096384
1067452368
0
1071842456
0
1072249020
3221225472
1071419637
2147483648
1072058646
3221225472
1072114598
1610612736
1072419822
3758096384
1072135972
1610612736
1071911896
2684354560
1070263678
2147483648
1068124378
0
1068836864
0
1069818823
0
1072444563
536870912
1068261248
0
1068724723
0
1071152078
2147483648
1069080938
0
1072275032
1610612736
1072602907
3221225472
1072133002
3221225472
1071002703
1073741824
1071885291
1073741824
1066406176
0
1072242196
2684354560
1071854323
2684354560
1072220095
0
1070073242
0
1070699787
3221225472
1071555738
1073741824
1071809563
536870912
1067820492
0
1071317015
2147483648
1072247606
2684354560
1072582519
2684354560
1071093026
2147483648
1071172093
3221225472
1071354925
0
1072676147
2684354560
1072256409
3758096384
1072448066
1610612736
1070647002
2147483648
1069898707
2147483648
1072335899
3221225472
1070647442
2147483648
1072643498
0
1071874636
0
1071762211
2684354560
1071144550
2147483648
1072031359
536870912
1072519715
2147483648
1072211484
2684354560
1069488228
0
1071696189
0
1071854852
2684354560
1072372784
3758096384
1070717023
2147483648
1071533905
0
1067606754
0
1070963295
1073741824
1069828390
0
1071397533
3221225472
1072310124
2684354560
1070771773
3221225472
1072143632
2684354560
1072083152
1610612736
1072139924
536870912
1071461100
1073741824
1072693247
2684354560
32
