Uvec
2226355706
1072286263
2147483648
1070731113
2147483648
1072105249
1610612736
1071354922
1073741824
1072347983
536870912
1072593746
2147483648
1071845281
1073741824
1072077967
3758096384
1071017938
3221225472
1071013742
0
1072355201
1610612736
1071505847
1073741824
1071704008
3221225472
1070675487
0
1065507320
0
1068680145
0
1069803900
2147483648
1071233072
3221225472
1072334638
2147483648
1072640103
0
1068533447
0
1070311278
2147483648
1063254592
0
1070968716
0
1072024564
2147483648
1071900027
2684354560
1068747772
0
1072567491
2684354560
1072531768
3221225472
1070807272
1073741824
1072673620
2147483648
1072234821
3221225472
1071471448
3221225472
1072073798
3221225472
1072029586
1073741824
1072150707
1073741824
1072175790
536870912
1067345844
0
1071685067
536870912
1072222742
2147483648
1072307484
1610612736
1071836310
2684354560
1071276186
0
1070960178
3221225472
1070364241
0
1071623410
3221225472
1072513271
1610612736
1071331212
3221225472
1072562545
2684354560
1072253105
536870912
1071496849
2147483648
1071877032
2684354560
1069689316
0
1072348039
2147483648
1071662884
1073741824
1072473484
3758096384
1072036404
3758096384
1072443923
1610612736
1070299249
2147483648
1072122583
1073741824
1072443749
1073741824
1070980904
2147483648
1071914781
3758096384
1070728786
0
1071550635
2147483648
1071301979
1073741824
1071823801
1073741824
1072592291
3758096384
1070317434
0
1071910216
536870912
1068093880
0
1072397270
1073741824
1071104757
1073741824
1072030870
3221225472
1071738442
1610612736
1072666772
536870912
1072405035
536870912
1072386999
2684354560
1071947350
1073741824
1072034943
536870912
1072633681
3758096384
1072366181
2147483648
1072049798
2684354560
1071270403
0
1071000674
2147483648
1069989830
2147483648
1072238268
2147483648
1071222680
1073741824
1070702150
0
1071968726
1073741824
1071855775
3221225472
1071069524
3221225472
1071844636
3221225472
1072057254
536870912
1070036831
0
1072185151
3221225472
1071673444
0
1071200902
0
1071461100
1073741824
1072693247
2684354560
42
