Uvec
2226355706
1071405105
3221225472
1070938246
3221225472
1071242426
2147483648
1069507240
0
1070182823
2147483648
1071426283
2147483648
1072479885
1610612736
1072223508
3221225472
1067886608
0
1069093091
0
1071888336
3221225472
1065574832
0
1067569564
0
1071020525
0
1070014605
0
1070311203
0
1071717830
2684354560
1071758724
2147483648
1070754980
0
1071943166
0
1071282570
2147483648
1070669449
1073741824
1070369928
2147483648
1071066661
0
1070790366
2147483648
1071341352
3221225472
1072609819
1610612736
1066613556
0
1070992334
3221225472
1070879429
2147483648
1071965624
2147483648
1072627473
3758096384
1072168626
1610612736
1071212432
0
1071801814
3758096384
1071853293
3221225472
1071286782
0
1070722456
2147483648
1072551880
1073741824
1067472550
0
1071982165
536870912
1072641501
3221225472
1071213390
0
1070243821
2147483648
1071582435
2147483648
1072398751
1610612736
1067679128
0
1071975014
0
1071653891
2684354560
1072134198
1610612736
1070856952
1073741824
1072361576
1073741824
1072299668
0
1070953085
1073741824
1070226709
0
1070341850
0
1072094179
1073741824
1072102228
0
1072196947
1610612736
1071869153
1073741824
1072477127
1610612736
1069916727
2147483648
1072109686
0
1072589217
3221225472
1072063247
1610612736
1071019475
2147483648
1071260366
3221225472
1071566875
2147483648
1072156811
2147483648
1072064219
2684354560
1072434889
2147483648
1068983983
0
1071166034
1073741824
1069382683
0
1072260905
0
1071715731
2684354560
1069355482
0
1072203043
3221225472
1071897679
0
1071315756
1073741824
1072291288
2147483648
1072529773
3221225472
1070894020
3221225472
1071004752
2147483648
1071936922
1610612736
1070975075
3221225472
1072489497
1610612736
1071036653
3221225472
1071015138
0
1071195368
1073741824
1069772609
2147483648
1069008563
0
1072203002
2147483648
1071153823
2147483648
1070994854
0
1071504695
1073741824
1072168436
2684354560
1070375298
2147483648
1071461100
1073741824
1072693247
2684354560
23
