Uvec
2226355706
1070308178
2147483648
1071263913
1073741824
1072609689
1610612736
1072479743
0
1072354075
2147483648
1070690462
1073741824
1072004608
2684354560
1071987949
1610612736
1071453631
1073741824
1071554343
0
1071699939
1610612736
1071031216
1073741824
1070605527
2147483648
1071826533
1073741824
1072621928
2147483648
1071799302
536870912
1071788656
3221225472
1072034849
536870912
1071348245
2147483648
1067488090
0
1071566659
1073741824
1072591598
3221225472
1072357788
536870912
1072031822
0
1070609599
3221225472
1071960582
3758096384
1068289616
0
1071671609
3221225472
1072071003
2684354560
1072190397
1610612736
1070683363
0
1071713691
3758096384
1071608520
3221225472
1070434902
2147483648
1072557921
2684354560
1069655935
0
1072405748
3221225472
1072097506
2684354560
1072394895
0
1071168002
0
1068983565
0
1072332542
3221225472
1070679302
2147483648
1071264359
3221225472
1072606654
3758096384
1071154750
2147483648
1071376248
1073741824
1070805637
2147483648
1070650659
0
1072005879
3758096384
1072216660
3758096384
1072630772
3758096384
1071740259
2684354560
1067320028
0
1070822089
1073741824
1071021928
1073741824
1072677166
0
1072114270
2684354560
1072002058
2684354560
1072318770
0
1072396343
2684354560
1072081170
2684354560
1072525797
2147483648
1071002610
0
1070556015
0
1070868411
3221225472
1072303024
1610612736
1069580935
2147483648
1068917174
0
1072413054
1610612736
1072020248
3221225472
1072376513
0
1072137228
0
1071589774
1073741824
1072125401
3758096384
1069106276
0
1071575832
3221225472
1072073539
3221225472
1072413231
3758096384
1070809477
0
1066290608
0
1071919572
3221225472
1072541064
3221225472
1068214924
0
1072464943
2147483648
1069847355
2147483648
1067983754
0
1070997306
0
1071987679
0
1072068002
536870912
1072534985
1610612736
1066866500
0
1072626001
2147483648
1071345316
0
1070889984
3221225472
1072066231
2684354560
1070652356
3221225472
1071710217
0
1071461100
1073741824
1072693247
2684354560
37
