Uvec
2226355706
1072014445
3758096384
1071648317
536870912
1070722388
3221225472
1070675201
1073741824
1069730709
2147483648
1071361515
1073741824
1072090858
2147483648
1069780361
2147483648
1072075468
1073741824
1068386744
0
1071343194
3221225472
1072626099
3758096384
1072566070
2147483648
1070316441
0
1071800901
2684354560
1069583010
2147483648
1070202670
0
1072660833
2684354560
1071940537
2684354560
1071135994
0
1072153620
536870912
1072480137
1610612736
1072290243
2684354560
1069622183
2147483648
1070099617
2147483648
1071857537
1073741824
1070183084
2147483648
1071988384
0
1071740771
0
1071697078
3758096384
1071380174
2147483648
1071814582
3758096384
1070954927
3221225472
1071477201
1073741824
1070788437
1073741824
1070582179
2147483648
1071911154
0
1072025057
3758096384
1072251001
536870912
1072020218
2147483648
1071483569
1073741824
1068544656
0
1072625442
2684354560
1070741143
0
1070939022
1073741824
1070497458
2147483648
1072023269
3221225472
1071798454
2147483648
1071936889
1610612736
1070066835
0
1071066939
2147483648
1070579963
2147483648
1070917256
3221225472
1069656684
0
1068605059
0
1072143913
3758096384
1072681165
1610612736
1070840863
1073741824
1070826837
1073741824
1071722156
2684354560
1071797431
2147483648
1068841030
0
1068164874
0
1067592524
0
1069277127
0
1068611779
0
1068666923
0
1067957132
0
1069999796
0
1071556195
2147483648
1072373238
1610612736
1067563218
0
1072307716
3758096384
1071792495
1610612736
1072676328
536870912
1071538130
0
1071413502
2147483648
1071777492
1610612736
1071913847
536870912
1071084429
1073741824
1066938080
0
1071478100
0
1071000267
2147483648
1067376248
0
1072288900
3221225472
1072049306
536870912
1071778052
2684354560
1071971836
2147483648
1072670453
536870912
1069572995
2147483648
1072542760
1610612736
1072599296
1610612736
1072077730
536870912
1072394551
536870912
1072247531
1610612736
1070756374
1073741824
1069026375
0
1069054106
0
1071461100
1073741824
1072693247
2684354560
64
