Uvec
2226355706
1070550728
2147483648
1069949913
2147483648
1072582614
3758096384
1072199660
1073741824
1072079012
0
1071859955
2147483648
1067863314
0
1071910347
2684354560
1065261024
0
1072149926
0
1072376060
2684354560
1071102357
3221225472
1072066405
536870912
1072558587
3221225472
1066677636
0
1070850138
2147483648
1072606465
2147483648
1072463896
536870912
1071501881
2147483648
1072151191
3221225472
1071696481
0
1071516478
0
1070755271
1073741824
1071183379
3221225472
1070368498
0
1071154639
2147483648
1070507688
2147483648
1072171829
1610612736
1072447855
3758096384
1069784640
2147483648
1072295403
3758096384
1070685614
0
1069794259
0
1069100444
0
1069805601
0
1070633258
0
1066796344
0
1071610599
2147483648
1070508627
0
1072260123
1073741824
1071835808
536870912
1069921816
0
1071820495
3221225472
1070557257
2147483648
1071146630
0
1071560296
2147483648
1071798084
3221225472
1070942610
1073741824
1071246475
0
1071490772
2147483648
1072347594
0
1071255786
3221225472
1068815654
0
1071655706
1073741824
1072084211
2684354560
1071344705
0
1072136900
1073741824
1071177950
3221225472
1069229890
0
1071017835
2147483648
1071371378
3221225472
1071778205
3758096384
1069418328
0
1072070961
1610612736
1071273954
1073741824
1072667578
3758096384
1065922776
0
1070955972
3221225472
1071439546
1073741824
1071025307
0
1072311829
1073741824
1071517320
3221225472
1072443059
2147483648
1069782599
0
1072600730
2684354560
1069566937
0
1071812633
1073741824
1069064638
0
1072557421
1073741824
1071496090
1073741824
1072344376
2147483648
1071215144
1073741824
1072538648
2147483648
1072557231
1610612736
1072070863
1610612736
1071653089
2684354560
1067255352
0
1071890283
3221225472
1069972471
2147483648
1072636343
3221225472
1071918496
1073741824
1070979877
1073741824
1070911199
1073741824
1068464844
0
1071896573
1610612736
1071629376
2147483648
1072617100
3221225472
1072577974
3758096384
1071461100
1073741824
1072693247
2684354560
78
