Uvec
2226355706
1071909169
1073741824
1072546346
536870912
1071482035
0
1072363058
536870912
1072053161
1073741824
1071101517
1073741824
1069773031
0
1072287371
0
1071934976
3221225472
1072683506
0
1070611421
2147483648
1072069850
0
1071717176
2684354560
1068187706
0
1071772296
536870912
1071725248
1073741824
1071765570
1610612736
1071411682
0
1072277985
1610612736
1071693898
0
1071651747
0
1072531014
3221225472
1071512238
0
1071830183
2147483648
1071667350
3221225472
1063843296
0
1072385994
2684354560
1072047690
3758096384
1071435449
3221225472
1070650871
2147483648
1072151857
3221225472
1068660552
0
1070132754
0
1072617277
3221225472
1070294318
2147483648
1071494573
0
1070798072
2147483648
1072598726
3758096384
1067861430
0
1069822494
2147483648
1068022860
0
1072480057
3221225472
1071810990
2684354560
1071587950
1073741824
1072517632
1073741824
1070929164
0
1070760082
0
1071111187
2147483648
1070687652
0
1071897146
2684354560
1072346101
2684354560
1071817850
0
1071651294
3758096384
1069735106
0
1065489248
0
1071050143
0
1072658845
3221225472
1067285992
0
1068930600
0
1070666250
2147483648
1072231335
1073741824
1071051960
0
1072025873
536870912
1072223469
1073741824
1072310364
0
1072166471
2147483648
1070532528
0
1068961035
0
1067270128
0
1072648604
536870912
1072068185
2147483648
1072126846
3221225472
1072658789
0
1064569312
0
1071052187
1073741824
1071687173
536870912
1072521987
3758096384
1070921587
3221225472
1071412330
2147483648
1072075779
2684354560
1072547599
536870912
1072312569
1610612736
1068943299
0
1072136924
2684354560
1070057167
2147483648
1069318621
0
1072333757
0
1070150387
0
1072062716
2147483648
1072461123
536870912
1071978727
2147483648
1071794286
536870912
1071927865
2684354560
1072400971
2684354560
1072050995
3758096384
1069126970
0
1067547722
0
1071832100
1610612736
1071461100
1073741824
1072693247
2684354560
76
