Uvec
2226355706
1070238800
0
1068422678
0
1070738442
2147483648
1065732968
0
1071631419
3221225472
1071104777
1073741824
1072330653
0
1071488526
3221225472
1070966716
2147483648
1072228613
1610612736
1069383570
0
1072112660
3758096384
1066508552
0
1070739244
0
1072179655
536870912
1068755868
0
1072214336
1610612736
1070545934
0
1071964151
3221225472
1071227401
1073741824
1071899610
1610612736
1071495223
1073741824
1070146754
0
1069843411
0
1071904208
1073741824
1070898205
3221225472
1065418152
0
1071568516
2147483648
1071342626
3221225472
1070497196
2147483648
1070058601
0
1072605306
1610612736
1072359556
3221225472
1072219068
536870912
1071155503
0
1072120064
1610612736
1071802202
3221225472
1070754586
1073741824
1067495772
0
1072453520
1610612736
1072207846
1610612736
1066451992
0
1072229459
3221225472
1072632040
0
1071983229
2147483648
1068603654
0
1072048670
1073741824
1071549527
1073741824
1070376574
2147483648
1068275878
0
1072463498
0
1071703836
3758096384
1070650172
3221225472
1072209702
0
1072133125
2147483648
1071755239
2147483648
1069743163
2147483648
1071022234
2147483648
1072268576
3221225472
1071001566
1073741824
1071145564
3221225472
1071216719
3221225472
1071843706
1610612736
1070870791
0
1071956359
0
1072208434
3758096384
1070663692
2147483648
1071085878
3221225472
1070701090
1073741824
1071140564
3221225472
1070441486
0
1072673649
2684354560
1072032797
3221225472
1071655947
3221225472
1072646170
2147483648
1066237480
0
1070624543
3221225472
1070614707
3221225472
1071039529
2147483648
1071975056
2147483648
1071745585
0
1072000558
1073741824
1072004355
3221225472
1072667273
1610612736
1070937581
1073741824
1071719889
1073741824
1071462793
1073741824
1072245592
1610612736
1069025302
0
1068346670
0
1070019357
2147483648
1072220284
1610612736
1072461399
536870912
1072034990
536870912
1068507651
0
1068195580
0
1070461592
0
1072667983
3758096384
1071461100
1073741824
1072693247
2684354560
51
