Uvec
2226355706
1071170619
1073741824
1072043523
536870912
1071290491
0
1068602202
0
1072529649
1610612736
1071923186
536870912
1070771474
1073741824
1072590349
0
1072437256
3221225472
1072513967
1610612736
1072084170
3758096384
1071870341
3221225472
1072437779
3221225472
1071680693
2684354560
1071381910
2147483648
1065147920
0
1069318516
0
1070952177
2147483648
1072217562
3758096384
1070837785
3221225472
1072610652
1073741824
1071887403
3758096384
1071776958
2684354560
1072345525
3758096384
1071952034
2684354560
1071717526
1073741824
1070616160
2147483648
1072156011
1073741824
1071681135
2147483648
1069962946
2147483648
1071686268
2684354560
1072377659
3758096384
1070285106
2147483648
1071827991
3758096384
1072211631
3758096384
1071531253
3221225472
1071109335
0
1072033421
2684354560
1070427272
0
1072434744
2684354560
1071280218
0
1070802871
0
1072146626
0
1069990499
2147483648
1072045891
1073741824
1071393914
0
1071611915
0
1072660001
1610612736
1071952030
3758096384
1070751821
1073741824
1070211689
2147483648
1072556351
1610612736
1072470750
0
1072415064
3758096384
1069778543
2147483648
1072135257
3758096384
1066999344
0
1068701672
0
1071894925
536870912
1071955471
1610612736
1072265171
2147483648
1071992041
2684354560
1071366088
0
1072475747
3221225472
1071390958
2147483648
1071828354
3221225472
1070989136
3221225472
1070309858
2147483648
1072558661
1610612736
1071470375
1073741824
1071875904
0
1069804886
0
1072678925
2684354560
1072506065
1073741824
1071240702
2147483648
1070903266
0
1072460231
0
1070773886
0
1071288138
2147483648
1071225011
2147483648
1072475639
2684354560
1071931586
3221225472
1071715568
1073741824
1070378052
2147483648
1071944589
3758096384
1070615942
2147483648
1072307969
1073741824
1072256758
536870912
1070759794
0
1072082567
3758096384
1064689888
0
1072533864
3221225472
1072639481
1073741824
1072312100
1610612736
1072578895
3758096384
1066806044
0
1065666952
0
1069387044
0
1071461100
1073741824
1072693247
2684354560
23
