Uvec
2226355706
1070638796
0
1072167489
1610612736
1069376183
0
1072001014
1610612736
1072282816
3758096384
1068670727
0
1068817309
0
1070773718
0
1069810109
0
1072286319
3221225472
1072309649
536870912
1066869852
0
1066655684
0
1072516119
3221225472
1070010950
2147483648
1069206415
0
1072471327
1073741824
1069196204
0
1071423847
1073741824
1066231248
0
1072673304
2147483648
1071864790
3221225472
1069285543
0
1069926020
2147483648
1068104916
0
1072230423
1073741824
1071900386
2147483648
1069540271
0
1069331545
0
1072628026
0
1071853580
3221225472
1072079533
1610612736
1070681137
0
1072057074
0
1071811738
3758096384
1069836489
2147483648
1068546801
0
1068421724
0
1071957855
2684354560
1071295079
1073741824
1067560886
0
1070812757
1073741824
1071560980
0
1072344527
536870912
1070987337
0
1072147833
3221225472
1071483321
2147483648
1070904183
2147483648
1072167634
2147483648
1071822905
1073741824
1067968902
0
1068294600
0
1071856701
3221225472
1071050387
2147483648
1067995542
0
1070887028
0
1070957678
1073741824
1071697764
0
1072096506
2684354560
1071662137
3221225472
1071830910
3221225472
1070659803
0
1072566585
3758096384
1072690190
0
1071869096
536870912
1072259374
2684354560
1071831315
2147483648
1072657246
3221225472
1072160478
1073741824
1071880750
0
1072136531
3758096384
1071322838
2147483648
1070474690
2147483648
1072269321
536870912
1057949696
0
1071838979
536870912
1067511120
0
1071749485
0
1069596663
2147483648
1070832283
2147483648
1068731924
0
1071526579
0
1069613193
2147483648
1069318199
0
1070829149
0
1071796234
3221225472
1072101022
1610612736
1072451786
1073741824
1070127283
2147483648
1069733409
2147483648
1071758619
3758096384
1069559947
0
1072551239
2684354560
1069539224
0
1070849658
3221225472
1068791013
0
1072476406
1073741824
1072612973
2684354560
1071461100
1073741824
1072693247
2684354560
13
