Uvec
2226355706
1070831294
1073741824
1070104723
2147483648
1071190234
0
1072167591
2147483648
1072563229
2684354560
1070879458
1073741824
1072034616
3758096384
1068405654
0
1072440158
536870912
1071421156
3221225472
1072160527
536870912
1072026006
1610612736
1071999985
3758096384
1071783181
3221225472
1072223522
1073741824
1068552271
0
1070947050
2147483648
1072127756
536870912
1070933229
1073741824
1072429771
2684354560
1067632788
0
1072424407
3758096384
1071796863
536870912
1071951408
3221225472
1070601273
0
1071817998
2684354560
1072235857
2684354560
1071941857
536870912
1071072245
3221225472
1069337359
0
1070473643
0
1070704350
0
1072082169
3758096384
1068559303
0
1070460509
2147483648
1071599431
3221225472
1071992789
1610612736
1072291325
2684354560
1070031758
0
1071045858
1073741824
1072514989
3758096384
1072453282
3221225472
1070983656
2147483648
1071350202
0
1071971206
1610612736
1072452204
536870912
1072093904
2147483648
1072183990
3221225472
1071923330
1073741824
1072358619
3221225472
1072263481
1610612736
1065246064
0
1071592437
0
1072555126
3758096384
1072654247
2684354560
1071596435
0
1069190678
0
1071269000
1073741824
1072355643
536870912
1072612674
2684354560
1072079692
3758096384
1068115770
0
1071245616
1073741824
1072466834
2684354560
1071305005
1073741824
1071848952
3758096384
1072400796
3758096384
1066643676
0
1070758445
3221225472
1071365615
0
1071512555
2147483648
1071723809
3221225472
1072165592
3221225472
1071955372
2147483648
1071949957
3221225472
1071526512
0
1072457446
2147483648
1072257265
0
1071774979
1073741824
1071835432
3221225472
1068462592
0
1072546927
3758096384
1072067840
1073741824
1070638916
1073741824
1071751625
1610612736
1071050670
2147483648
1070183808
2147483648
1072224165
2684354560
1071700712
3758096384
1071058431
2147483648
1072126842
536870912
1072450340
1610612736
1070646836
1073741824
1062228288
0
1071433625
2147483648
1071000675
1073741824
1070933425
1073741824
1072246641
0
1071461100
1073741824
1072693247
2684354560
6
