Uvec
2226355706
1071867500
1073741824
1072524536
2684354560
1072074055
3758096384
1071913090
0
1071929963
3221225472
1071944214
0
1071738246
3758096384
1071461449
3221225472
1070804269
0
1072526456
1073741824
1071144585
1073741824
1072111565
536870912
1072188499
3221225472
1068474072
0
1070862878
3221225472
1070404510
0
1068657361
0
1066712248
0
1070972267
0
1069670884
0
1071904246
3221225472
1071023649
1073741824
1070473445
0
1070594537
2147483648
1071727006
1073741824
1071608978
3221225472
1071757031
3758096384
1067541982
0
1071992298
1610612736
1072002729
3221225472
1069863811
0
1072201611
0
1072401001
536870912
1070580794
2147483648
1069204174
0
1070791190
1073741824
1071421883
2147483648
1072167512
3221225472
1071931012
2147483648
1070657845
3221225472
1069654312
0
1069509326
0
1072620956
1073741824
1071750941
1073741824
1072301392
536870912
1070773369
3221225472
1072383633
2684354560
1072072379
2147483648
1072303797
2684354560
1072304988
1073741824
1071167049
0
1069511201
0
1071388758
2147483648
1071705271
1610612736
1072293178
3758096384
1072418854
2147483648
1072682893
3221225472
1071720564
536870912
1072483470
2684354560
1072032987
0
1071889978
1073741824
1070899894
3221225472
1067113124
0
1071542506
2147483648
1071382687
0
1071250727
3221225472
1072488687
536870912
1071662364
1610612736
1071932461
2684354560
1070601804
0
1071146822
2147483648
1072118590
3221225472
1069808087
0
1071561120
3221225472
1072319856
2147483648
1072469247
536870912
1069411066
0
1072667416
1610612736
1071023038
2147483648
1072110173
1610612736
1071016480
2147483648
1072594214
2147483648
1071117152
2147483648
1071092328
1073741824
1071994927
0
1071775174
1073741824
1069769453
2147483648
1071534623
0
1071660002
2147483648
1072621649
3221225472
1070735138
0
1068889033
0
1070978448
3221225472
1072649498
0
1072653326
3758096384
1072445815
536870912
1071919787
2684354560
1071997773
1610612736
1071461100
1073741824
1072693247
2684354560
61
