Uvec
2226355706
1070082501
2147483648
1071617193
1073741824
1072063627
3221225472
1072532879
0
1071858644
2147483648
1064920480
0
1072068158
0
1070825606
0
1067047992
0
1071830091
0
1071229879
2147483648
1071900949
2684354560
1071412437
3221225472
1072083855
1073741824
1072267712
0
1072539861
0
1071742907
2147483648
1069853122
0
1072634794
1073741824
1072229311
1073741824
1070872300
1073741824
1071762997
1073741824
1070253538
0
1071035560
1073741824
1070240619
2147483648
1070952318
2147483648
1072681398
2147483648
1072623913
536870912
1067892488
0
1070487095
0
1070734847
0
1072238479
0
1071985947
2147483648
1072042104
536870912
1072189118
3221225472
1069709099
0
1072287582
1610612736
1072132964
1073741824
1071834194
2147483648
1072128479
3758096384
1072171186
2147483648
1072082364
2684354560
1072682073
1073741824
1071985755
0
1070713755
2147483648
1071329062
1073741824
1072190980
3758096384
1064920208
0
1071967423
3221225472
1072016584
3221225472
1071228022
2147483648
1071054306
0
1072222648
536870912
1072494908
2147483648
1071776920
536870912
1072278036
536870912
1068890607
0
1070706833
3221225472
1071791393
1610612736
1064360384
0
1072124440
3758096384
1072060734
536870912
1072220055
2147483648
1067976550
0
1072220731
2684354560
1072612741
536870912
1072266391
0
1071021736
3221225472
1071720540
2684354560
1072249770
0
1071765492
2684354560
1071316553
2147483648
1071747127
536870912
1069071403
0
1071722256
0
1067280724
0
1072356619
0
1072018491
536870912
1071803014
1610612736
1071478998
3221225472
1071315167
1073741824
1071284309
1073741824
1072512924
3758096384
1071948860
0
1066891964
0
1071644872
2147483648
1070161897
0
1072409697
2684354560
1071940525
1073741824
1072264554
1610612736
1070771961
2147483648
1071523971
2147483648
1072416983
2684354560
1069499031
0
1071538369
3221225472
1071884763
2147483648
1072433946
0
1071970280
3758096384
1071461100
1073741824
1072693247
2684354560
3
