Uvec
2226355706
1072655540
0
1071416185
0
1072366701
1610612736
1072232417
1610612736
1070508537
2147483648
1071084798
1073741824
1071429672
2147483648
1071554756
3221225472
1071445865
0
1069320374
0
1071804174
0
1069978013
0
1072288037
2147483648
1068678031
0
1072246487
2147483648
1072113018
0
1071069366
0
1070693548
0
1070995165
1073741824
1070942325
0
1072240738
3221225472
1071616935
1073741824
1071091103
0
1071209655
0
1071375780
3221225472
1072247768
1610612736
1071013909
0
1072187311
1073741824
1071627102
3221225472
1072182802
2684354560
1070114486
2147483648
1071505109
3221225472
1067725956
0
1071435899
1073741824
1071452370
1073741824
1072023059
2147483648
1072074474
1073741824
1069571351
0
1072544187
3758096384
1069666496
0
1071300685
2147483648
1071884489
0
1070649102
3221225472
1071960077
1610612736
1071455049
3221225472
1071922392
3758096384
1072159952
2147483648
1072601263
3221225472
1072124295
1610612736
1072462884
3758096384
1071716199
3221225472
1070814968
1073741824
1072642874
1610612736
1072631357
0
1071838919
1073741824
1070769438
3221225472
1072140718
2147483648
1072359480
0
1071880852
3758096384
1072163082
1610612736
1066804276
0
1070410328
2147483648
1071648934
3758096384
1069494410
0
1072368273
1073741824
1071423857
3221225472
1071198384
2147483648
1071997332
1073741824
1067686232
0
1072217133
1610612736
1070821042
1073741824
1071410569
3221225472
1071749983
2684354560
1071884201
2147483648
1072320380
3221225472
1072327205
2147483648
1072350611
3221225472
1072187884
0
1072227163
3221225472
1072450448
2147483648
1072275681
2147483648
1070440895
0
1068833031
0
1067948216
0
1071507717
2147483648
1071214007
3221225472
1072162980
1073741824
1072494206
1610612736
1070839017
3221225472
1070060657
0
1069339367
0
1071017574
0
1069600401
0
1070939915
2147483648
1072118593
1610612736
1071804159
2684354560
1072140789
1073741824
1070622825
2147483648
1071461100
1073741824
1072693247
2684354560
2
