Uvec
2226355706
1072265306
0
1072384774
0
1071952307
3758096384
1072093265
1610612736
1070054878
0
1072388555
536870912
1072365373
3221225472
1072332291
3221225472
1071998627
1073741824
1072513713
2684354560
1071786089
2147483648
1068583566
0
1070722799
1073741824
1071732123
1073741824
1070508775
0
1071863958
536870912
1072227726
2147483648
1072475694
2684354560
1071072298
3221225472
1072020358
2147483648
1071492567
2147483648
1071885450
2684354560
1071173920
0
1072087854
2684354560
1072290364
0
1071808272
2147483648
1072510752
1073741824
1071644974
3758096384
1071177590
1073741824
1072411737
2147483648
1072657221
1073741824
1071149359
3221225472
1072011476
1610612736
1071784851
1073741824
1072287526
3221225472
1072074957
3758096384
1070813251
0
1072055382
0
1071759631
2684354560
1072538624
536870912
1070722721
3221225472
1072454828
0
1069053766
0
1072686362
2684354560
1072050482
1610612736
1069431895
0
1070610872
0
1071042396
2147483648
1069701114
0
1067082544
0
1070900965
0
1072354330
536870912
1072420238
3758096384
1072160388
536870912
1070615185
2147483648
1067572902
0
1071823584
2147483648
1072394154
1073741824
1070638917
3221225472
1069996421
2147483648
1068851063
0
1071896392
536870912
1072001180
3221225472
1072415790
536870912
1071742730
3758096384
1071776255
3758096384
1069317868
0
1071054367
2147483648
1069773682
2147483648
1068764350
0
1071884798
2147483648
1068378534
0
1071846606
1610612736
1071718679
3221225472
1067423776
0
1071486558
3221225472
1072373508
536870912
1072176923
1073741824
1072511846
3221225472
1072642784
2147483648
1071999281
2147483648
1070044941
0
1070083965
0
1071998729
2147483648
1071990641
2684354560
1071941953
3758096384
1072555684
2684354560
1069084304
0
1069312226
0
1070521577
0
1072282330
1610612736
1069729028
0
1071302966
1073741824
1071569148
1073741824
1072257182
3758096384
1071813598
3221225472
1067599252
0
1067659984
0
1071461100
1073741824
1072693247
2684354560
83
