Uvec
2226355706
1072010505
2684354560
1072101527
536870912
1072301181
1610612736
1072610360
0
1071533087
3221225472
1071034369
0
1072412762
536870912
1072191651
2147483648
1072369098
2147483648
1072167931
2147483648
1071988033
1073741824
1071140101
2147483648
1070977912
3221225472
1072262256
3758096384
1071664850
3758096384
1072301754
2147483648
1072130487
3758096384
1069837161
2147483648
1072677769
536870912
1071703969
1073741824
1071049724
1073741824
1072022686
1610612736
1072434225
2684354560
1071546600
0
1070859999
1073741824
1071684184
3221225472
1070268220
2147483648
1072179125
0
1071721315
1073741824
1071915188
1073741824
1071984294
3221225472
1071644708
3221225472
1071299532
3221225472
1072630627
1610612736
1071160529
2147483648
1070462895
0
1072458853
3758096384
1070719706
1073741824
1069972449
2147483648
1070096843
2147483648
1072479698
2684354560
1071151991
2147483648
1072022921
3758096384
1069560043
2147483648
1071495122
3221225472
1071573110
1073741824
1071783002
2147483648
1072651860
3758096384
1070535660
0
1070708390
1073741824
1068984632
0
1070435846
0
1072200145
1073741824
1068915143
0
1071376423
2147483648
1070910693
1073741824
1068271606
0
1070051321
2147483648
1068116076
0
1070595426
2147483648
1072424639
0
1066348776
0
1072396363
2147483648
1070471151
0
1071691128
3758096384
1072177205
3221225472
1070570543
0
1066596040
0
1069101326
0
1071978380
3758096384
1072062519
1073741824
1068799177
0
1072470073
3758096384
1072305794
536870912
1072129237
2147483648
1070988440
1073741824
1071367547
3221225472
1070865288
1073741824
1072168506
1610612736
1070855990
0
1070986912
0
1071508911
2147483648
1070577063
0
1072407564
1073741824
1072021392
2147483648
1072091976
2147483648
1071714885
0
1065517280
0
1069617091
0
1072189544
1610612736
1071566411
3221225472
1071917318
536870912
1072048488
1610612736
1070387332
0
1069166035
0
1071340946
0
1072433372
1610612736
1070646703
2147483648
1071461100
1073741824
1072693247
2684354560
87
