Uvec
2226355706
1068605225
0
1072633904
0
1067099308
0
1071289881
0
1071042049
0
1069694693
2147483648
1071760464
2147483648
1066320232
0
1070667585
1073741824
1072645574
2684354560
1071879232
3758096384
1072530734
536870912
1070818480
3221225472
1072031309
1073741824
1072593165
2684354560
1071300373
0
1066793276
0
1071656826
536870912
1071709971
1610612736
1070177272
0
1072646182
1610612736
1071591442
1073741824
1072145947
3221225472
1070698677
2147483648
1072616686
3221225472
1072350502
1073741824
1070996914
3221225472
1068756008
0
1072333877
2147483648
1070402100
2147483648
1070928616
2147483648
1072619494
2147483648
1072444906
3758096384
1071703218
3758096384
1071629927
0
1072214758
536870912
1071217193
2147483648
1068784051
0
1070954219
1073741824
1070590900
0
1070932043
1073741824
1072189211
2147483648
1072197679
3221225472
1072175197
2147483648
1071972413
1610612736
1071273314
0
1070678283
3221225472
1072480320
3221225472
1069262542
0
1070103307
2147483648
1072567660
1073741824
1071770551
1073741824
1068538924
0
1068227126
0
1071104885
2147483648
1072563113
0
1072584505
536870912
1070784549
0
1072063744
2684354560
1072413938
3221225472
1070958476
0
1071500236
0
1069407341
0
1072625980
1610612736
1072314100
3221225472
1072571402
2147483648
1071761173
1610612736
1072031363
3221225472
1068444868
0
1070590372
0
1072162780
2147483648
1071012754
0
1068675644
0
1072673934
536870912
1071848057
2147483648
1072137076
1073741824
1072653771
2147483648
1072654684
1073741824
1072344244
3758096384
1070797523
0
1071088363
0
1071962501
1610612736
1070969439
0
1071169304
0
1067904728
0
1070625231
1073741824
1071807181
1610612736
1070740080
2147483648
1070979692
3221225472
1071072858
1073741824
1070575196
0
1072506782
536870912
1071814247
536870912
1069614512
0
1071745273
2684354560
1072565936
2147483648
1069957217
0
1072270906
3758096384
1071461100
1073741824
1072693247
2684354560
13
