Uvec
2226355706
1072681751
3758096384
1069610845
2147483648
1070079817
2147483648
1069604318
2147483648
1072162839
0
1071751425
3758096384
1072127185
1073741824
1065914552
0
1072460541
2684354560
1067685240
0
1070328868
0
1070850916
0
1072367427
2684354560
1072113005
536870912
1072630611
3758096384
1071579199
0
1072008238
536870912
1070644451
3221225472
1072013257
3758096384
1071810590
3758096384
1072476696
1610612736
1071858357
1610612736
1071932213
536870912
1070457361
2147483648
1072174139
1610612736
1065079568
0
1071434830
1073741824
1071500292
1073741824
1069425393
0
1072311484
1073741824
1070084578
2147483648
1071739917
0
1071037620
1073741824
1072600174
3221225472
1072685497
1073741824
1072390040
3758096384
1071346437
2147483648
1072294421
1073741824
1072612391
3221225472
1071518199
1073741824
1070077883
0
1072415962
3221225472
1071824899
1610612736
1072498449
2147483648
1071440829
2147483648
1072338102
1610612736
1072329314
3221225472
1072470895
2684354560
1072375399
1073741824
1071060656
3221225472
1072599937
1610612736
1071514429
0
1071410796
3221225472
1071959983
536870912
1070709079
3221225472
1070788601
0
1072458010
2684354560
1071763749
3221225472
1071291029
1073741824
1072066661
2684354560
1070682841
0
1072639595
536870912
1072548248
0
1072370537
1073741824
1071772937
3221225472
1072363460
3221225472
1071532104
1073741824
1069580950
2147483648
1069996018
0
1070603610
2147483648
1070071684
2147483648
1071263401
2147483648
1070841721
1073741824
1062194944
0
1068451880
0
1071837028
3221225472
1069628800
0
1071377709
3221225472
1069183351
0
1072210429
2684354560
1071783348
3758096384
1072092461
1073741824
1071175949
3221225472
1072154037
2147483648
1070166314
0
1071826877
536870912
1070497486
0
1072283661
536870912
1071263635
0
1070675585
0
1068556132
0
1071024343
1073741824
1071222951
3221225472
1072074635
3758096384
1072329039
1610612736
1068564089
0
1069771285
2147483648
1070686263
0
1071461100
1073741824
1072693247
2684354560
40
