Uvec
2226355706
1071450727
1073741824
1065011248
0
1071541369
0
1072459643
1610612736
1072394668
2147483648
1072398442
2147483648
1070987376
0
1072571460
2684354560
1072542095
2147483648
1071998950
2684354560
1071913724
3758096384
1072245290
1073741824
1071329960
1073741824
1071656967
1610612736
1071481874
0
1070217896
0
1072358819
1610612736
1063000640
0
1069949891
2147483648
1068888739
0
1072364955
536870912
1071074627
0
1071549399
1073741824
1070436721
2147483648
1072251380
3758096384
1068973775
0
1071676758
3758096384
1067158188
0
1072595945
1073741824
1067735846
0
1071713536
3758096384
1067744042
0
1072461601
0
1072027102
0
1072386767
0
1070159423
0
1072547836
1073741824
1063379040
0
1072274283
1610612736
1072312326
3758096384
1071277892
0
1071996115
0
1071456407
2147483648
1072439808
2684354560
1069703106
2147483648
1072572235
1073741824
1071444228
0
1069019039
0
1071922773
1610612736
1072196965
1610612736
1072577736
1073741824
1071661023
1073741824
1071491998
2147483648
1070744350
1073741824
1070695490
3221225472
1071327558
1073741824
1072540835
0
1072028885
0
1070768606
3221225472
1072664250
3758096384
1067788214
0
1071658210
3221225472
1070943155
0
1072135445
2684354560
1072619239
0
1072610880
536870912
1068313908
0
1070788628
1073741824
1072492914
2684354560
1072649981
2684354560
1072274078
1073741824
1072617004
1610612736
1071813733
2147483648
1070716427
2147483648
1068828995
0
1072320863
3758096384
1071544967
1073741824
1072586994
1610612736
1071931664
3758096384
1071916776
1610612736
1069652289
2147483648
1072678883
1073741824
1072617461
2147483648
1072177399
0
1071973634
3221225472
1071706442
3221225472
1072578571
536870912
1072505148
0
1071251215
0
1070962584
2147483648
1072173680
2147483648
1068701773
0
1071944561
0
1071153386
3221225472
1070005878
0
1072441187
2684354560
1069134623
0
1069791916
2147483648
1071461100
1073741824
1072693247
2684354560
52
