Uvec
2226355706
1068037144
0
1070600201
3221225472
1071089826
2147483648
1072061802
1073741824
1070733573
2147483648
1071685535
3758096384
1070134750
2147483648
1072199680
2684354560
1071617505
1073741824
1069893016
2147483648
1071922383
3221225472
1071278197
2147483648
1068841069
0
1072514329
2684354560
1072393759
0
1071294751
2147483648
1071704676
2147483648
1072392160
1073741824
1072227540
1610612736
1072486491
1610612736
1071976483
1073741824
1071867394
1610612736
1071041722
3221225472
1072675710
3758096384
1072163731
2684354560
1070997014
3221225472
1072255085
1610612736
1072404732
1073741824
1067129948
0
1072192279
3758096384
1072465059
3221225472
1072587338
3758096384
1071662702
3758096384
1072461201
3758096384
1071799089
1610612736
1071804225
1073741824
1070785599
1073741824
1072373640
3758096384
1071921276
536870912
1072290481
3221225472
1070551339
0
1071354076
1073741824
1071996041
0
1072076665
1073741824
1071716388
2684354560
1071237418
0
1070879195
1073741824
1070371656
2147483648
1070872691
2147483648
1071099527
2147483648
1071911301
0
1070017330
2147483648
1070250986
0
1072521851
2147483648
1072104092
3221225472
1072302846
3758096384
1071458727
2147483648
1071687158
1073741824
1072326046
1610612736
1071851354
2147483648
1069871672
2147483648
1071027523
2147483648
1071376306
3221225472
1071943551
3221225472
1071830075
1610612736
1072242492
536870912
1068835389
0
1071724791
0
1072252597
2147483648
1070147012
2147483648
1071267140
3221225472
1069273594
0
1071764024
3221225472
1072095907
1073741824
1070102693
0
1071886225
3758096384
1069262201
0
1067789236
0
1070804110
2147483648
1071696039
1073741824
1072011698
1610612736
1072414225
2684354560
1068975739
0
1070188073
2147483648
1072088973
1073741824
1071610089
3221225472
1070223269
2147483648
1070081727
2147483648
1071804874
3221225472
1071721021
2147483648
1070612504
3221225472
1072092992
0
1072474300
0
1070073241
0
1071280274
0
1069919840
2147483648
1069576955
0
1072063194
2684354560
1071461100
1073741824
1072693247
2684354560
56
