Uvec
2226355706
1072184485
2684354560
1071230346
0
1071964673
1073741824
1066976040
0
1071713824
2147483648
1072262371
1610612736
1072648048
3758096384
1072409572
1610612736
1071813347
1073741824
1069685424
0
1072633288
536870912
1071803985
0
1072528735
0
1071675713
1610612736
1070722257
0
1071749581
2147483648
1072533065
1073741824
1070727554
1073741824
1072642611
1610612736
1072256801
2147483648
1070626587
0
1071116027
2147483648
1071194674
3221225472
1070681758
1073741824
1071810823
536870912
1072313615
2684354560
1069124802
0
1071685978
1610612736
1071737522
1610612736
1072481454
0
1071084381
1073741824
1071955557
2684354560
1070691179
0
1071710890
536870912
1071961762
0
1069851350
2147483648
1071744029
1073741824
1071186358
1073741824
1071102111
3221225472
1072390994
3221225472
1071841189
1073741824
1071874791
3221225472
1069516010
0
1071004217
2147483648
1072482078
3221225472
1071633364
0
1070803372
2147483648
1069503151
0
1072161291
1073741824
1070004792
2147483648
1071609862
0
1071795081
3758096384
1069078525
0
1072101573
0
1071308645
2147483648
1070058002
2147483648
1072090491
3221225472
1068418868
0
1072390622
3221225472
1069083285
0
1072622980
536870912
1071829281
3758096384
1072358239
1073741824
1072140091
1610612736
1072007344
1610612736
1067246980
0
1070167544
0
1071215884
1073741824
1068809600
0
1072421104
3758096384
1072279509
1073741824
1072078180
2684354560
1067342604
0
1070242313
0
1072472026
3221225472
1065700768
0
1072563005
1073741824
1068132300
0
1069411441
0
1071851914
1073741824
1071717568
3758096384
1071673575
2147483648
1070554816
2147483648
1071300866
2147483648
1072431660
2147483648
1071603722
1073741824
1071771394
536870912
1067092616
0
1072469517
2147483648
1072115973
1610612736
1072142928
3221225472
1070416984
2147483648
1069973067
2147483648
1071061048
3221225472
1069012386
0
1068824904
0
1071920298
2684354560
1069561945
0
1071461100
1073741824
1072693247
2684354560
19
