Uvec
2226355706
1072522160
2147483648
1072252916
3221225472
1068685260
0
1069420831
0
1071196335
1073741824
1072497190
3758096384
1072379394
2684354560
1072130071
3758096384
1068893999
0
1072215253
3221225472
1070048898
2147483648
1069098099
0
1072046992
3758096384
1071438688
0
1072401606
0
1072263261
3758096384
1071348895
0
1072590797
1073741824
1071833108
3221225472
1071735093
1610612736
1071449191
3221225472
1071411116
1073741824
1067802732
0
1070802706
2147483648
1070204488
2147483648
1071668471
2684354560
1072193719
536870912
1071687659
1610612736
1071853248
3221225472
1066860512
0
1072558956
536870912
1072151531
1610612736
1072006979
0
1072366228
2684354560
1072438432
1610612736
1072132030
0
1072191479
1610612736
1071655554
1073741824
1072145797
0
1071325966
3221225472
1072045676
3221225472
1069020920
0
1072570172
3758096384
1070623424
1073741824
1072520650
2147483648
1070907884
2147483648
1070943216
1073741824
1067635762
0
1071738671
536870912
1071694227
3221225472
1072241066
2147483648
1072662321
1610612736
1072303983
0
1070237332
2147483648
1071762133
1073741824
1071369678
1073741824
1072269424
1610612736
1072494241
2147483648
1071748682
0
1072270920
2684354560
1066262232
0
1067378712
0
1069630748
0
1071993328
3221225472
1071222618
3221225472
1069195407
0
1069795462
0
1072603093
2684354560
1071884895
2147483648
1071795115
3221225472
1071909622
1610612736
1072304371
0
1072477873
2684354560
1071632308
0
1071926967
3221225472
1071999253
1610612736
1072202822
536870912
1069907518
2147483648
1072236749
1073741824
1068880876
0
1071186915
1073741824
1072070120
3221225472
1070488280
2147483648
1072258999
1610612736
1072346373
2147483648
1072141063
1073741824
1072300680
536870912
1067717264
0
1072207913
1073741824
1070823531
1073741824
1072500775
1610612736
1069748667
2147483648
1065696168
0
1071654370
0
1070907196
3221225472
1071631968
0
1070162777
2147483648
1072065200
0
1071461100
1073741824
1072693247
2684354560
67
