Uvec
2226355706
1072297090
536870912
1072254612
1610612736
1069895259
0
1072022667
3221225472
1070777639
1073741824
1071814333
2147483648
1072291258
2147483648
1067916388
0
1071902217
2147483648
1072536849
0
1072096150
536870912
1071366943
1073741824
1071064298
2147483648
1069731666
2147483648
1070621583
1073741824
1071050450
3221225472
1072667094
3221225472
1071484486
2147483648
1070598423
3221225472
1070683268
3221225472
1066868608
0
1071347171
2147483648
1070606013
2147483648
1071684839
2684354560
1071845363
1610612736
1071553268
0
1068848620
0
1071016412
1073741824
1071476743
2147483648
1070764981
3221225472
1069955836
2147483648
1071522129
2147483648
1069856001
0
1072591164
3758096384
1070063057
0
1070192257
2147483648
1070004075
2147483648
1068155902
0
1063507424
0
1069752520
0
1071749609
2147483648
1072055968
1073741824
1072515539
1073741824
1070935592
3221225472
1068707882
0
1069699298
2147483648
1069979948
2147483648
1072106676
0
1072408299
3758096384
1071405907
0
1067709654
0
1071650799
0
1066348360
0
1071131832
2147483648
1070001726
0
1072090488
3221225472
1071509586
1073741824
1072075919
3758096384
1071651056
0
1072046551
1073741824
1072091614
1610612736
1071786611
1073741824
1071684937
0
1072539849
0
1065064864
0
1068794913
0
1070894036
1073741824
1070705221
0
1070790393
1073741824
1072299131
1610612736
1070252938
2147483648
1071831559
3221225472
1070343278
0
1072589713
2147483648
1071941664
1073741824
1071933874
3758096384
1071680552
0
1066053672
0
1072182200
3221225472
1069089264
0
1071930376
1610612736
1071540657
3221225472
1072318389
1073741824
1071220863
3221225472
1069096781
0
1070954867
1073741824
1066359256
0
1070139393
2147483648
1070673578
3221225472
1071471124
2147483648
1071829714
1073741824
1068981898
0
1071893318
2684354560
1071774277
536870912
1069227637
0
1070290776
2147483648
1069723645
0
1071893478
3221225472
1071461100
1073741824
1072693247
2684354560
85
