Uvec
2226355706
1071968579
1073741824
1070957670
2147483648
1070213942
2147483648
1071618879
2147483648
1072398463
1610612736
1070051227
2147483648
1071947120
536870912
1070913985
0
1071922842
2147483648
1071349451
2147483648
1071223753
1073741824
1071725303
536870912
1071625485
0
1072023752
536870912
1071859088
536870912
1068790354
0
1071827619
536870912
1071456976
3221225472
1071764764
1073741824
1071970720
3758096384
1069568343
2147483648
1072128921
0
1070819155
1073741824
1070865263
2147483648
1070919786
2147483648
1072209778
2147483648
1072252959
1073741824
1067608580
0
1071242060
0
1070562435
2147483648
1070444102
2147483648
1066244736
0
1071219083
1073741824
1071158295
1073741824
1071342609
2147483648
1071412746
0
1071487634
1073741824
1072552065
1073741824
1072533468
2147483648
1072547708
536870912
1071369866
3221225472
1071174182
1073741824
1071267585
0
1070690534
1073741824
1072271353
536870912
1069680199
2147483648
1072672386
2147483648
1069115103
0
1070315291
2147483648
1071128377
3221225472
1072466853
2684354560
1071070673
1073741824
1072040907
536870912
1070439843
2147483648
1070675282
2147483648
1067413292
0
1070716141
3221225472
1072159878
3758096384
1072011072
1073741824
1068957588
0
1072473977
2147483648
1072014532
536870912
1072109611
3758096384
1071449971
0
1072532416
2147483648
1072407572
1073741824
1069697691
0
1070791952
3221225472
1066821348
0
1072106318
3758096384
1070797309
3221225472
1072603337
3758096384
1068837056
0
1070794651
0
1071190133
3221225472
1071833906
1610612736
1068625230
0
1072545183
2684354560
1072151594
2684354560
1072032793
0
1071279850
3221225472
1071048118
1073741824
1071093518
2147483648
1071674446
1073741824
1070896268
2147483648
1072664608
1610612736
1071345646
1073741824
1070998500
3221225472
1072300925
0
1068678652
0
1067718890
0
1071294999
0
1072070093
2684354560
1070844501
2147483648
1072505049
1073741824
1072292003
3221225472
1072513615
3758096384
1072287983
2684354560
1071461100
1073741824
1072693247
2684354560
23
