Uvec
2226355706
1072444958
3221225472
1071475551
0
1069368118
0
1067975814
0
1071200075
1073741824
1071134389
1073741824
1070707091
3221225472
1071386375
3221225472
1071735004
1073741824
1072446933
536870912
1069384748
0
1072383894
3758096384
1069252141
0
1071648398
0
1070975132
1073741824
1072547358
1610612736
1072582377
2147483648
1071478095
1073741824
1070520515
2147483648
1068790000
0
1071653805
536870912
1068262040
0
1072427734
2684354560
1065624592
0
1071779431
0
1065625688
0
1071914655
2147483648
1066443308
0
1069740936
2147483648
1072068015
3758096384
1071697216
3758096384
1068728205
0
1070460629
0
1072540988
1610612736
1071686736
1610612736
1072621685
3221225472
1070295545
2147483648
1066597976
0
1070689763
2147483648
1070644476
3221225472
1072340371
1610612736
1072113049
2147483648
1069675582
2147483648
1071542100
3221225472
1069984869
2147483648
1068776543
0
1072690294
2684354560
1072307699
0
1064092416
0
1070636565
1073741824
1072292414
1073741824
1072677448
536870912
1072113235
3758096384
1071292912
0
1069929482
0
1071771692
3221225472
1070315141
0
1072449219
2684354560
1072043702
1610612736
1072326534
536870912
1072431036
3221225472
1071750952
2147483648
1072266560
3221225472
1070807306
3221225472
1070886902
0
1072245997
2684354560
1072688561
0
1071819374
0
1071478907
0
1066017024
0
1069316517
0
1070205415
2147483648
1069922451
2147483648
1070480940
2147483648
1070408804
2147483648
1071060235
0
1069819643
2147483648
1070496631
0
1072427783
3758096384
1071842293
1610612736
1070879650
3221225472
1072175446
536870912
1072172330
2147483648
1068934777
0
1072666725
0
1072672183
1610612736
1071421129
2147483648
1071908636
0
1072405338
536870912
1072542321
1073741824
1070282157
2147483648
1071878094
536870912
1072134870
3758096384
1072055128
3758096384
1072078665
536870912
1072207363
1610612736
1071576482
3221225472
1072047652
536870912
1071461100
1073741824
1072693247
2684354560
46
