Uvec
2226355706
1070566001
0
1067657416
0
1068772247
0
1071949126
2684354560
1072184539
536870912
1072384236
2147483648
1072099665
3221225472
1068858586
0
1071691566
2147483648
1069091341
0
1069022449
0
1072085455
2147483648
1071121431
2147483648
1071916808
2684354560
1068622996
0
1063385088
0
1071645943
1610612736
1071923775
3758096384
1071899203
2684354560
1072079936
2147483648
1070764179
2147483648
1069922432
2147483648
1072230734
1610612736
1067516360
0
1070080154
0
1066832296
0
1071661250
536870912
1071986603
3758096384
1071877805
3758096384
1069158415
0
1071765274
1073741824
1071573267
3221225472
1072485456
2147483648
1071808921
1073741824
1070695382
0
1072596609
1610612736
1071653072
1073741824
1072258337
2147483648
1072058673
2684354560
1071841449
2147483648
1065591648
0
1071566897
0
1071205396
3221225472
1070894615
3221225472
1063487904
0
1070307956
2147483648
1070245035
0
1068722403
0
1071267991
3221225472
1071371937
2147483648
1067455256
0
1071104583
3221225472
1072657099
3221225472
1070503046
0
1072614202
2147483648
1068803077
0
1070111763
2147483648
1070643775
2147483648
1071523284
2147483648
1072154546
3221225472
1067576652
0
1071814731
3758096384
1068955971
0
1072449977
536870912
1072235028
1073741824
1072303315
3221225472
1072038065
1073741824
1071511311
2147483648
1071868949
536870912
1071685192
2147483648
1070781043
3221225472
1070358615
2147483648
1071837443
2147483648
1068685832
0
1072114507
1610612736
1070531317
0
1069375370
0
1069062996
0
1070638686
3221225472
1071920671
2147483648
1071846900
2147483648
1072688683
1073741824
1070681316
0
1071009718
1073741824
1070963648
3221225472
1072121710
2147483648
1072078076
0
1072430677
1610612736
1072282441
1073741824
1072537404
3221225472
1072264080
1073741824
1071155391
0
1071848659
0
1071897436
2684354560
1071020871
3221225472
1069188271
0
1071210290
3221225472
1069874128
0
1071461100
1073741824
1072693247
2684354560
72
