Uvec
2226355706
1070817684
3221225472
1072618534
536870912
1070405505
0
1070524972
0
1070683867
0
1070455485
2147483648
1072104981
2684354560
1069820356
0
1072155518
536870912
1071864066
0
1072474996
2684354560
1068721952
0
1072255367
1073741824
1071812977
1610612736
1072117186
3221225472
1070687921
0
1072598150
2147483648
1071119784
0
1071144430
3221225472
1072075890
2147483648
1072197294
0
1071206408
1073741824
1071389901
3221225472
1071852272
1073741824
1072568861
0
1072497864
3221225472
1070698764
2147483648
1072566486
536870912
1071020432
2147483648
1068099138
0
1071988010
3758096384
1070077512
2147483648
1071041909
1073741824
1072024106
2147483648
1072304143
3221225472
1069672871
0
1071065629
1073741824
1071142728
2147483648
1072307387
3758096384
1072645386
3758096384
1072678711
2147483648
1069578997
0
1072142651
2147483648
1067667116
0
1070249449
0
1072206838
2147483648
1071821941
2684354560
1072301578
3221225472
1072374629
3758096384
1071707627
1073741824
1072239551
2684354560
1072607733
1073741824
1070521199
2147483648
1071921225
3221225472
1070027417
0
1072021510
2147483648
1072394160
3221225472
1072249582
3758096384
1071112438
3221225472
1071685019
1610612736
1068501084
0
1072552390
1073741824
1071656268
2147483648
1065473480
0
1070820954
3221225472
1071860968
3221225472
1071890896
1073741824
1072325059
3758096384
1072028095
3221225472
1066969736
0
1069332940
0
1071727921
3758096384
1071516183
3221225472
1069593542
0
1064717248
0
1072570106
1610612736
1071061074
3221225472
1072307198
3221225472
1070894148
2147483648
1072456622
536870912
1072576983
3758096384
1070837310
0
1071245046
3221225472
1070712890
3221225472
1068601465
0
1071633489
3221225472
1071552107
2147483648
1071959606
536870912
1072349886
3221225472
1071413822
0
1072381965
1610612736
1071320977
0
1071617565
2147483648
1072368546
3758096384
1072025795
1610612736
1069838900
2147483648
1070926034
2147483648
1071750923
3221225472
1071461100
1073741824
1072693247
2684354560
79
