Uvec
2226355706
1070876160
0
1070684197
3221225472
1069214670
0
1072081779
2147483648
1070334904
2147483648
1070289661
2147483648
1070262621
2147483648
1071932512
3758096384
1072325318
1610612736
1071264230
1073741824
1070732167
3221225472
1072188994
536870912
1072599191
2684354560
1072232191
3221225472
1067691230
0
1070662921
3221225472
1072480808
2684354560
1072615605
3758096384
1070898180
0
1072270244
536870912
1071063029
0
1072315279
2684354560
1067890166
0
1071529588
3221225472
1072490915
536870912
1072062707
2684354560
1071067631
1073741824
1072298225
2684354560
1070466629
0
1070070936
2147483648
1070138893
2147483648
1067606168
0
1071680750
2684354560
1071953313
0
1070798282
1073741824
1071910746
536870912
1072621409
2147483648
1069318514
0
1070828505
0
1072447336
2147483648
1072372574
3221225472
1072429322
3221225472
1070001122
2147483648
1072577648
2147483648
1071781607
3758096384
1072361000
1073741824
1072684486
3221225472
1072585459
1610612736
1070918541
1073741824
1067706750
0
1071485957
2147483648
1071362278
2147483648
1071388853
3221225472
1070337632
2147483648
1072010363
3221225472
1069840997
2147483648
1072244174
536870912
1071607906
2147483648
1071720369
2684354560
1071237834
2147483648
1070766973
1073741824
1069853589
0
1071680837
2684354560
1072634980
2684354560
1068126198
0
1070546202
0
1071725096
1610612736
1072187111
2684354560
1072677146
2147483648
1070874084
2147483648
1072030217
3221225472
1071488897
1073741824
1072600391
1073741824
1070837923
3221225472
1070728526
2147483648
1072063226
2147483648
1071895307
1610612736
1072279247
2147483648
1071495344
0
1071791688
2147483648
1069633001
2147483648
1069852062
0
1071760978
0
1069227245
0
1071691063
2684354560
1070455402
0
1071002936
3221225472
1072371408
1610612736
1072354739
3758096384
1072539847
1610612736
1071949500
1073741824
1068879817
0
1072063770
2147483648
1070827034
2147483648
1071964963
536870912
1070830110
1073741824
1070857739
1073741824
1071756376
1610612736
1071461100
1073741824
1072693247
2684354560
86
