Uvec
2226355706
1070390568
0
1070148447
0
1071312518
0
1072054281
2684354560
1070695293
3221225472
1070663276
2147483648
1072571409
2147483648
1071728486
536870912
1070977964
2147483648
1070881878
3221225472
1062081024
0
1071858980
2684354560
1070944882
1073741824
1068615851
0
1071883411
1610612736
1071870328
2147483648
1072418372
1073741824
1071463008
0
1072577240
2684354560
1071927624
2684354560
1065605600
0
1071349828
2147483648
1070843056
1073741824
1071934793
1073741824
1072549158
536870912
1072544124
1073741824
1071819337
3221225472
1072447074
0
1070686576
0
1072177454
3758096384
1070086031
2147483648
1069880480
0
1072570835
1610612736
1071276232
2147483648
1062901504
0
1069203191
0
1072059218
2147483648
1072130356
2684354560
1072073447
536870912
1070842616
0
1071888246
2684354560
1072288022
1073741824
1072187050
2147483648
1070381137
0
1071818869
3221225472
1067804022
0
1072153057
1073741824
1072626164
1610612736
1071778651
536870912
1071718177
536870912
1072636894
2684354560
1072396965
0
1072565614
3758096384
1072298944
0
1072117721
3758096384
1072663311
536870912
1066766860
0
1071211990
3221225472
1070894151
2147483648
1071239145
3221225472
1072138748
2147483648
1068454436
0
1070668178
1073741824
1070345904
2147483648
1070676462
3221225472
1071824823
1073741824
1072671544
3221225472
1072193402
2147483648
1070108665
0
1068828207
0
1072668584
2147483648
1070629447
2147483648
1071908041
2147483648
1071575928
0
1071665287
3758096384
1071734343
2147483648
1072391047
0
1072548448
0
1072373237
2147483648
1072377354
2684354560
1072131370
3221225472
1068092862
0
1071743737
0
1072224395
3758096384
1072558092
1073741824
1071468299
1073741824
1071106534
0
1071127637
2147483648
1072325911
1610612736
1072662571
2147483648
1070203396
2147483648
1072010631
1073741824
1072075029
3758096384
1072330929
2147483648
1072272300
536870912
1070117303
2147483648
1071451425
2147483648
1071083380
1073741824
1071461100
1073741824
1072693247
2684354560
37
