Uvec
2226355706
1072542803
2684354560
1070598479
1073741824
1072222277
1610612736
1072250894
2147483648
1072096335
1610612736
1071928126
2684354560
1071988518
1073741824
1072026834
3221225472
1067317272
0
1072109880
3758096384
1072081530
2684354560
1071730832
1073741824
1069196900
0
1071204467
1073741824
1072314415
2147483648
1071911926
2147483648
1071880349
1610612736
1069003930
0
1072520105
2684354560
1072146610
3758096384
1071147636
2147483648
1071873488
0
1069042042
0
1071003268
1073741824
1067366112
0
1069679775
2147483648
1071433506
3221225472
1070795879
2147483648
1069009254
0
1070947563
0
1072493870
0
1072685016
1610612736
1070599944
3221225472
1070073381
0
1067923184
0
1071546170
1073741824
1072640814
2147483648
1072159827
3221225472
1070746996
0
1067947222
0
1072082619
3758096384
1072332546
0
1072242491
3221225472
1072579060
1610612736
1071749445
2147483648
1068807643
0
1070937665
1073741824
1071754280
3758096384
1060794624
0
1072607301
2684354560
1071455365
2147483648
1071949508
2147483648
1070875023
2147483648
1067319544
0
1070444436
2147483648
1071036262
3221225472
1070676638
0
1071186767
2147483648
1067039928
0
1070304118
0
1072012804
0
1071935310
2147483648
1072481983
2147483648
1069600307
2147483648
1072251747
0
1071080542
1073741824
1070903824
3221225472
1071230810
0
1071604692
2147483648
1071003645
2147483648
1072018518
1610612736
1072388290
0
1071963126
0
1072440868
2147483648
1072290204
0
1072398974
3758096384
1072296217
536870912
1069416291
0
1072109038
536870912
1072627235
1073741824
1069672872
0
1071046040
3221225472
1069703476
2147483648
1072362172
0
1072423507
0
1068634451
0
1070244711
2147483648
1072410379
536870912
1071561881
2147483648
1071569095
3221225472
1071842328
2147483648
1072667925
3758096384
1071899161
2147483648
1072311412
1073741824
1072333796
2147483648
1072488319
2147483648
1072511167
2684354560
1071721693
0
1071461100
1073741824
1072693247
2684354560
32
