Uvec
2226355706
1072376905
3221225472
1068277784
0
1072395776
0
1071096379
3221225472
1072217550
0
1072413326
2147483648
1070619122
2147483648
1064377616
0
1071120780
0
1071120394
2147483648
1072556791
2147483648
1072020766
3758096384
1071740419
0
1072396754
2147483648
1072211131
2684354560
1072366576
536870912
1071991086
1073741824
1065762408
0
1071203021
2147483648
1072184669
2684354560
1072689973
0
1072177550
1073741824
1072105647
536870912
1072096827
1073741824
1070888407
3221225472
1071186892
1073741824
1071490490
3221225472
1072305153
1610612736
1068061498
0
1072053214
1073741824
1072666129
1610612736
1067655098
0
1069812511
0
1072062464
1073741824
1071112907
1073741824
1071784254
3221225472
1072236543
0
1070097023
2147483648
1071649900
1610612736
1070311220
2147483648
1072322484
0
1071785575
1610612736
1072642488
1073741824
1067927044
0
1071031249
3221225472
1072243226
1610612736
1069581967
2147483648
1072427377
0
1070714635
1073741824
1071673992
536870912
1071742779
1073741824
1071284227
1073741824
1071675991
0
1068909552
0
1070611546
0
1070887224
1073741824
1067454830
0
1072564395
1073741824
1071927678
0
1069295703
0
1071971488
2147483648
1069628046
2147483648
1072118592
1610612736
1069525033
0
1071559118
3221225472
1071860388
1610612736
1072383393
536870912
1071185304
2147483648
1070769035
0
1072397680
2684354560
1070059411
0
1067817324
0
1072622605
1073741824
1071652467
3221225472
1071398949
2147483648
1072421285
2684354560
1070006346
0
1071908679
2684354560
1071064178
3221225472
1069753187
0
1070801688
0
1070710234
2147483648
1071683846
536870912
1072655381
2147483648
1069902997
2147483648
1070412162
2147483648
1071781822
2147483648
1065143312
0
1072472553
1073741824
1071250585
3221225472
1071224704
1073741824
1070535399
0
1072069464
0
1069628944
2147483648
1072662682
1610612736
1070789002
3221225472
1072306450
3221225472
1072204213
2684354560
1071461100
1073741824
1072693247
2684354560
58
