Uvec
2226355706
1070815262
3221225472
1069233619
0
1072513547
0
1071680823
1610612736
1069310371
0
1070628548
0
1071238184
1073741824
1072514427
3758096384
1071836076
1610612736
1070256923
0
1072127515
2147483648
1072050200
1610612736
1071818490
3758096384
1071558935
1073741824
1069110420
0
1071736013
1610612736
1072223114
3221225472
1069261757
0
1071501757
2147483648
1072539510
536870912
1071574839
2147483648
1071500862
0
1071219731
1073741824
1070866459
0
1072377455
1610612736
1071857225
2684354560
1071713015
3758096384
1070387434
0
1071217517
3221225472
1072156451
3758096384
1071912495
0
1072454419
1073741824
1071418932
1073741824
1072496612
1610612736
1071874999
0
1069207239
0
1072234487
0
1072583385
2147483648
1072663090
2684354560
1072105479
2684354560
1071724786
2684354560
1071853081
2147483648
1071256070
2147483648
1069937883
2147483648
1071982563
2684354560
1072588534
3758096384
1071268011
2147483648
1071517832
1073741824
1072428230
3758096384
1065541816
0
1070642380
0
1072016694
3758096384
1072644257
3221225472
1071331489
3221225472
1071353646
1073741824
1068456600
0
1070810081
0
1067798098
0
1070124538
2147483648
1071764002
0
1069460463
0
1071688842
536870912
1069141834
0
1067884238
0
1070446273
2147483648
1072241037
0
1071933602
536870912
1071246008
1073741824
1071838456
1073741824
1071898243
536870912
1071846117
1610612736
1070814168
2147483648
1071979666
536870912
1071208196
1073741824
1071988478
2147483648
1072412475
3758096384
1072188841
3758096384
1068352066
0
1071723347
2147483648
1071973676
3221225472
1070785888
3221225472
1072271913
3758096384
1071950009
1073741824
1071916654
1073741824
1071173404
0
1071326034
2147483648
1072646333
3221225472
1071317828
0
1068881010
0
1070859544
3221225472
1067509698
0
1072061663
3221225472
1070453113
0
1071913186
1610612736
1071882995
3758096384
1072021771
2147483648
1072459374
536870912
1070868066
0
1071461100
1073741824
1072693247
2684354560
81
