Uvec
2226355706
1066970244
0
1072271219
536870912
1070620195
2147483648
1071108870
1073741824
1072336342
2684354560
1071842900
3758096384
1071965849
3758096384
1072371626
2147483648
1072009992
3221225472
1071503361
0
1070869386
3221225472
1071111900
2147483648
1072109851
0
1072135073
3758096384
1072541100
0
1072215156
3221225472
1072291494
536870912
1071766643
1073741824
1069072647
0
1072234431
1073741824
1072323815
1610612736
1071997323
2684354560
1072690508
3221225472
1072153172
1610612736
1071999221
2147483648
1069062982
0
1071445664
3221225472
1071758924
1610612736
1072261182
3758096384
1072190000
3221225472
1071867047
3221225472
1070827044
3221225472
1069940569
0
1072210211
536870912
1072262323
2147483648
1069434269
0
1069039304
0
1072530568
0
1071747096
2684354560
1072226024
2684354560
1071762334
3758096384
1072378383
3758096384
1071798409
3758096384
1071037781
3221225472
1072309338
536870912
1066905852
0
1072616837
536870912
1072204520
2684354560
1072009464
3758096384
1069722157
2147483648
1072069479
2684354560
1071859909
1610612736
1070606518
3221225472
1069844677
0
1072066740
3221225472
1072141542
3758096384
1072468197
3758096384
1072567289
2684354560
1070570801
0
1071377219
0
1071852560
3758096384
1072520950
2684354560
1072467940
0
1072418449
3758096384
1072415399
3758096384
1072693239
536870912
1071257174
0
1069671150
2147483648
1071277465
0
1064980144
0
1072559441
536870912
1072250122
2684354560
1071648291
3221225472
1069295245
0
1071170435
0
1069345128
0
1071008506
2147483648
1071875679
1610612736
1071941977
3758096384
1062898240
0
1071762066
536870912
1071574379
1073741824
1071274417
3221225472
1072465480
3221225472
1072134445
2147483648
1071166161
2147483648
1072128670
1073741824
1070879087
2147483648
1072528378
2147483648
1066346856
0
1071820914
1610612736
1069620951
0
1070534947
2147483648
1071265558
0
1071366297
1073741824
1071159116
3221225472
1072430546
1610612736
1072620407
3758096384
1071461100
1073741824
1072693247
2684354560
65
