Uvec
2226355706
1070748175
2147483648
1072362632
3221225472
1072232261
2147483648
1065758824
0
1072635745
3758096384
1066562568
0
1072598347
536870912
1071709736
2147483648
1072147885
1610612736
1072125045
536870912
1069895247
0
1069242189
0
1067464736
0
1070832861
0
1070628920
2147483648
1068888315
0
1071172295
0
1071612526
1073741824
1070664655
2147483648
1071570668
2147483648
1071507388
1073741824
1071290605
1073741824
1071863947
3758096384
1072512838
3221225472
1069806528
0
1070844322
3221225472
1071275440
2147483648
1067465878
0
1071215834
2147483648
1071732319
1073741824
1072596723
536870912
1072589677
1610612736
1071780823
2684354560
1071910883
3758096384
1072140790
0
1071743398
1610612736
1072601618
1610612736
1071087595
1073741824
1072206736
1610612736
1067686702
0
1072143210
0
1072378290
1610612736
1071711862
2147483648
1072173912
3221225472
1071763112
3758096384
1072276214
1073741824
1069221266
0
1070812524
0
1072096711
2147483648
1070816580
0
1071688660
1073741824
1072001124
1610612736
1072238699
1610612736
1068940087
0
1069007886
0
1071763232
2684354560
1067786876
0
1072083782
2684354560
1070862194
1073741824
1072070381
1073741824
1069365103
0
1071957545
3221225472
1072536417
0
1072381073
1610612736
1072489154
2684354560
1072160906
3221225472
1071723494
1073741824
1071934236
536870912
1071602750
1073741824
1072078464
1610612736
1072354808
2147483648
1072099835
1610612736
1071177137
3221225472
1072347534
3758096384
1065643024
0
1070522538
2147483648
1072379848
3221225472
1070080381
2147483648
1070786361
0
1072362622
1073741824
1072257364
3758096384
1071652919
3221225472
1072122494
1610612736
1071854905
536870912
1072072292
536870912
1069228293
0
1070805529
0
1071096980
1073741824
1072666890
3221225472
1071861185
2147483648
1069191837
0
1070314111
2147483648
1071373906
0
1071933492
0
1072232135
3221225472
1067779826
0
1071355044
0
1072670156
3758096384
1071461100
1073741824
1072693247
2684354560
93
