Uvec
2226355706
1071439886
1073741824
1069592628
2147483648
1071346518
2147483648
1069305349
0
1072269477
0
1069402630
0
1070014677
2147483648
1070989702
1073741824
1071315121
1073741824
1071436220
2147483648
1072671902
3758096384
1069687148
2147483648
1069118137
0
1070721299
3221225472
1071950989
2684354560
1071310850
0
1070039137
0
1072679881
0
1072328023
1073741824
1071620162
1073741824
1070306032
2147483648
1072496622
536870912
1071965154
3758096384
1069322337
0
1072201652
3758096384
1072457440
1610612736
1072070743
0
1069291417
0
1071058306
2147483648
1072659510
0
1072637711
0
1072140519
2684354560
1071388347
1073741824
1072390150
3758096384
1072366289
3221225472
1071985519
1073741824
1070776982
0
1067513232
0
1069469122
0
1070933716
2147483648
1071662316
2684354560
1071538118
0
1067811670
0
1070418075
2147483648
1070797556
0
1071973108
3221225472
1071738366
3221225472
1072296496
536870912
1071695172
2147483648
1072194630
2147483648
1071717820
0
1070859483
0
1072371697
3221225472
1071953239
1073741824
1071997998
0
1071941095
3758096384
1072225091
1073741824
1072026556
2147483648
1065556376
0
1072385629
2147483648
1072258905
0
1071801700
2147483648
1071153045
2147483648
1070964875
2147483648
1069563351
2147483648
1071896253
2147483648
1071012141
1073741824
1072139993
2684354560
1072572970
536870912
1070870442
3221225472
1071981411
2147483648
1072537150
3221225472
1072362058
1610612736
1070852765
2147483648
1072531970
3221225472
1071466853
3221225472
1071228363
2147483648
1072585372
3758096384
1072068558
2684354560
1069808616
0
1071595687
3221225472
1072473943
1610612736
1072213993
1610612736
1071416208
2147483648
1067806032
0
1070017356
0
1072470462
1610612736
1072505030
2684354560
1071977625
1610612736
1071301863
0
1072248546
2684354560
1072019592
536870912
1072038497
1610612736
1066362848
0
1070117770
0
1070668880
3221225472
1071559185
2147483648
1071082144
0
1071461100
1073741824
1072693247
2684354560
21
