Uvec
2226355706
1067693122
0
1072090715
1073741824
1069304509
0
1071799215
2147483648
1072595359
1073741824
1071224147
2147483648
1069468799
0
1072184458
0
1070756390
2147483648
1070848229
2147483648
1072571131
3221225472
1072356204
2684354560
1071467498
0
1072243501
2147483648
1071413084
1073741824
1072572847
2147483648
1070603143
1073741824
1071890392
0
1069294969
0
1071268238
0
1072047868
1610612736
1072665105
536870912
1071227128
2147483648
1072549693
3221225472
1072042939
0
1070677033
2147483648
1072577901
3221225472
1071777827
1610612736
1072195747
2684354560
1072489169
1073741824
1070191974
2147483648
1071424283
0
1071130252
1073741824
1072313263
536870912
1072091076
1610612736
1070783170
1073741824
1072564687
3758096384
1072019910
2147483648
1072055196
3758096384
1072388396
0
1072215891
2147483648
1072012998
3758096384
1071855889
1073741824
1070764271
3221225472
1069514816
0
1067800906
0
1072560500
536870912
1072581345
2147483648
1071826510
536870912
1069775991
2147483648
1071973349
1610612736
1070191785
2147483648
1071859969
3758096384
1071693388
536870912
1069969633
2147483648
1070650056
3221225472
1072045346
1610612736
1069746849
0
1069636918
0
1070197262
2147483648
1072600524
2147483648
1072090642
3221225472
1072645157
3221225472
1067460056
0
1072390437
3758096384
1068336492
0
1071164999
1073741824
1071933409
0
1072353569
536870912
1071929188
2147483648
1072321205
2147483648
1072454300
3758096384
1072419152
3221225472
1069872698
0
1071580159
0
1072460838
3221225472
1071729720
2147483648
1072619498
1610612736
1072688129
1073741824
1071028081
2147483648
1068590337
0
1072498232
0
1071686673
1610612736
1071034822
3221225472
1070456148
0
1072174989
1610612736
1070465930
2147483648
1071647995
3758096384
1072436664
2684354560
1072568612
536870912
1072257559
3758096384
1070489639
0
1070244602
2147483648
1071342983
3221225472
1071350449
3221225472
1072045391
0
1072330564
1073741824
1071937138
3221225472
1071461100
1073741824
1072693247
2684354560
85
