Uvec
2226355706
1071539165
0
1072093672
1073741824
1071833812
1610612736
1071424525
0
1072607279
3221225472
1072024102
2684354560
1072571313
3758096384
1071070100
0
1069882302
2147483648
1071831336
1073741824
1071830672
3221225472
1072109202
2147483648
1070624201
1073741824
1069895961
2147483648
1072020696
1610612736
1072107933
2147483648
1071891545
3758096384
1072220059
1073741824
1072595763
2147483648
1065137952
0
1069254320
0
1071077639
1073741824
1071693338
536870912
1070562670
0
1068659833
0
1070511856
2147483648
1070034424
0
1071906966
2147483648
1072671478
1073741824
1069996916
2147483648
1070787930
0
1071628673
3221225472
1071000479
1073741824
1071981880
2684354560
1071925225
3221225472
1072282612
2147483648
1069591835
2147483648
1072531884
3758096384
1068788057
0
1071856576
1073741824
1071807752
0
1072032211
2684354560
1072378609
536870912
1071855129
3758096384
1070347374
0
1072278390
1073741824
1072627281
2147483648
1072057122
3758096384
1071501643
1073741824
1071848436
536870912
1072579397
2147483648
1070028032
0
1071476274
2147483648
1072645354
2684354560
1070992952
0
1072672113
3758096384
1071030153
3221225472
1071300686
2147483648
1071668415
2684354560
1069640617
2147483648
1070836287
0
1070637511
2147483648
1071444955
2147483648
1071012909
2147483648
1072568334
3221225472
1072519978
1610612736
1071161511
0
1072348867
1610612736
1071948304
1610612736
1070556493
2147483648
1072606601
536870912
1071678412
1610612736
1071155436
1073741824
1071727464
1610612736
1071654492
3221225472
1069742398
2147483648
1070591109
2147483648
1071201926
2147483648
1072138575
1610612736
1070353348
2147483648
1071993527
2147483648
1067745912
0
1071850300
1073741824
1070422297
2147483648
1069408540
0
1069534950
0
1071725860
3758096384
1071950605
1073741824
1067586084
0
1071152885
1073741824
1072544552
2684354560
1071173918
3221225472
1072686312
536870912
1072492651
0
1065837432
0
1072343385
536870912
1072543093
536870912
1072382391
3758096384
1071461100
1073741824
1072693247
2684354560
80
