Uvec
2226355706
1069062355
0
1072336427
1073741824
1072085344
3758096384
1072687246
3221225472
1072326482
3758096384
1069605080
0
1072281994
2147483648
1072371673
2684354560
1070567255
2147483648
1072367449
2684354560
1072031005
1610612736
1072513036
2684354560
1072363795
2147483648
1071144010
0
1070286338
0
1071229506
2147483648
1069615557
0
1067700116
0
1071872106
2684354560
1070843224
1073741824
1068726126
0
1072178344
536870912
1069985203
2147483648
1071821150
2147483648
1072359676
536870912
1072617752
3758096384
1072271877
3221225472
1072310203
1610612736
1070337620
0
1071402207
1073741824
1070882323
2147483648
1072496820
3758096384
1072261957
1073741824
1072107650
2147483648
1071080251
1073741824
1072098088
1610612736
1072637185
3758096384
1071895399
1073741824
1066048832
0
1070988556
1073741824
1070669491
2147483648
1071913166
2684354560
1071733848
1610612736
1071794404
2147483648
1072067386
3758096384
1068476350
0
1071746056
3221225472
1072486983
3758096384
1070884845
3221225472
1071906930
1073741824
1072671856
2684354560
1070148807
0
1071581138
3221225472
1070787691
2147483648
1070835440
2147483648
1071167062
2147483648
1071271679
1073741824
1071312621
1073741824
1069982186
0
1071675955
1073741824
1071430410
2147483648
1072212207
3221225472
1072492086
536870912
1072629995
3758096384
1070866079
2147483648
1071245777
0
1071236122
2147483648
1070628533
1073741824
1072246560
0
1066765900
0
1069194012
0
1070255945
2147483648
1071706943
2147483648
1067219432
0
1072537467
1073741824
1072603291
1073741824
1071018072
3221225472
1069397863
0
1072110977
2147483648
1072590153
536870912
1071505869
0
1069554390
0
1072105120
1073741824
1071522793
1073741824
1070780366
0
1072056382
0
1071932242
2684354560
1070400431
2147483648
1067482976
0
1071890465
1610612736
1071065871
0
1069936635
0
1072526444
3221225472
1065785496
0
1070164179
0
1071543690
2147483648
1070877699
3221225472
1070792342
0
1071461100
1073741824
1072693247
2684354560
21
