Uvec
2226355706
1070798172
2147483648
1072174562
536870912
1072347284
1073741824
1071959758
2147483648
1072335935
1610612736
1068827514
0
1066646744
0
1072072692
536870912
1072132687
0
1071013931
2147483648
1072131202
1073741824
1072391043
2147483648
1072516978
2147483648
1071671705
536870912
1071128523
2147483648
1072267912
2684354560
1072659715
2147483648
1072390628
536870912
1071431900
0
1071893563
2684354560
1070625754
3221225472
1071778065
2684354560
1072173440
2684354560
1066691144
0
1069440502
0
1072449693
1610612736
1069817470
0
1071700466
3758096384
1072201977
0
1070540990
0
1067758218
0
1072100028
536870912
1067999628
0
1071944820
3758096384
1071314124
1073741824
1072304830
3221225472
1071618680
0
1070952256
1073741824
1071218807
2147483648
1072241533
1073741824
1069697334
0
1072041631
3758096384
1069631439
0
1071700242
1610612736
1069280261
0
1071844237
1610612736
1071858333
3758096384
1071812116
0
1070157944
2147483648
1070552534
0
1071768624
3221225472
1071395488
1073741824
1069963950
0
1072484596
1073741824
1071766775
1610612736
1072365379
3758096384
1071022320
2147483648
1069083379
0
1071920349
2684354560
1071658115
3758096384
1070723031
1073741824
1072498786
2684354560
1072090076
1073741824
1072509723
1610612736
1070460487
2147483648
1070637628
0
1068179116
0
1071391217
2147483648
1071906166
3221225472
1071780843
0
1071419363
1073741824
1069234709
0
1067135064
0
1072533589
1610612736
1070273972
0
1072303533
2684354560
1067672086
0
1071441575
2147483648
1068578165
0
1065913704
0
1068169276
0
1069585540
2147483648
1072192635
1610612736
1069171749
0
1071114484
3221225472
1072392395
3221225472
1072258853
2684354560
1072531049
536870912
1072121950
2684354560
1069682239
2147483648
1068777285
0
1072419451
3758096384
1071500643
2147483648
1068792584
0
1069979118
2147483648
1071895559
1610612736
1071172782
0
1070763224
1073741824
1071461100
1073741824
1072693247
2684354560
48
