Uvec
2226355706
1070759754
0
1067887376
0
1071735452
3758096384
1072086560
0
1070944082
0
1070580896
2147483648
1068609497
0
1072688110
1073741824
1071992289
536870912
1072056522
3758096384
1071570641
2147483648
1071144533
2147483648
1072211173
2684354560
1072155351
1073741824
1068399350
0
1069199972
0
1070770144
0
1071704525
536870912
1072489396
2147483648
1072145562
1610612736
1071261016
2147483648
1070257316
2147483648
1072298437
3221225472
1071889252
3221225472
1071196058
1073741824
1072021190
536870912
1071942806
3758096384
1071298836
1073741824
1071778186
3221225472
1072685936
2684354560
1071371224
3221225472
1072160590
536870912
1072335259
3221225472
1072326501
3221225472
1071954298
536870912
1070929411
0
1072193239
3758096384
1070772249
2147483648
1072255038
1073741824
1072499785
3221225472
1072062680
536870912
1072477828
0
1070060166
2147483648
1072104179
1610612736
1072186978
2684354560
1071306834
1073741824
1072290324
2147483648
1071877067
2684354560
1072337171
2684354560
1072220396
0
1071957236
1073741824
1071376171
2147483648
1071854552
536870912
1072034625
3221225472
1071044046
0
1072551810
2147483648
1072473802
3758096384
1071352462
3221225472
1069001307
0
1071555638
1073741824
1071048301
1073741824
1071499409
0
1071773322
1073741824
1071812817
1073741824
1072072380
1073741824
1068493958
0
1068910480
0
1071970106
3758096384
1069240671
0
1070933584
3221225472
1068956363
0
1069929107
2147483648
1071342369
2147483648
1070536094
2147483648
1067156444
0
1071989160
536870912
1072068897
536870912
1067685888
0
1072427022
536870912
1072411226
3221225472
1071819612
1073741824
1069336498
0
1071021756
0
1071693557
2684354560
1071205088
3221225472
1072118073
2684354560
1071353146
0
1071209862
3221225472
1069677562
0
1071992500
0
1070895930
0
1069905031
0
1070498705
0
1072185415
3758096384
1071485022
2147483648
1070890422
3221225472
1071806356
2684354560
1070193853
0
1071461100
1073741824
1072693247
2684354560
28
