Uvec
2226355706
1072125959
1610612736
1071996779
3758096384
1069354466
0
1069923973
0
1071114537
2147483648
1071512976
1073741824
1071180098
2147483648
1068691631
0
1071749237
2147483648
1071748053
3758096384
1069421666
0
1071703875
1610612736
1070980638
0
1072208437
3221225472
1070556119
0
1072601042
2147483648
1071769058
3758096384
1069898230
2147483648
1071156499
2147483648
1071503178
2147483648
1070163261
2147483648
1071709556
536870912
1072048623
1073741824
1071260563
1073741824
1071458167
2147483648
1072002195
1610612736
1072517685
1073741824
1070678337
1073741824
1070954872
3221225472
1072111293
3758096384
1070898066
1073741824
1070010954
2147483648
1071800766
2684354560
1071018444
2147483648
1070788471
0
1068142082
0
1071203006
1073741824
1066827724
0
1072129738
2684354560
1068214922
0
1072277998
536870912
1071686875
3758096384
1072477680
2684354560
1069825718
0
1070813895
1073741824
1070255157
0
1065693448
0
1072064657
0
1070577367
0
1072041005
1073741824
1070419521
0
1070734879
3221225472
1071407594
3221225472
1072150933
3221225472
1070168841
2147483648
1071970762
3758096384
1070029162
2147483648
1071142795
1073741824
1071202015
1073741824
1072238225
3221225472
1072035399
1073741824
1071113589
0
1072607949
1610612736
1070228643
2147483648
1072036799
536870912
1072530592
0
1067448776
0
1072652235
0
1069807672
2147483648
1066740804
0
1072638050
1610612736
1072157283
1073741824
1072441164
1073741824
1072337214
0
1071529420
2147483648
1066327208
0
1070011243
2147483648
1069353175
0
1071701278
1610612736
1069348072
0
1072034634
3221225472
1071449766
3221225472
1071528203
1073741824
1072596907
3221225472
1072049496
0
1071390787
0
1071600127
3221225472
1070174497
2147483648
1062693952
0
1072252221
1073741824
1072541717
3221225472
1069817984
2147483648
1072363601
3758096384
1072051605
536870912
1070804499
3221225472
1068780863
0
1070969066
3221225472
1071598744
2147483648
1071461100
1073741824
1072693247
2684354560
91
