Uvec
2226355706
1072543861
1073741824
1072170734
3758096384
1071908569
536870912
1072528849
1610612736
1072112038
2147483648
1071502054
2147483648
1070899864
0
1069708393
0
1071930177
3758096384
1065356520
0
1070741880
2147483648
1071387207
3221225472
1071972856
3758096384
1071033011
1073741824
1070756226
1073741824
1071058038
3221225472
1072150299
3758096384
1072585539
2147483648
1071189679
2147483648
1072152121
536870912
1071775453
2684354560
1070261362
2147483648
1071749797
2147483648
1071322946
2147483648
1072188597
3758096384
1070119204
2147483648
1072641540
1073741824
1071728926
0
1072283910
2684354560
1072589503
2684354560
1072347329
3221225472
1064674592
0
1067770748
0
1071860343
1610612736
1070554711
0
1068937652
0
1072472591
0
1070458584
0
1070611603
0
1072175913
3221225472
1070625119
1073741824
1072012355
1073741824
1072644481
1610612736
1070973778
1073741824
1072503444
2684354560
1071104569
0
1071588073
2147483648
1071365378
0
1071028585
3221225472
1072063821
1610612736
1071925418
0
1071870178
3758096384
1071253332
2147483648
1071541053
2147483648
1068943679
0
1069062009
0
1070407287
0
1071171979
2147483648
1070945401
3221225472
1070699722
3221225472
1072478096
1073741824
1072263461
2684354560
1071150582
1073741824
1070278407
0
1072162735
1073741824
1071075947
1073741824
1071910186
0
1069918813
2147483648
1071233628
2147483648
1070631353
2147483648
1069317638
0
1071642169
1073741824
1071966979
3758096384
1072356185
2684354560
1072073857
1073741824
1071229124
2147483648
1071553373
3221225472
1072652756
2147483648
1072563731
3221225472
1071689862
3221225472
1070950983
0
1072570068
2684354560
1071890211
2147483648
1072628851
1610612736
1072139525
536870912
1070639512
0
1072156163
536870912
1072635851
2147483648
1071468557
2147483648
1071577115
2147483648
1072530780
3758096384
1070601300
2147483648
1067859886
0
1072572070
2147483648
1072069321
2684354560
1071903377
1610612736
1071839019
3221225472
1069723344
2147483648
1071461100
1073741824
1072693247
2684354560
48
