Uvec
2226355706
1069985602
2147483648
1071546291
1073741824
1072233445
1610612736
1071954386
3758096384
1070760307
0
1072083184
3758096384
1072560579
536870912
1071705190
1073741824
1071931485
3221225472
1072536631
3758096384
1071020697
0
1072171214
2147483648
1070953536
1073741824
1069639433
0
1071720736
3221225472
1072633664
3758096384
1072273185
0
1068171608
0
1069695315
2147483648
1069794590
0
1069075297
0
1069720093
0
1072191829
0
1069337180
0
1068977642
0
1071028125
1073741824
1072356685
0
1072031647
2147483648
1071949793
1610612736
1071125157
1073741824
1072137421
2147483648
1072422168
2684354560
1071988834
2147483648
1072649270
1610612736
1071049810
1073741824
1072401850
1073741824
1072502785
3758096384
1062132480
0
1071875719
1073741824
1069468716
0
1071114492
2147483648
1071961249
1610612736
1064423616
0
1072167257
0
1070401217
2147483648
1068611579
0
1062591360
0
1071830404
1073741824
1069894907
0
1071962883
3758096384
1071032945
2147483648
1071168189
1073741824
1070958294
1073741824
1071811240
1610612736
1072374627
2684354560
1069533016
0
1071570633
3221225472
1069534813
0
1071457881
0
1069877624
2147483648
1070006203
0
1069356576
0
1070423831
2147483648
1071376962
1073741824
1070919273
3221225472
1072049196
1073741824
1070717977
2147483648
1070738118
2147483648
1070678397
1073741824
1071452374
0
1070220004
2147483648
1072447034
1073741824
1064646976
0
1072330456
1073741824
1071543702
0
1071749532
2147483648
1071986582
536870912
1072098009
0
1071074496
3221225472
1070307137
2147483648
1071675681
3221225472
1072340052
1073741824
1070717542
0
1069592545
0
1069749161
0
1070649679
1073741824
1072482655
536870912
1071295942
3221225472
1071769832
2147483648
1071167603
2147483648
1071855743
2684354560
1068041680
0
1070595069
2147483648
1067475724
0
1071914613
3221225472
1071177266
2147483648
1071932930
2147483648
1070153283
2147483648
1071461100
1073741824
1072693247
2684354560
71
