Uvec
2226355706
1072046476
1610612736
1071689245
3221225472
1069157688
0
1072504951
2147483648
1072425395
1073741824
1072315970
3221225472
1070943968
2147483648
1072128711
0
1072615577
3758096384
1072630504
536870912
1072056053
536870912
1069726706
2147483648
1069626968
2147483648
1072678342
1073741824
1072087832
0
1068888503
0
1072505768
1073741824
1071725609
2147483648
1069127059
0
1072301240
2684354560
1069904941
2147483648
1070755038
3221225472
1071949345
0
1072398272
2684354560
1071789202
3758096384
1070997935
1073741824
1070856985
3221225472
1071032226
1073741824
1072390663
2147483648
1068730124
0
1070389527
0
1071115567
0
1069391627
0
1070952899
1073741824
1068094914
0
1072681949
2147483648
1072410626
536870912
1069895738
2147483648
1071790201
3758096384
1071747066
536870912
1067928966
0
1072452743
3758096384
1071849909
2684354560
1071956023
2147483648
1072531442
3758096384
1066786968
0
1070634001
1073741824
1072092306
3221225472
1072560385
2147483648
1071780292
3221225472
1070705089
2147483648
1069793743
2147483648
1069086648
0
1071629342
2147483648
1071490048
0
1070748208
3221225472
1072303412
3758096384
1072602943
1073741824
1072309924
3221225472
1072603228
2684354560
1072370084
1073741824
1070784171
0
1069662340
0
1070698512
2147483648
1072318274
1073741824
1072619578
2684354560
1070499707
0
1072254443
1610612736
1072667942
1610612736
1071315454
3221225472
1069242601
0
1072087893
536870912
1072201571
1610612736
1072021931
1610612736
1072633403
2147483648
1071297825
1073741824
1072584817
3758096384
1071722438
536870912
1072192562
1610612736
1071473109
3221225472
1069602317
2147483648
1072466956
2147483648
1072366429
2684354560
1071900072
1610612736
1070598704
0
1068719956
0
1072076239
0
1071922181
536870912
1071306571
2147483648
1070102369
0
1071863561
2147483648
1071314631
1073741824
1068830576
0
1069747999
2147483648
1072359615
0
1072615924
1610612736
1068968301
0
1072428723
0
1071461100
1073741824
1072693247
2684354560
38
