Uvec
2226355706
1071764256
1073741824
1071725209
0
1071654519
2684354560
1072056788
536870912
1067637696
0
1072630873
1610612736
1072679878
2684354560
1067302712
0
1072422777
1610612736
1069975142
0
1071829981
2147483648
1071451257
0
1071009536
3221225472
1071741715
2147483648
1071854159
0
1066542232
0
1071883838
1610612736
1070619185
3221225472
1071146459
0
1071662505
2684354560
1072411163
1073741824
1070386107
0
1072307091
536870912
1070721258
0
1069616517
0
1067818410
0
1071424709
3221225472
1072603375
3221225472
1069591973
0
1067653916
0
1065931520
0
1067989532
0
1070689378
2147483648
1072419400
1073741824
1071890599
536870912
1070856442
2147483648
1071347507
0
1070012580
0
1070906536
3221225472
1072321606
3221225472
1069332489
0
1072161728
2147483648
1070676570
1073741824
1069450803
0
1069593607
0
1072169238
536870912
1071776805
536870912
1071856194
3758096384
1072240107
1073741824
1070830917
2147483648
1071948029
1610612736
1071076367
0
1071686836
3221225472
1071813282
1073741824
1065870680
0
1069583638
2147483648
1070657495
1073741824
1070106865
0
1072345756
536870912
1071789378
536870912
1072035300
1610612736
1068654157
0
1070598845
2147483648
1071788881
536870912
1069064578
0
1072165622
1610612736
1071335862
0
1071874975
0
1069558353
0
1072223929
1610612736
1069831952
0
1071431795
3221225472
1072526466
1610612736
1071507812
3221225472
1072621199
2684354560
1072081357
2147483648
1062231104
0
1072675559
3221225472
1071785223
2147483648
1072525276
1610612736
1071994322
0
1072056391
3758096384
1071842067
536870912
1071711169
3758096384
1072092949
3758096384
1072446435
1610612736
1072423501
3221225472
1066331744
0
1070412738
0
1071857055
1073741824
1072673734
536870912
1070773144
0
1071775073
2684354560
1071672227
0
1070155035
0
1072535982
2684354560
1070707431
2147483648
1071995214
0
1071461100
1073741824
1072693247
2684354560
42
