Uvec
2226355706
1069676638
0
1066807408
0
1070437864
0
1071542557
0
1072517878
2684354560
1071842756
1610612736
1072247598
536870912
1068868559
0
1071687549
3758096384
1072385104
2684354560
1065716080
0
1070744234
2147483648
1071331781
2147483648
1071416784
1073741824
1070512843
2147483648
1071505961
2147483648
1071375247
0
1069518053
0
1072679527
3758096384
1072445322
3758096384
1069634939
0
1067285140
0
1071677758
3221225472
1071701673
2147483648
1069361965
0
1069641849
2147483648
1070652325
3221225472
1071720972
0
1071660558
3221225472
1071787168
1073741824
1071679488
0
1070224237
0
1070972685
0
1069619933
0
1072334251
2684354560
1067859750
0
1071780243
1073741824
1072056719
1073741824
1072428870
1610612736
1072128031
0
1071458849
1073741824
1069135754
0
1072106213
536870912
1071725787
2684354560
1066674400
0
1069105428
0
1071423537
2147483648
1072020014
536870912
1070001086
0
1066040544
0
1070972255
1073741824
1072103303
2147483648
1072220242
2684354560
1070642191
0
1070406793
0
1071556548
2147483648
1072506316
3221225472
1070252398
0
1069660046
0
1070232215
0
1072655133
3221225472
1070781901
3221225472
1072167692
2147483648
1071885111
1610612736
1071846200
3758096384
1072298889
2684354560
1071830842
2684354560
1071996251
0
1072412956
536870912
1070939038
1073741824
1066919680
0
1071675163
536870912
1071799275
3758096384
1072549158
1610612736
1070921725
3221225472
1070714664
2147483648
1072508012
1610612736
1072453915
2147483648
1068545524
0
1070145893
0
1071559610
0
1071410076
1073741824
1072109484
1073741824
1070209045
2147483648
1070414130
2147483648
1071660156
1073741824
1071675458
1073741824
1071228602
0
1069736806
2147483648
1070503299
2147483648
1072488086
3221225472
1070318697
0
1069116880
0
1070139860
2147483648
1071946129
2147483648
1070731317
0
1071577827
3221225472
1072546993
2684354560
1071461100
1073741824
1072693247
2684354560
38
