Uvec
2226355706
1071447157
1073741824
1071542875
3221225472
1072652312
1610612736
1072124433
3221225472
1072606453
2147483648
1072229205
2147483648
1071107538
0
1072272051
3758096384
1072116877
3758096384
1070294633
2147483648
1072082669
2684354560
1070134794
0
1070812145
3221225472
1069268618
0
1071172657
1073741824
1071889512
536870912
1070385664
2147483648
1071237697
3221225472
1070608429
1073741824
1072266232
536870912
1070735353
0
1070567280
2147483648
1070276234
0
1070583874
0
1071438231
3221225472
1071385224
2147483648
1070635102
0
1070459559
2147483648
1069791442
0
1071386959
1073741824
1071777588
1610612736
1072124342
2147483648
1072086691
1610612736
1071236257
3221225472
1068703100
0
1071861474
0
1071012525
3221225472
1069719055
2147483648
1071369577
2147483648
1069753188
2147483648
1068580048
0
1072625016
0
1071337117
2147483648
1072085136
3758096384
1071682477
1073741824
1071096132
3221225472
1071015833
2147483648
1070875380
2147483648
1072088722
2684354560
1071504442
2147483648
1071101836
1073741824
1070449386
0
1071732502
3758096384
1072094530
536870912
1071936635
1610612736
1070490509
2147483648
1070259614
2147483648
1069405634
0
1070859395
2147483648
1072479688
1610612736
1070953107
1073741824
1071362983
1073741824
1072657954
3221225472
1071826555
3758096384
1068975018
0
1071968595
3758096384
1071426483
2147483648
1072394413
2147483648
1068700599
0
1071123089
0
1069338471
0
1069576259
0
1071105928
0
1070975713
3221225472
1070991578
3221225472
1072534174
1073741824
1070319787
2147483648
1071262689
3221225472
1071753752
2147483648
1071544618
3221225472
1071118785
2147483648
1072036621
1610612736
1071741914
536870912
1072336461
3758096384
1072291287
536870912
1071320782
2147483648
1070938172
3221225472
1072021446
0
1072055053
1073741824
1070991052
1073741824
1071719786
0
1069354744
0
1071689352
536870912
1070611942
3221225472
1069756395
2147483648
1071148470
3221225472
1071795197
2684354560
1070434106
0
1071461100
1073741824
1072693247
2684354560
68
