Uvec
2226355706
1070843871
1073741824
1063126016
0
1071114647
2147483648
1072106592
0
1072049009
1073741824
1071685720
3758096384
1072524552
3758096384
1070814105
0
1068928464
0
1071984739
1610612736
1072261123
3221225472
1072586443
2147483648
1068404036
0
1072597360
1610612736
1071981207
536870912
1070573389
2147483648
1069628581
2147483648
1071739094
2147483648
1072391669
2147483648
1069783881
2147483648
1070771650
0
1070201463
2147483648
1072460997
536870912
1070841346
2147483648
1070533308
0
1071891032
2147483648
1071718137
3221225472
1072333076
3758096384
1072644188
536870912
1070940835
3221225472
1071128226
3221225472
1072577627
1073741824
1072217811
3221225472
1070399897
2147483648
1072396773
1073741824
1072402759
1610612736
1072690604
536870912
1071824633
1073741824
1071856643
2684354560
1068051386
0
1071475792
3221225472
1069731119
2147483648
1070872655
0
1071471942
2147483648
1067489572
0
1072464076
2684354560
1072411843
1610612736
1071381531
1073741824
1072530511
0
1066888216
0
1069808960
0
1071648938
536870912
1071115565
3221225472
1071403787
2147483648
1067471390
0
1071267241
1073741824
1067609464
0
1072165853
2684354560
1072654650
2684354560
1063349344
0
1069805569
2147483648
1070242255
2147483648
1072141483
2684354560
1071208442
0
1069549413
2147483648
1069367791
0
1071501111
3221225472
1067648188
0
1069820493
2147483648
1070970067
0
1072517927
3221225472
1072463844
0
1071273950
3221225472
1070158792
2147483648
1070855837
0
1070024215
2147483648
1071916063
0
1068205328
0
1070744188
1073741824
1072530567
2684354560
1070752965
0
1071790763
1073741824
1071174671
2147483648
1071680046
3221225472
1071867102
0
1071336665
1073741824
1072509085
2684354560
1071828405
3758096384
1068316784
0
1071441570
1073741824
1072424833
1610612736
1068651898
0
1071475159
2147483648
1070816218
2147483648
1070766583
3221225472
1070654274
3221225472
1071898995
3758096384
1072602664
2684354560
1071461100
1073741824
1072693247
2684354560
56
