Uvec
2226355706
1072596164
536870912
1072674364
3758096384
1070327187
0
1070571846
0
1072086574
3758096384
1072483068
1073741824
1071687551
2684354560
1069780900
0
1070893753
1073741824
1072211041
1610612736
1071974163
0
1071153113
1073741824
1071362950
0
1071663145
3758096384
1066628720
0
1072149488
2684354560
1072588608
1073741824
1071118155
0
1071077316
1073741824
1072250294
2684354560
1072412515
3758096384
1072490680
1073741824
1072424699
0
1072608700
3758096384
1072242934
2147483648
1066210544
0
1070361094
0
1072435169
0
1072533443
1073741824
1070017039
0
1072500868
1610612736
1072168354
0
1072138148
0
1071071884
0
1072479341
1610612736
1069313252
0
1066958464
0
1069399483
0
1070154355
0
1071887741
536870912
1071803201
3221225472
1072677574
1073741824
1071584355
0
1069612823
0
1071868065
2684354560
1067592504
0
1072251085
1073741824
1071188834
2147483648
1072508790
1610612736
1072218445
1073741824
1070661401
1073741824
1072603338
1073741824
1071984869
2147483648
1071001903
3221225472
1072691327
2684354560
1071991505
1073741824
1070985192
3221225472
1070520247
0
1071812720
1610612736
1071850490
0
1069882379
0
1069548351
0
1071017581
1073741824
1072090316
1610612736
1071525752
1073741824
1071846450
0
1072665515
536870912
1071687219
3758096384
1072187860
0
1072540902
536870912
1072262831
536870912
1070504257
0
1071997237
2684354560
1071608541
0
1071453328
0
1071888849
1610612736
1070701353
2147483648
1071880062
3758096384
1068153780
0
1070103922
2147483648
1071805723
1610612736
1070769935
3221225472
1071276567
2147483648
1070226346
0
1071087838
2147483648
1068612000
0
1072039353
2147483648
1071999965
0
1072306207
1610612736
1071569184
0
1071699997
3221225472
1072180671
1610612736
1072181285
536870912
1071528481
1073741824
1069917935
2147483648
1069686837
2147483648
1071045424
0
1072366381
536870912
1071461100
1073741824
1072693247
2684354560
85
