Uvec
2226355706
1072173085
3221225472
1070798661
0
1069489382
0
1072114076
536870912
1071672379
1610612736
1072486594
536870912
1071227547
2147483648
1070060215
2147483648
1071892360
0
1071867235
3758096384
1072069630
3758096384
1070483490
2147483648
1068628278
0
1072252143
1610612736
1070513512
2147483648
1068952069
0
1070920772
1073741824
1072682446
2147483648
1071645135
3758096384
1068834055
0
1071953453
3758096384
1072536619
3221225472
1070496223
2147483648
1072427260
3221225472
1071246823
2147483648
1072674102
3758096384
1072242678
3221225472
1071690029
1610612736
1072332859
2684354560
1071536948
2147483648
1072245578
3758096384
1071042886
1073741824
1071036786
0
1072452948
3221225472
1072500165
2147483648
1071730614
2147483648
1070257664
2147483648
1071347788
1073741824
1072259591
2147483648
1072003569
2147483648
1071663716
536870912
1071822632
536870912
1071575430
3221225472
1071783677
1073741824
1071124235
1073741824
1071217656
1073741824
1071986382
0
1069816302
2147483648
1072356594
1073741824
1068919543
0
1072218803
1610612736
1072611327
2147483648
1070796381
3221225472
1068553289
0
1072033799
2684354560
1070879214
1073741824
1071711502
3221225472
1071869994
0
1069975436
0
1071265503
2147483648
1072477300
2684354560
1072349538
2147483648
1072605993
1610612736
1071942969
536870912
1072679631
1610612736
1072689826
1610612736
1070800542
3221225472
1069832713
2147483648
1072012822
3758096384
1071841381
0
1072529976
3221225472
1069662225
0
1072000433
1073741824
1072573010
536870912
1071898112
2147483648
1072443132
3221225472
1072276985
1610612736
1070847914
1073741824
1072059839
1073741824
1071535298
1073741824
1071548041
0
1072090003
1610612736
1071451735
2147483648
1071707182
2684354560
1069788847
0
1071638277
0
1070010649
2147483648
1072063704
0
1070300046
0
1071703671
3758096384
1070936410
3221225472
1072416435
0
1071764899
3221225472
1067813798
0
1071265194
0
1071494790
0
1066709552
0
1072533619
2147483648
1071461100
1073741824
1072693247
2684354560
93
