Uvec
2226355706
1071943023
3758096384
1069813144
0
1071605015
1073741824
1070589066
0
1071989734
1073741824
1067219428
0
1071783610
1610612736
1067516250
0
1072232848
0
1070637491
0
1071344136
0
1072426390
1073741824
1070631404
1073741824
1071888647
2684354560
1072266962
3758096384
1069768587
0
1070832774
2147483648
1071636798
1073741824
1071232159
1073741824
1068287774
0
1072108225
2147483648
1071803109
0
1071132060
0
1071914660
3221225472
1071987057
0
1070380511
2147483648
1072240855
1610612736
1071547671
2147483648
1070759035
3221225472
1071687803
3758096384
1070611254
3221225472
1071147441
2147483648
1072251678
0
1070940842
2147483648
1070292803
0
1071225278
2147483648
1071884507
2147483648
1071988578
2147483648
1071245236
0
1071771434
1610612736
1071281567
0
1072407367
3221225472
1071683634
3221225472
1072550059
2684354560
1072074333
2147483648
1070688365
2147483648
1072315930
1610612736
1071193398
0
1070503685
0
1070146593
2147483648
1072005577
3221225472
1071542415
2147483648
1071594106
3221225472
1071077795
3221225472
1072410192
1073741824
1071220915
2147483648
1071466445
0
1070685606
3221225472
1070610627
2147483648
1071704742
2147483648
1071663165
536870912
1070915972
0
1071123811
2147483648
1071579153
0
1069165238
0
1071294759
1073741824
1071774263
3758096384
1072242803
3221225472
1072137369
1610612736
1071497377
3221225472
1072156271
1073741824
1071786223
2684354560
1070399900
0
1072328208
0
1071582671
3221225472
1072446464
2684354560
1070873297
1073741824
1069782831
2147483648
1072591668
3221225472
1072046513
1073741824
1072087432
3221225472
1068782278
0
1071766636
1073741824
1065306448
0
1070842459
2147483648
1071661630
2147483648
1071988239
2147483648
1072231337
0
1071838416
3758096384
1072091664
536870912
1071339542
1073741824
1070582920
2147483648
1071908861
2147483648
1068991731
0
1071339430
1073741824
1072013207
2147483648
1071105765
3221225472
1071484796
2147483648
1071461100
1073741824
1072693247
2684354560
93
