Uvec
2226355706
1071865860
3221225472
1068402168
0
1070514624
0
1071268012
0
1071447614
0
1071538879
3221225472
1072085448
3758096384
1069202080
0
1072142287
3221225472
1072448688
1073741824
1068612680
0
1072491435
1073741824
1071873884
2684354560
1072265326
3221225472
1072686437
1610612736
1069170880
0
1071752761
2684354560
1072263657
3221225472
1071422562
0
1070912257
2147483648
1072013449
3758096384
1070775005
2147483648
1068316666
0
1070668905
1073741824
1071801289
3221225472
1070406915
0
1068494318
0
1072590293
3758096384
1071691543
3221225472
1072320330
1073741824
1072089079
3221225472
1071658259
2147483648
1070779475
1073741824
1071079995
3221225472
1070230258
0
1070499961
0
1062172800
0
1072357569
0
1069525922
0
1069865691
0
1071505177
2147483648
1068524313
0
1070947578
3221225472
1072154582
1073741824
1069235793
0
1071768046
2147483648
1072187045
2147483648
1072554889
2684354560
1072244854
536870912
1067363516
0
1068517623
0
1071544957
1073741824
1069921284
0
1072435351
1073741824
1072538738
3221225472
1071826577
1073741824
1068836504
0
1069692393
2147483648
1069480211
0
1072355784
2147483648
1072506140
536870912
1071743801
536870912
1067660612
0
1072500110
2147483648
1072438040
3221225472
1072307864
2147483648
1071276209
2147483648
1070013235
0
1070814352
0
1072203429
1073741824
1071089088
2147483648
1072189438
0
1072486935
2684354560
1071855670
0
1070882124
2147483648
1071863354
2684354560
1069549277
0
1072536979
3758096384
1056595968
0
1071806123
0
1072278548
2684354560
1068322726
0
1070230382
2147483648
1072582449
2684354560
1071918913
2684354560
1070933158
3221225472
1069980649
2147483648
1071339434
3221225472
1071759310
2147483648
1070455794
0
1071847017
3221225472
1071691620
1610612736
1071093002
1073741824
1071853800
536870912
1072245725
3221225472
1071945402
2147483648
1071471132
0
1072432455
536870912
1071461100
1073741824
1072693247
2684354560
10
