Uvec
2226355706
1070957390
0
1072408229
3758096384
1069562242
2147483648
1072046305
536870912
1072289485
0
1072671007
3221225472
1072180347
536870912
1071547390
1073741824
1071220312
1073741824
1071943130
2147483648
1072436998
1073741824
1072047701
1610612736
1072134266
1073741824
1071227140
3221225472
1071711397
2684354560
1070069303
0
1072537722
3221225472
1070389603
0
1071987169
3221225472
1069575437
0
1072003316
1610612736
1071331011
3221225472
1071633528
2147483648
1072360899
1610612736
1070793553
3221225472
1070051816
2147483648
1072301465
1073741824
1066555552
0
1069320109
0
1072318277
3758096384
1072457599
2147483648
1070361859
0
1072082666
2684354560
1072580304
3758096384
1072308633
2147483648
1068241088
0
1072467798
1610612736
1072203820
3758096384
1069481715
0
1072424755
3758096384
1069636476
2147483648
1072348336
0
1072416186
2147483648
1070151493
0
1071729143
2684354560
1067476576
0
1071487503
3221225472
1072034917
536870912
1071340157
0
1069828310
0
1071832150
3221225472
1072485304
3221225472
1067624646
0
1072005638
3221225472
1067663530
0
1072466991
2684354560
1072327373
3221225472
1071512101
1073741824
1067281172
0
1071977199
2684354560
1070573846
2147483648
1072307507
1073741824
1072602771
0
1072196721
3221225472
1071871329
2684354560
1071934625
1610612736
1071565908
3221225472
1070974850
2147483648
1072135140
536870912
1069686947
0
1071021637
0
1071286372
1073741824
1071972182
3758096384
1072012660
1073741824
1071383609
2147483648
1072307257
2147483648
1071404783
1073741824
1071642748
2147483648
1072111176
2684354560
1069536721
0
1071995369
1610612736
1072323755
1610612736
1067873856
0
1071362337
1073741824
1069691310
0
1071698635
536870912
1071718043
3221225472
1066911552
0
1070537224
0
1070054436
0
1068457288
0
1069899708
0
1071494629
0
1071533431
3221225472
1070782349
1073741824
1068339040
0
1071070799
0
1071211292
3221225472
1071461100
1073741824
1072693247
2684354560
4
