Uvec
2226355706
1070356451
2147483648
1072244975
1610612736
1071422453
2147483648
1071916021
2147483648
1072477137
0
1070745781
0
1072003212
536870912
1072345000
3221225472
1072594122
3758096384
1072164967
1610612736
1066145248
0
1071622279
2147483648
1071185555
2147483648
1071703455
2147483648
1072044785
3758096384
1072539626
1610612736
1072295309
536870912
1071921233
0
1071655361
3758096384
1071957001
2684354560
1070922204
2147483648
1070139929
2147483648
1071401758
1073741824
1071630653
1073741824
1072225282
0
1072278185
536870912
1068350838
0
1072076564
3758096384
1071711074
0
1069183999
0
1067509146
0
1068017102
0
1072382726
2147483648
1071705942
3758096384
1071255639
2147483648
1071652061
1610612736
1072197665
536870912
1069302241
0
1071866106
3758096384
1067960892
0
1072185128
1073741824
1072505613
2684354560
1071784266
1610612736
1072023168
536870912
1070391889
2147483648
1072114138
3221225472
1072672563
2147483648
1071263873
0
1071622731
0
1071507237
1073741824
1072620409
3221225472
1071600601
0
1071807454
3221225472
1070793202
3221225472
1069392953
0
1072128351
1073741824
1072641247
3221225472
1071133579
1073741824
1072343040
2684354560
1071200759
1073741824
1071680799
3758096384
1072270943
0
1072051519
1610612736
1072114067
2684354560
1071324060
2147483648
1068777256
0
1068461530
0
1072496154
536870912
1072555478
2147483648
1070740227
2147483648
1072585430
3221225472
1072066142
2684354560
1072041141
536870912
1068277490
0
1067367596
0
1072537548
3758096384
1071726499
2147483648
1072068869
3758096384
1071038078
2147483648
1072661805
1610612736
1072274766
2147483648
1068905381
0
1071672135
3758096384
1070642518
2147483648
1064370368
0
1071522011
1073741824
1070716568
3221225472
1070794937
1073741824
1072525851
0
1072463732
3758096384
1071219131
3221225472
1072198094
536870912
1071118385
0
1070533823
0
1072169184
0
1072281733
1610612736
1071124368
2147483648
1072070610
2147483648
1071461100
1073741824
1072693247
2684354560
41
