Uvec
2226355706
1071294737
3221225472
1072069924
3758096384
1068768168
0
1071404002
2147483648
1070479662
0
1071823106
2147483648
1071215192
0
1072068075
2684354560
1071549473
1073741824
1071307928
3221225472
1071407682
3221225472
1068003510
0
1071659928
0
1070944009
3221225472
1071730410
1073741824
1068686143
0
1070109551
0
1062935424
0
1072109034
1073741824
1072160250
1610612736
1072498046
1073741824
1069717716
0
1071555890
0
1072360327
536870912
1071820391
3758096384
1071895943
2684354560
1071688677
2147483648
1070851206
2147483648
1072229141
3758096384
1069833576
0
1071499163
2147483648
1072497370
3758096384
1072444404
2147483648
1071899949
1610612736
1071402369
0
1072394255
0
1069573566
2147483648
1072125663
3221225472
1072435329
2684354560
1071050095
3221225472
1070523813
2147483648
1071889258
0
1070969244
2147483648
1069897172
2147483648
1072650448
2684354560
1072102142
3758096384
1070954736
3221225472
1071709581
3221225472
1071737489
2147483648
1072042153
1610612736
1072365275
2147483648
1071737391
2684354560
1071260407
0
1070868029
1073741824
1071804229
3758096384
1072133261
2147483648
1070789715
3221225472
1070580175
0
1072169200
2147483648
1069190255
0
1070803783
0
1070106428
0
1069908048
0
1072652189
3758096384
1070340078
2147483648
1070846185
1073741824
1072596749
1610612736
1071994662
536870912
1070887730
2147483648
1071735991
1610612736
1071855721
0
1072654199
0
1072168846
3758096384
1071613312
0
1072169523
2147483648
1072345547
0
1070906406
1073741824
1069143119
0
1071851121
3758096384
1072045865
1073741824
1071718220
1073741824
1069658973
0
1070770158
2147483648
1071746140
536870912
1071309420
1073741824
1071584494
3221225472
1072202598
536870912
1071903258
2147483648
1070364060
0
1072044778
2684354560
1070779930
2147483648
1071271178
2147483648
1072278392
3221225472
1072498607
0
1071978803
536870912
1071491411
1073741824
1068621881
0
1071852415
536870912
1071461100
1073741824
1072693247
2684354560
36
