Uvec
2226355706
1071054945
2147483648
1068761442
0
1071398190
1073741824
1069857077
0
1071322044
0
1070011699
0
1069666513
0
1070447590
0
1071955419
1610612736
1072440239
1610612736
1068783676
0
1071813159
1610612736
1071363947
2147483648
1072347747
1610612736
1071862519
1610612736
1072096764
2684354560
1072131241
3221225472
1071071593
2147483648
1068906164
0
1071499244
0
1072530083
2147483648
1071248421
3221225472
1072685046
536870912
1072284854
2147483648
1071879548
1073741824
1071824672
3221225472
1072515056
2684354560
1072522785
3758096384
1069003330
0
1070672446
0
1070139252
0
1069121807
0
1071731960
1610612736
1069937251
0
1072424005
2684354560
1067643644
0
1072102845
536870912
1071129475
3221225472
1072282306
0
1072132991
0
1072388667
1073741824
1068776121
0
1072096404
1610612736
1067744048
0
1068586229
0
1069861461
2147483648
1072396704
0
1070261794
2147483648
1070919160
2147483648
1068656865
0
1068475024
0
1072342831
2684354560
1072112234
0
1071068454
3221225472
1071891452
2147483648
1071022913
3221225472
1072519390
1610612736
1072202274
536870912
1072643230
1610612736
1072617407
536870912
1071903064
2147483648
1072039158
2684354560
1071383977
3221225472
1071008407
3221225472
1070817633
2147483648
1072424409
1610612736
1071653219
1073741824
1072336485
0
1068890479
0
1068858632
0
1068546596
0
1071803613
1073741824
1071203883
1073741824
1070885920
1073741824
1072458088
2147483648
1069286830
0
1071121560
1073741824
1072600069
2684354560
1072338590
1073741824
1070927802
0
1071684874
3221225472
1072490848
2684354560
1072280475
3758096384
1071999670
0
1071690431
3221225472
1071928164
536870912
1072109486
536870912
1071760306
2147483648
1069811339
0
1072114208
536870912
1071672716
2684354560
1068479310
0
1072445302
3758096384
1072020685
1073741824
1069413631
0
1071830265
3221225472
1070918770
2147483648
1066907168
0
1071461100
1073741824
1072693247
2684354560
71
