Uvec
2226355706
1072354173
1610612736
1069772089
2147483648
1071782901
3221225472
1071411639
2147483648
1072497510
536870912
1071923837
1610612736
1070683273
1073741824
1070416517
0
1070256839
0
1071583939
3221225472
1071736328
0
1072044510
0
1072571437
0
1072397503
3758096384
1071109571
1073741824
1070582468
0
1072654830
3758096384
1070537656
2147483648
1071641555
1073741824
1068642212
0
1072020387
0
1071609129
3221225472
1071820417
536870912
1072293346
0
1069549332
0
1071621940
0
1072477208
1610612736
1072676092
3758096384
1071160401
3221225472
1070892613
2147483648
1069408618
0
1070627046
2147483648
1069170907
0
1068577911
0
1072582439
0
1072684937
1610612736
1071727975
0
1067616324
0
1072206622
2684354560
1072670843
3758096384
1071642159
1073741824
1072278160
1610612736
1072124950
1610612736
1070787490
0
1063600544
0
1068920851
0
1072366130
3758096384
1072208137
1610612736
1072243658
1610612736
1071213153
3221225472
1072394535
1610612736
1072023669
2684354560
1072318990
3758096384
1072287244
536870912
1068676915
0
1070128571
2147483648
1072567314
2147483648
1071243324
0
1072516639
3758096384
1072258423
3758096384
1071768535
0
1072092276
1073741824
1072322927
2147483648
1070968014
0
1072511200
536870912
1072048334
0
1069244022
0
1071831276
2684354560
1068167888
0
1072686350
2684354560
1071664855
2684354560
1071793075
0
1067123344
0
1071849960
3221225472
1063627520
0
1068326898
0
1070375804
0
1072535649
2684354560
1072054610
3758096384
1071525281
2147483648
1071214278
0
1072528032
0
1071176103
1073741824
1072688467
1073741824
1072308289
3221225472
1072681710
0
1072117569
2684354560
1072668440
536870912
1070604521
0
1072609826
3758096384
1072009295
2684354560
1072620407
2684354560
1071206552
2147483648
1069981090
2147483648
1071783018
3758096384
1072117397
1073741824
1069389688
0
1070841768
3221225472
1071461100
1073741824
1072693247
2684354560
40
