Uvec
2226355706
1072657299
1073741824
1072534476
1610612736
1071995577
1073741824
1072416876
1073741824
1071602677
3221225472
1072572316
2684354560
1071827185
1073741824
1072393096
2684354560
1071563630
0
1072218286
1073741824
1071985166
536870912
1072575527
1073741824
1072670912
0
1071956610
2684354560
1069905080
2147483648
1069650288
2147483648
1071424447
2147483648
1069838844
0
1071580534
2147483648
1072586780
3758096384
1071477347
0
1070283587
0
1071950398
3221225472
1071677720
1610612736
1072530556
3221225472
1072001065
3758096384
1072184098
536870912
1071885623
1073741824
1071367201
1073741824
1072258139
2147483648
1070906833
3221225472
1070543711
2147483648
1071759293
536870912
1071905253
2147483648
1071647054
3221225472
1070305009
0
1072681551
3758096384
1071843096
0
1071882553
1610612736
1071449537
1073741824
1070394751
0
1072573606
2684354560
1072435317
3758096384
1067507744
0
1070742198
1073741824
1071244941
3221225472
1072335625
1610612736
1071193264
0
1070278690
2147483648
1072410617
1073741824
1072054674
536870912
1069642731
2147483648
1070848661
1073741824
1072589407
2147483648
1068615045
0
1070144227
0
1072195439
2684354560
1071565461
2147483648
1070582229
2147483648
1070220381
2147483648
1071494769
2147483648
1071614702
2147483648
1071722916
2147483648
1072689483
1610612736
1072528682
3758096384
1072448623
0
1072212959
1610612736
1065829888
0
1072465713
536870912
1071543442
1073741824
1070782619
0
1068812078
0
1071990008
2684354560
1070561813
0
1071591565
1073741824
1072201532
0
1070141044
2147483648
1072176603
536870912
1072689955
3758096384
1071799398
0
1071459045
1073741824
1071688201
1073741824
1071243585
2147483648
1071340193
2147483648
1070032942
2147483648
1069783346
2147483648
1072084799
536870912
1070902002
3221225472
1072419894
536870912
1069919375
0
1070895535
3221225472
1072225536
2147483648
1068743589
0
1071299330
0
1067387068
0
1068809401
0
1068111504
0
1071697664
0
1071461100
1073741824
1072693247
2684354560
7
