Uvec
2226355706
1068791697
0
1072480567
536870912
1072108884
2684354560
1072434385
3758096384
1071973474
2147483648
1070749923
3221225472
1070790321
0
1072346231
1073741824
1071997334
3758096384
1068346756
0
1066882520
0
1072333346
3221225472
1068795124
0
1072363180
3758096384
1071961568
3758096384
1072235195
2147483648
1070761063
1073741824
1069814903
2147483648
1069559108
2147483648
1071986055
3221225472
1072491385
2684354560
1071650868
3221225472
1072677487
2684354560
1070227428
0
1070467856
0
1072690961
1073741824
1070511930
0
1071041012
2147483648
1072265862
1610612736
1070597634
3221225472
1072008765
1610612736
1071127381
2147483648
1072610052
536870912
1071437458
3221225472
1071678137
2147483648
1072235974
0
1068504356
0
1071256580
1073741824
1069571555
2147483648
1071870425
3221225472
1071746256
1610612736
1071446433
3221225472
1069699693
0
1071088968
1073741824
1072557119
2684354560
1071792832
3221225472
1072272811
2147483648
1067463002
0
1069251590
0
1070958718
2147483648
1067749332
0
1070987435
3221225472
1071184740
0
1070604940
2147483648
1071695242
0
1070025504
0
1071345516
1073741824
1070707229
3221225472
1072686307
3221225472
1072425645
3758096384
1072573107
0
1070556208
2147483648
1072233848
1610612736
1072574523
1073741824
1069746709
2147483648
1072268615
3221225472
1070712982
1073741824
1071086425
3221225472
1071502063
0
1072345857
1073741824
1072152609
0
1070732125
3221225472
1070706551
2147483648
1071832403
3221225472
1071708119
1073741824
1072382878
536870912
1072489966
2684354560
1071506207
1073741824
1069699162
2147483648
1070660463
1073741824
1070754063
0
1072193550
0
1069947669
0
1068196928
0
1072635271
3221225472
1069275607
0
1072005075
3758096384
1071458589
2147483648
1072116113
536870912
1067096236
0
1072573253
3758096384
1070774283
1073741824
1071317311
3221225472
1069585102
2147483648
1072269823
3221225472
1072573043
2684354560
1071435059
1073741824
1071922478
1610612736
1071461100
1073741824
1072693247
2684354560
76
