Uvec
2226355706
1071620519
1073741824
1070339986
0
1071666516
3758096384
1071572232
0
1072030321
2147483648
1071484755
3221225472
1072486877
2147483648
1072046656
536870912
1070201961
2147483648
1072371254
1073741824
1068867705
0
1067779924
0
1071821449
2684354560
1066232784
0
1072567437
1610612736
1071143569
3221225472
1071727371
1610612736
1071389708
3221225472
1069338909
0
1069780334
0
1070872467
1073741824
1072667719
2684354560
1071902893
1073741824
1071600034
1073741824
1071434295
0
1072660665
1073741824
1071759518
0
1069262963
0
1071269013
3221225472
1070159570
0
1071124265
2147483648
1071852597
2147483648
1069323829
0
1071199669
3221225472
1071241147
3221225472
1071927404
0
1071733384
2684354560
1072295983
1073741824
1068225258
0
1072176111
2684354560
1072691510
0
1068021504
0
1071955722
3221225472
1071285444
1073741824
1072080132
2684354560
1068501742
0
1068649645
0
1071352339
2147483648
1072145691
1073741824
1072300189
3221225472
1070067096
0
1072497828
3221225472
1072587428
2147483648
1069720714
2147483648
1072294567
536870912
1071993735
2147483648
1070055837
2147483648
1072189423
2147483648
1071619125
0
1071891644
0
1071058151
1073741824
1072016789
0
1070632473
0
1070873675
1073741824
1072120652
3758096384
1070798342
0
1072455527
2147483648
1068927400
0
1072350654
1610612736
1072356406
536870912
1071622069
0
1072372238
2684354560
1071178997
2147483648
1070564434
2147483648
1072388526
0
1072303820
2147483648
1072619252
3758096384
1072027186
2684354560
1071444182
3221225472
1070223682
2147483648
1070088640
0
1072150173
2684354560
1072651301
2684354560
1072015374
2147483648
1069786568
2147483648
1072636215
1073741824
1071134007
0
1072619458
1610612736
1069417650
0
1070647237
3221225472
1070970814
2147483648
1072002581
536870912
1072446521
2147483648
1072637354
1073741824
1071931630
1073741824
1072258038
1073741824
1072382522
1610612736
1072341035
3758096384
1071461100
1073741824
1072693247
2684354560
37
