Uvec
2226355706
1067485136
0
1072180340
3758096384
1069816174
2147483648
1072410527
1610612736
1072160216
0
1071142622
0
1071365660
1073741824
1071230089
3221225472
1071789407
0
1066655212
0
1071792025
1610612736
1071714668
2684354560
1069962606
0
1070765710
1073741824
1066400848
0
1072253983
3758096384
1071710311
3221225472
1071817183
2147483648
1071511091
2147483648
1072404586
0
1065518832
0
1071033162
0
1068771817
0
1071159309
2147483648
1071973813
2684354560
1071673807
1073741824
1072200430
536870912
1072068930
2684354560
1072642075
3758096384
1071857051
1610612736
1071564751
0
1071666381
0
1071227683
0
1069642320
0
1072404904
536870912
1070987020
0
1068607117
0
1071478170
1073741824
1072143497
2684354560
1071260536
3221225472
1072608977
536870912
1072416130
536870912
1071131081
2147483648
1072209178
3758096384
1070022354
0
1072280794
3758096384
1072297786
0
1072102146
2684354560
1071179355
3221225472
1072295332
0
1072261185
3221225472
1072061140
0
1068900962
0
1072265206
0
1071998529
2147483648
1072627631
2147483648
1067074808
0
1071774041
2147483648
1071693228
2684354560
1071142945
3221225472
1072640646
536870912
1071900721
2684354560
1071881774
1610612736
1071191608
0
1072373385
2684354560
1072587276
2147483648
1072558695
1610612736
1070753694
2147483648
1071031427
2147483648
1071949129
0
1071032517
0
1072169308
1610612736
1071135985
0
1072435302
3758096384
1069794056
2147483648
1071521839
3221225472
1063482752
0
1072185746
3758096384
1071587498
2147483648
1069726372
0
1071724752
3221225472
1071991207
0
1069909125
2147483648
1070685503
2147483648
1067741160
0
1070224824
2147483648
1071973057
2684354560
1072306140
1073741824
1069636037
2147483648
1072307240
3221225472
1070287181
2147483648
1071803471
1073741824
1071786513
2147483648
1070367065
2147483648
1069280537
0
1072022429
1610612736
1066492208
0
1071485486
0
1071461100
1073741824
1072693247
2684354560
56
