Uvec
2226355706
1067722052
0
1071172451
0
1070747262
2147483648
1068461458
0
1071760603
1073741824
1070503551
0
1070987924
1073741824
1070157559
2147483648
1071998112
536870912
1071850610
1073741824
1072417651
1610612736
1072472705
3758096384
1071252791
0
1070307512
2147483648
1070645473
1073741824
1071719100
1610612736
1072326430
2684354560
1070772054
1073741824
1071420309
0
1072668881
2684354560
1071946919
536870912
1070800572
1073741824
1072315295
1610612736
1072646416
3758096384
1070494444
0
1072584911
536870912
1071705306
536870912
1072022189
3758096384
1070444568
2147483648
1068316838
0
1071938625
536870912
1069926381
2147483648
1072095285
3758096384
1072223436
1073741824
1072255971
1610612736
1070766102
2147483648
1072660502
2147483648
1071730486
0
1072544021
0
1069992259
0
1071603223
1073741824
1072571415
2147483648
1071877946
0
1069852340
2147483648
1068681827
0
1071807626
1610612736
1070647028
1073741824
1072280008
1610612736
1071352765
3221225472
1071097837
1073741824
1071780749
536870912
1072436730
3758096384
1067699632
0
1069374314
0
1071181925
3221225472
1070810437
0
1072594430
2147483648
1072232542
1610612736
1071993026
1610612736
1071264228
3221225472
1071905618
1073741824
1069949096
2147483648
1072591271
1073741824
1068560582
0
1072650689
1610612736
1069637054
2147483648
1072671556
2147483648
1071772757
0
1071677442
0
1071669573
2147483648
1072483553
0
1071717800
0
1072437776
2684354560
1071732360
2684354560
1066523036
0
1072170081
1610612736
1071977968
3758096384
1070649439
2147483648
1071282545
2147483648
1071804711
3221225472
1072685817
1610612736
1072195358
3758096384
1072099017
3221225472
1071061701
3221225472
1070619537
3221225472
1072029912
536870912
1072233072
2684354560
1071775662
0
1069945968
2147483648
1072507857
2684354560
1072688875
1610612736
1071847741
3221225472
1071324305
0
1071603831
3221225472
1072364071
0
1070043001
2147483648
1072135518
3221225472
1072314250
3758096384
1071461100
1073741824
1072693247
2684354560
93
