Uvec
2226355706
1071684701
1073741824
1072078928
1610612736
1070621845
1073741824
1069006821
0
1071402863
2147483648
1071223356
1073741824
1072322750
3758096384
1072278129
536870912
1070736134
2147483648
1072604750
2684354560
1072147111
536870912
1072174576
2147483648
1072009129
0
1071780045
2147483648
1068689286
0
1071005320
0
1069957820
0
1072235071
3221225472
1070816492
0
1070984126
1073741824
1071774135
2684354560
1069733850
0
1069291504
0
1072646424
3221225472
1072636467
2684354560
1072053805
1073741824
1072386564
536870912
1067976652
0
1072118473
0
1071571362
3221225472
1071110657
3221225472
1071795307
536870912
1072477757
0
1071509831
2147483648
1071550997
0
1071689337
3221225472
1072047790
3758096384
1071028785
1073741824
1072457540
2147483648
1071700254
3758096384
1071807266
1073741824
1072353283
1073741824
1071712545
3221225472
1070232932
2147483648
1071364291
2147483648
1071447561
3221225472
1072065956
3758096384
1071974143
2684354560
1072472602
1073741824
1071447863
3221225472
1072204474
0
1072029071
3758096384
1072450562
3221225472
1072241564
1073741824
1068546350
0
1072500182
3221225472
1064357488
0
1072520198
2147483648
1070463005
2147483648
1067853308
0
1071980814
3221225472
1071524283
3221225472
1070641692
1073741824
1069871746
2147483648
1070991539
0
1072653060
536870912
1072097719
2147483648
1064847904
0
1071966769
1073741824
1072666676
1610612736
1072656172
536870912
1071130828
2147483648
1072628464
1610612736
1072242389
2147483648
1072567536
1073741824
1072624925
1073741824
1071678908
2147483648
1071873205
1073741824
1070238331
2147483648
1072551059
1610612736
1068554965
0
1072624524
1073741824
1072008884
2147483648
1070685031
2147483648
1072128655
2684354560
1072364696
1610612736
1069818994
0
1071037643
0
1071934416
3221225472
1070835305
2147483648
1071987218
3221225472
1069935840
2147483648
1071755814
1073741824
1072475843
1610612736
1070937876
2147483648
1072222260
2684354560
1072166365
1073741824
1067663926
0
1071461100
1073741824
1072693247
2684354560
36
