Uvec
2226355706
1072211539
2684354560
1072322614
2147483648
1072016431
1073741824
1067786920
0
1071760376
2147483648
1072668393
2684354560
1071429543
1073741824
1071684258
3758096384
1072197793
2684354560
1072082625
2147483648
1072431848
536870912
1071298917
3221225472
1072400537
3221225472
1072243676
2147483648
1071020174
0
1071934789
536870912
1069787595
2147483648
1071748608
3758096384
1072281415
0
1071754072
3758096384
1072316029
1073741824
1072293764
2684354560
1072381493
536870912
1070154929
0
1070690373
3221225472
1063384320
0
1071684535
2147483648
1071952930
2684354560
1070004737
0
1072093131
2684354560
1072046671
1610612736
1071924852
0
1068212102
0
1069710431
2147483648
1069514810
0
1072051699
3221225472
1070204063
2147483648
1072003862
2147483648
1071873400
3221225472
1071898495
2684354560
1072047673
0
1072673865
3221225472
1071539170
1073741824
1071746954
0
1071794624
3758096384
1070396231
0
1072288288
1610612736
1072660388
536870912
1070025409
0
1072431738
3758096384
1072197825
2684354560
1071209237
1073741824
1072449783
1610612736
1071578060
2147483648
1072204060
1073741824
1072232427
3758096384
1069749488
0
1071955734
2684354560
1070600326
0
1072426545
536870912
1070960713
3221225472
1065590448
0
1070721148
2147483648
1063146560
0
1072357462
536870912
1069490799
0
1072438555
3221225472
1070452659
2147483648
1072569634
0
1072085352
1073741824
1069716419
2147483648
1071845973
536870912
1071508414
3221225472
1071331282
3221225472
1070568983
0
1071344956
1073741824
1072030513
3758096384
1072496375
1073741824
1071236850
2147483648
1071699167
1073741824
1072374662
3221225472
1072465950
0
1070261307
2147483648
1070918005
1073741824
1072555697
3221225472
1072250731
2684354560
1072156127
3221225472
1071800617
1610612736
1072036548
1073741824
1071143052
2147483648
1071353164
1073741824
1070332565
0
1070465093
2147483648
1072670043
1610612736
1072176458
0
1071407313
0
1067720470
0
1072482398
1073741824
1071461100
1073741824
1072693247
2684354560
7
