Uvec
2226355706
1071096089
1073741824
1072187133
3221225472
1072494170
1073741824
1071808759
536870912
1071774327
536870912
1071891504
3221225472
1072036745
536870912
1067710910
0
1072470089
2684354560
1072404179
3221225472
1071749887
1073741824
1072141678
2147483648
1072679615
0
1071772902
3758096384
1070997039
0
1072461754
1610612736
1072525155
0
1067787764
0
1072099471
3758096384
1072081208
3758096384
1072560553
3758096384
1072392658
3221225472
1070443461
0
1068810552
0
1071965202
536870912
1071847909
536870912
1070728408
3221225472
1069689016
2147483648
1070709590
1073741824
1072090425
1073741824
1070339478
0
1072169174
3221225472
1071213314
0
1069102961
0
1071744198
0
1071802819
1073741824
1072061371
3758096384
1067609368
0
1069809183
2147483648
1072172674
2147483648
1071846566
536870912
1070678466
1073741824
1068475532
0
1072253309
2147483648
1071412702
1073741824
1072583732
536870912
1069757143
0
1070688031
1073741824
1070787402
1073741824
1071782270
0
1070938141
1073741824
1071813433
2147483648
1072511357
2147483648
1069239251
0
1072573401
1073741824
1072032332
3221225472
1072081320
2147483648
1072591756
3221225472
1071267973
3221225472
1072234276
1610612736
1072163232
3758096384
1072589922
536870912
1071496507
2147483648
1072168640
1073741824
1072692665
2147483648
1072651423
2684354560
1071941978
1073741824
1071776393
536870912
1072021677
3221225472
1066132864
0
1071079802
3221225472
1072439584
3221225472
1072676422
536870912
1071775523
2147483648
1071954919
0
1071952676
536870912
1070634641
0
1072569565
1610612736
1071735434
1073741824
1069562480
2147483648
1066951976
0
1072471713
1073741824
1072188015
1073741824
1070218066
2147483648
1071787096
1610612736
1072169280
0
1066758740
0
1072534910
3758096384
1071598428
3221225472
1071541108
1073741824
1069733076
2147483648
1071652380
3221225472
1071059617
2147483648
1067890910
0
1071416915
2147483648
1071476187
1073741824
1068663654
0
1072411956
2147483648
1071461100
1073741824
1072693247
2684354560
5
