Uvec
2226355706
1071358920
1073741824
1071803723
3221225472
1066490048
0
1066449172
0
1070733377
3221225472
1070215316
2147483648
1067941984
0
1072234570
536870912
1071959807
536870912
1071001986
1073741824
1072306573
3221225472
1069749032
0
1072184270
3758096384
1072070539
1073741824
1072425803
3758096384
1071133262
1073741824
1071087722
0
1072084060
1073741824
1071601324
3221225472
1070768984
3221225472
1069697347
0
1072241964
1073741824
1072162812
536870912
1072675837
1610612736
1071967928
0
1071199990
0
1072271188
3758096384
1072160865
2684354560
1072382629
1610612736
1070613278
2147483648
1069430119
0
1072010805
1073741824
1071972841
2147483648
1070309974
2147483648
1072577984
1610612736
1072680058
3221225472
1066952880
0
1071351383
0
1068729662
0
1070577004
2147483648
1072489687
2684354560
1070228100
0
1072115268
536870912
1071577013
1073741824
1069874473
2147483648
1071963777
536870912
1071027624
1073741824
1068216066
0
1072090331
2147483648
1071953822
1073741824
1072523181
536870912
1072499652
1610612736
1070972560
2147483648
1071807492
2684354560
1070894525
0
1072070905
1610612736
1071749393
2684354560
1070714558
1073741824
1072504090
1073741824
1071336359
0
1071465583
0
1071919801
3758096384
1071662737
0
1071240658
2147483648
1071523740
3221225472
1072187689
1073741824
1069918215
2147483648
1069046913
0
1070983483
0
1071682327
2147483648
1072304142
1073741824
1072062347
1610612736
1069398427
0
1071987950
0
1072066750
536870912
1069757338
2147483648
1071802710
0
1069737713
0
1072203215
2147483648
1072097657
0
1071016726
0
1071943766
1610612736
1072262035
1610612736
1071775883
0
1070874839
2147483648
1071842209
1073741824
1070761729
0
1072030026
2684354560
1072240201
3758096384
1070766803
1073741824
1071982934
2147483648
1071598847
0
1068169950
0
1072176690
536870912
1071577025
2147483648
1072487236
1073741824
1070951241
0
1071548729
0
1071461100
1073741824
1072693247
2684354560
23
