Uvec
2226355706
1070090216
2147483648
1070823310
0
1072422706
536870912
1071040122
2147483648
1069206476
0
1072196737
3221225472
1066968852
0
1072026134
3221225472
1070168082
2147483648
1070455637
2147483648
1071514688
3221225472
1072603988
3221225472
1072109515
536870912
1071854245
2684354560
1070359971
2147483648
1072269351
2147483648
1070927393
2147483648
1071880754
2147483648
1071633188
0
1072100036
2684354560
1067450080
0
1068768379
0
1071880845
536870912
1071917066
2684354560
1072340500
536870912
1072562718
2684354560
1068962183
0
1071260183
3221225472
1071426832
2147483648
1069604890
0
1072547516
0
1070912785
0
1072587944
0
1070848022
1073741824
1070264464
2147483648
1071618876
1073741824
1069960492
2147483648
1071977685
3758096384
1071483141
2147483648
1069102616
0
1072040112
0
1071623657
3221225472
1072167198
0
1071615100
0
1072352906
536870912
1068551215
0
1068866508
0
1071051370
2147483648
1070767546
0
1072360141
2147483648
1068962393
0
1072439371
3221225472
1071655311
3221225472
1070748860
0
1071959863
2147483648
1072106187
536870912
1072548535
2684354560
1072221600
1610612736
1070130625
2147483648
1071823459
0
1072107568
2684354560
1072066159
1073741824
1071661816
1610612736
1065135968
0
1071124304
0
1072590901
3758096384
1071222330
0
1071777350
3758096384
1072188954
0
1072103977
1610612736
1069406639
0
1072299702
3221225472
1069599999
2147483648
1070495205
2147483648
1072349884
2147483648
1072078411
1610612736
1071807816
2684354560
1072484655
0
1072547704
0
1072357143
536870912
1070928075
2147483648
1072657936
3758096384
1067309000
0
1071316504
2147483648
1071673596
3758096384
1071391832
3221225472
1071643736
2147483648
1072017920
1073741824
1068644356
0
1071977766
2684354560
1072422947
536870912
1072589668
0
1072112693
3758096384
1070239780
0
1072563720
0
1072465559
0
1071701434
2684354560
1071180130
3221225472
1071461100
1073741824
1072693247
2684354560
72
