Uvec
2226355706
1072017728
2147483648
1072151755
2147483648
1071996154
536870912
1071292049
0
1072419498
3221225472
1072227174
0
1072123205
3221225472
1072218411
1073741824
1070616204
1073741824
1071766798
3758096384
1070102613
2147483648
1068827012
0
1071292512
0
1072596603
536870912
1070164811
2147483648
1067995434
0
1072490144
0
1072398314
1073741824
1071559678
3221225472
1071658217
2147483648
1071511281
1073741824
1064214560
0
1072525880
536870912
1072335943
2684354560
1072466002
1610612736
1071734368
0
1069799911
0
1072576776
0
1070997525
3221225472
1070440994
0
1070743884
1073741824
1071413548
0
1067945488
0
1070954680
1073741824
1071527048
3221225472
1068441290
0
1069279009
0
1072427576
1610612736
1072431138
0
1066890492
0
1071966984
0
1071135721
3221225472
1072133038
1073741824
1071896732
2684354560
1071031985
0
1070643625
0
1069731902
2147483648
1072228075
536870912
1072217879
3221225472
1072417632
0
1072612696
536870912
1071449050
3221225472
1072263226
536870912
1072597517
3758096384
1072433632
1610612736
1070649769
0
1071948602
1073741824
1072665131
536870912
1069815893
0
1071928224
536870912
1071182469
0
1071330910
0
1072674702
0
1071312014
0
1072679537
0
1072156164
1610612736
1070015448
0
1071966983
2147483648
1071415475
0
1072345977
536870912
1072666423
3758096384
1071966660
2147483648
1072463990
3221225472
1069463695
0
1069670703
0
1070036755
2147483648
1071945982
3221225472
1069658924
2147483648
1071109779
0
1071886229
536870912
1072236667
1073741824
1071610778
3221225472
1071082592
2147483648
1072427692
1610612736
1070394214
2147483648
1072179916
1073741824
1071434645
0
1071231254
2147483648
1070846819
3221225472
1072249081
3758096384
1068521857
0
1070386951
0
1071999612
0
1071055704
0
1072506410
2684354560
1072624265
1073741824
1071041381
0
1070762778
2147483648
1071461100
1073741824
1072693247
2684354560
70
