Uvec
2226355706
1072527375
1073741824
1071744537
536870912
1069366325
0
1071184252
2147483648
1070941453
0
1072002674
2684354560
1071390226
3221225472
1072008135
536870912
1071465539
3221225472
1072679997
2147483648
1071697954
3221225472
1071211637
3221225472
1068743746
0
1071688106
3758096384
1071242445
0
1069233105
0
1071979914
2147483648
1072249679
3221225472
1071917484
1073741824
1071943447
2684354560
1072667950
2147483648
1071714256
3221225472
1069101458
0
1072690618
0
1071051938
3221225472
1068987577
0
1071139195
2147483648
1068098566
0
1070805876
0
1071750245
2147483648
1072200015
1073741824
1072637574
3758096384
1072244608
1610612736
1071961431
536870912
1071514893
1073741824
1070558244
2147483648
1069955451
2147483648
1072144721
2684354560
1071222483
1073741824
1069603917
2147483648
1069677760
2147483648
1072431612
2147483648
1072542197
3221225472
1066889896
0
1071766413
536870912
1070621584
3221225472
1067060708
0
1072304942
2147483648
1072391515
2147483648
1072489999
1610612736
1070867867
1073741824
1070807136
0
1071607747
2147483648
1071573859
3221225472
1072418885
536870912
1068860797
0
1071726497
1073741824
1072171645
0
1070294135
2147483648
1072631942
536870912
1072529410
2147483648
1071464083
2147483648
1072666593
0
1071125349
2147483648
1068661325
0
1072185128
1610612736
1072123825
3758096384
1069621852
2147483648
1071552105
0
1072106119
2684354560
1071014017
1073741824
1072062669
536870912
1072258359
3758096384
1071062159
2147483648
1070646858
3221225472
1071013866
1073741824
1072060640
3758096384
1072018284
3758096384
1070159774
0
1072240888
0
1071545022
2147483648
1072094003
536870912
1072118509
3758096384
1071243359
3221225472
1071928765
1610612736
1072503030
0
1070929016
2147483648
1071707381
1610612736
1072507720
1073741824
1068083450
0
1072471359
0
1069880904
0
1070765795
2147483648
1071964983
1610612736
1071622538
1073741824
1071804933
0
1070892903
1073741824
1071858266
536870912
1071461100
1073741824
1072693247
2684354560
11
