Uvec
2226355706
1070662636
3221225472
1071224046
3221225472
1071157775
0
1071444781
2147483648
1070325604
0
1071498901
2147483648
1071358905
1073741824
1071815001
1610612736
1072456900
3758096384
1070949508
0
1069117785
0
1072283263
3758096384
1072195797
0
1071772398
0
1071650795
3758096384
1072645984
3758096384
1071649985
3221225472
1070719960
3221225472
1071795778
1073741824
1072318361
1073741824
1070287866
2147483648
1068642006
0
1072584991
2684354560
1070619338
3221225472
1070096323
0
1071899772
1610612736
1071473615
3221225472
1072616888
0
1072482523
536870912
1072611192
3758096384
1072610427
2147483648
1070985245
0
1071110626
3221225472
1072522147
2147483648
1071214971
2147483648
1068257656
0
1071819470
0
1071320173
0
1070875630
0
1072675329
3221225472
1069640734
0
1072683754
3221225472
1069985701
2147483648
1071754401
2684354560
1072354234
1610612736
1072450467
3758096384
1070239575
2147483648
1072004694
3758096384
1070617249
1073741824
1072188099
2684354560
1072673059
2147483648
1070709449
3221225472
1070335229
0
1072196612
3758096384
1067890030
0
1069060834
0
1072425668
536870912
1072241488
2684354560
1070188996
0
1070706181
2147483648
1072309999
536870912
1067778536
0
1072509349
2147483648
1069001436
0
1070695856
1073741824
1072565674
0
1069462138
0
1072530432
3758096384
1066532600
0
1072207843
2684354560
1068550737
0
1072639311
3221225472
1066214480
0
1072693030
3758096384
1072516202
536870912
1070298456
0
1070804417
0
1071917736
2147483648
1072211732
536870912
1071844231
2147483648
1069134330
0
1069975925
0
1072621828
1610612736
1070901376
1073741824
1069432517
0
1072498249
3221225472
1068008692
0
1072542899
536870912
1068130016
0
1070477117
0
1067836982
0
1071346159
0
1070874546
2147483648
1063421632
0
1072165377
2147483648
1072178918
3221225472
1069726341
2147483648
1070596651
0
1071461100
1073741824
1072693247
2684354560
51
