Uvec
2226355706
1071652751
2147483648
1072144176
1610612736
1072681525
536870912
1072308052
3221225472
1072165183
0
1072081990
536870912
1071672914
2684354560
1070773289
3221225472
1071520534
2147483648
1072207046
3758096384
1071362123
1073741824
1071846049
3221225472
1072341176
1610612736
1072425124
2684354560
1071868821
0
1072686646
3221225472
1071997138
1073741824
1072065839
2147483648
1071863402
536870912
1070751604
1073741824
1072332973
2147483648
1071437205
0
1070768852
3221225472
1072145650
3221225472
1071270028
1073741824
1067875178
0
1067813310
0
1069673486
2147483648
1070115548
2147483648
1071247104
2147483648
1072109867
2147483648
1071833358
3221225472
1069743427
2147483648
1070379938
2147483648
1072395675
3221225472
1072433882
3758096384
1071262027
0
1071490470
1073741824
1072350653
3221225472
1072670017
2147483648
1071484946
0
1072509679
0
1071812310
2684354560
1071222140
0
1071842444
2147483648
1071151322
2147483648
1071588061
2147483648
1069736977
0
1072226009
1610612736
1072073763
1073741824
1069237230
0
1072070765
3758096384
1072179698
536870912
1072042879
536870912
1071553626
3221225472
1072063958
0
1069983849
2147483648
1072306801
1073741824
1071191319
1073741824
1070197557
2147483648
1071895162
536870912
1071653530
2684354560
1072379382
0
1071223865
0
1072589070
2684354560
1072466153
1610612736
1071884495
1073741824
1069475788
0
1071728046
2147483648
1072363233
1073741824
1068362176
0
1072447088
0
1071835649
1610612736
1071741167
2147483648
1070328629
2147483648
1068930554
0
1071727959
3221225472
1072322634
536870912
1070607286
0
1072426906
0
1071651830
536870912
1068571902
0
1067995790
0
1070621381
3221225472
1070798518
2147483648
1070384425
0
1071573862
0
1072637633
0
1072661754
1610612736
1069235627
0
1071809246
2684354560
1072086754
1073741824
1072237209
1610612736
1071905709
536870912
1064086976
0
1067131040
0
1072137497
536870912
1071986014
2147483648
1071461100
1073741824
1072693247
2684354560
37
