Uvec
2226355706
1070631434
2147483648
1071722444
536870912
1072171778
3758096384
1072623634
3221225472
1072681320
3221225472
1071733014
536870912
1070804983
1073741824
1072497863
536870912
1067565620
0
1071509074
0
1072048943
0
1071380839
2147483648
1065070032
0
1071766802
2684354560
1070692849
1073741824
1070712589
0
1071870851
3221225472
1072642572
2147483648
1072196153
3758096384
1072049322
1073741824
1069714298
2147483648
1072504472
1073741824
1072390038
2684354560
1071694444
3221225472
1071065065
0
1071307942
1073741824
1072531141
2147483648
1071849554
1073741824
1071369316
2147483648
1071821530
3758096384
1071941701
3221225472
1072656368
2684354560
1068495084
0
1069718555
2147483648
1070742483
3221225472
1072306686
2147483648
1072527172
2147483648
1071225537
0
1071177263
2147483648
1072440321
2684354560
1066817436
0
1072184980
2147483648
1072314209
2684354560
1071813572
1073741824
1072503629
3221225472
1072464349
2147483648
1068206672
0
1072678551
2147483648
1066788512
0
1071271963
0
1069340993
0
1070876721
3221225472
1072070342
2147483648
1072430091
1610612736
1071264585
0
1071905025
3221225472
1072560996
0
1070758235
3221225472
1072167574
2147483648
1070767389
3221225472
1068783031
0
1071894770
2684354560
1071237775
1073741824
1071430856
0
1072517790
2147483648
1072321348
2147483648
1072262031
2684354560
1069630869
2147483648
1072251134
1610612736
1068312862
0
1072136539
2684354560
1072135427
2684354560
1072028649
0
1071748498
0
1070654071
0
1070715342
0
1069913369
0
1071998028
2684354560
1071235617
2147483648
1070982825
1073741824
1070679292
0
1068341194
0
1070313493
0
1072615212
536870912
1070161905
0
1069661472
0
1072615007
1610612736
1072464730
1610612736
1068583739
0
1071030009
3221225472
1070511920
2147483648
1072344348
2684354560
1071053921
0
1072027932
0
1072275761
0
1072193158
3221225472
1072212243
3221225472
1067306492
0
1071461100
1073741824
1072693247
2684354560
96
