Uvec
2226355706
1071000087
2147483648
1067863852
0
1068661389
0
1071758999
3758096384
1072192915
2147483648
1069975639
2147483648
1071790220
0
1072193755
1610612736
1072543786
536870912
1072546523
536870912
1070442694
0
1069865655
2147483648
1070807086
0
1071755098
2147483648
1070107862
0
1072108617
3221225472
1070651260
0
1072244109
2684354560
1070326814
2147483648
1069650255
0
1070515905
0
1072178864
1610612736
1072669706
3758096384
1070992573
3221225472
1072554459
0
1072343824
2147483648
1072402095
1610612736
1071843527
2684354560
1070669659
1073741824
1069943580
0
1071117516
3221225472
1071275854
3221225472
1071777815
3221225472
1070963074
1073741824
1069705232
0
1071268960
2147483648
1070746463
1073741824
1070510264
0
1070886248
0
1068050526
0
1069704679
0
1071279159
3221225472
1070559746
0
1071680815
2147483648
1071966449
0
1070780592
2147483648
1072195603
0
1071759105
3758096384
1072630528
3758096384
1069703115
2147483648
1069868110
0
1071215498
1073741824
1071726493
0
1072285322
1073741824
1072093920
3758096384
1071843675
0
1069626784
0
1072408510
3758096384
1072573210
536870912
1072687822
536870912
1070819386
1073741824
1072408664
2684354560
1070660564
3221225472
1072179849
0
1071327363
0
1068123328
0
1070599240
0
1072497544
536870912
1072258138
536870912
1069223700
0
1071917695
3221225472
1072185208
0
1069704919
0
1071487155
2147483648
1071795391
3221225472
1071838510
536870912
1071309539
0
1072654967
2684354560
1071454140
3221225472
1070304275
0
1069714763
2147483648
1072191395
3221225472
1071612523
1073741824
1071659207
1610612736
1072598573
2684354560
1071630346
3221225472
1071603480
0
1072471505
3758096384
1072381771
3221225472
1071926875
1610612736
1072140116
2684354560
1072619076
2684354560
1072476816
0
1069637593
0
1069957512
2147483648
1071636568
3221225472
1069981346
0
1066345536
0
1071461100
1073741824
1072693247
2684354560
51
