Uvec
2226355706
1071865826
536870912
1072658646
0
1067870684
0
1071573336
1073741824
1067072180
0
1069383660
0
1072069080
1073741824
1072118962
2684354560
1072293684
3221225472
1071909767
3758096384
1072105962
3758096384
1072102620
536870912
1071322527
1073741824
1070297052
2147483648
1069766434
2147483648
1071910759
2684354560
1072500739
2684354560
1072491380
3221225472
1072593227
2684354560
1071021229
1073741824
1071011275
2147483648
1069541931
0
1071724855
3221225472
1072520040
2147483648
1070946968
0
1072519965
536870912
1071901839
3221225472
1072197404
3758096384
1072415333
3758096384
1071349950
0
1070286394
0
1072181137
1073741824
1071878720
3221225472
1072138188
0
1071994774
536870912
1072066288
2147483648
1072071837
0
1072066861
3221225472
1072598777
1073741824
1072208095
536870912
1072422222
0
1069792708
2147483648
1067806392
0
1069105818
0
1071008296
1073741824
1072576538
2684354560
1072294881
2684354560
1068880697
0
1067838430
0
1071418642
1073741824
1070524356
0
1070681527
2147483648
1072530603
2147483648
1069052968
0
1072240713
536870912
1066710416
0
1070326512
2147483648
1072229197
2147483648
1072637085
2147483648
1071843462
2147483648
1069648526
2147483648
1072189708
3221225472
1071082118
3221225472
1071364535
3221225472
1071995652
1610612736
1070923964
1073741824
1071481248
1073741824
1070263378
2147483648
1070454489
2147483648
1070185902
0
1072443857
1073741824
1072539404
536870912
1070574682
2147483648
1072192723
536870912
1071758589
1610612736
1070349513
2147483648
1071833976
2684354560
1071950210
3221225472
1071138304
1073741824
1071279307
2147483648
1071932526
3758096384
1072428437
1610612736
1070523588
2147483648
1072009042
1073741824
1072422224
3221225472
1071443736
0
1071947717
2147483648
1070988062
1073741824
1071916697
1610612736
1067726724
0
1072028368
2684354560
1070545230
0
1069168894
0
1072503899
1610612736
1071476303
0
1072152797
1073741824
1072634408
1610612736
1071056934
3221225472
1071461100
1073741824
1072693247
2684354560
71
