Uvec
2226355706
1072312052
2147483648
1071715224
2684354560
1071720122
2684354560
1069248118
0
1071093589
2147483648
1072367678
0
1072582887
0
1068227510
0
1070946098
0
1071242577
2147483648
1071878272
1073741824
1072230311
2147483648
1072464223
1610612736
1071340638
1073741824
1071139712
3221225472
1072668072
1610612736
1071208150
2147483648
1072319388
536870912
1072431449
2147483648
1072278688
536870912
1072601395
2147483648
1071961433
3758096384
1069514608
0
1071274644
1073741824
1069644073
0
1072269300
3221225472
1072602265
2147483648
1071646598
3221225472
1071844395
1610612736
1071892745
1610612736
1072127642
1610612736
1072606422
3758096384
1072337543
1610612736
1072540291
2684354560
1071839499
536870912
1071070074
1073741824
1071557719
1073741824
1071935208
2147483648
1072405544
536870912
1072172758
1610612736
1071794917
2147483648
1069612445
0
1069576525
0
1070087044
2147483648
1071234555
1073741824
1071778319
2147483648
1071806464
1610612736
1071630212
2147483648
1070559474
0
1072209017
3758096384
1072126729
536870912
1071344751
1073741824
1071965756
2147483648
1070912958
1073741824
1072617892
536870912
1070875038
1073741824
1067339388
0
1072331837
2684354560
1070483752
2147483648
1069553233
0
1072348271
3758096384
1071130701
0
1068919062
0
1071945407
2147483648
1071724684
2684354560
1071980397
1073741824
1071509855
3221225472
1072627627
2147483648
1072572081
536870912
1071974039
3758096384
1072294420
1610612736
1071148000
0
1072094474
3758096384
1069924911
0
1072560726
536870912
1072112470
536870912
1072314806
1610612736
1070605525
0
1072547438
0
1071328414
0
1071609664
3221225472
1070609865
0
1072301705
3221225472
1071833268
1073741824
1072675805
0
1072655012
1610612736
1071750634
0
1071925197
0
1072119868
2147483648
1072482661
2684354560
1072057928
1073741824
1071263258
1073741824
1071876101
2684354560
1071147254
1073741824
1072490319
3758096384
1072050534
2684354560
1071180081
2147483648
1070918862
3221225472
1071461100
1073741824
1072693247
2684354560
36
