Uvec
2226355706
1072271108
2147483648
1071308594
2147483648
1068614636
0
1072374412
3221225472
1071813874
0
1072463712
2147483648
1072049686
536870912
1071002311
3221225472
1072554138
2684354560
1072157758
1073741824
1072029462
2684354560
1072449558
1073741824
1067853214
0
1071597553
2147483648
1072344677
2684354560
1070809670
3221225472
1072194083
3758096384
1071188282
2147483648
1071562602
0
1070618057
0
1071714260
3758096384
1069548009
2147483648
1071101669
3221225472
1071816037
1073741824
1071817801
3758096384
1070259056
0
1072098594
1073741824
1072611261
1073741824
1070162658
0
1071703413
1073741824
1072573411
2147483648
1072091706
1073741824
1072618483
536870912
1070618403
2147483648
1069933861
0
1067923088
0
1068558724
0
1071460359
0
1072163152
2147483648
1069154184
0
1072554526
3758096384
1071548004
2147483648
1070899625
3221225472
1072098653
3221225472
1072366298
0
1072258736
3758096384
1072323359
2147483648
1070956721
1073741824
1069940378
2147483648
1070201531
0
1070966055
3221225472
1070659517
1073741824
1072115875
3221225472
1070914485
0
1072497609
3221225472
1070865059
2147483648
1068786033
0
1071587887
0
1072034123
1073741824
1071715654
536870912
1072249951
2147483648
1072035936
3221225472
1072561533
0
1071637102
0
1070402766
0
1070037414
0
1072680353
1073741824
1072334000
1610612736
1071663881
3758096384
1070263799
0
1072511155
0
1072203514
1610612736
1069458787
0
1071624789
2147483648
1071701607
1073741824
1072432982
536870912
1072613713
1610612736
1072510425
2147483648
1071672838
536870912
1070959805
1073741824
1071199626
3221225472
1072241883
2684354560
1070945622
3221225472
1072024594
536870912
1068120942
0
1070022280
0
1071764799
3758096384
1072047527
3758096384
1070862612
1073741824
1071066236
2147483648
1072051157
3758096384
1069934815
2147483648
1071654616
3758096384
1070694860
0
1070277670
2147483648
1072063675
3758096384
1072559650
3758096384
1071272330
3221225472
1071461100
1073741824
1072693247
2684354560
14
