Uvec
2226355706
1072086783
3758096384
1071980442
2147483648
1071823729
1073741824
1072640805
1073741824
1072462364
1073741824
1072499650
1610612736
1072244611
3221225472
1072260625
1073741824
1071795992
0
1072573060
3221225472
1068688277
0
1072273480
2684354560
1072526722
1610612736
1071319856
1073741824
1072238974
0
1068915083
0
1070806529
1073741824
1066699428
0
1067377528
0
1071726322
0
1071481301
0
1070631433
2147483648
1070936920
0
1070577534
0
1072507727
3221225472
1071596071
0
1072284754
2147483648
1072496085
1610612736
1070496667
2147483648
1069615428
0
1071424385
2147483648
1072690219
1610612736
1070674122
3221225472
1072356479
2684354560
1072463709
3221225472
1067824494
0
1070767358
3221225472
1071805787
3221225472
1071592978
2147483648
1072490641
0
1072373260
3758096384
1071773553
3221225472
1072306324
1610612736
1069192164
0
1070595901
2147483648
1072506029
3758096384
1072689929
536870912
1070100822
0
1071289840
1073741824
1072434925
0
1072618909
1073741824
1072096237
2684354560
1072149265
2147483648
1071581890
2147483648
1067751582
0
1072617226
0
1072201889
1610612736
1071568420
2147483648
1070536259
2147483648
1072141653
1073741824
1072047541
536870912
1072389834
0
1071949233
1073741824
1070682988
0
1071064691
1073741824
1072629184
1073741824
1068744451
0
1072455488
0
1072120962
0
1068012204
0
1071132105
2147483648
1072518932
0
1071731643
536870912
1072623334
2684354560
1071310193
2147483648
1070674924
3221225472
1072663178
2147483648
1071405066
3221225472
1072581809
1610612736
1072615989
2684354560
1072013825
536870912
1071291253
1073741824
1072385310
3221225472
1071330233
2147483648
1072486256
3758096384
1072128170
2147483648
1072066009
3221225472
1071098482
2147483648
1072580100
0
1069892018
2147483648
1071448028
2147483648
1072595251
0
1069425271
0
1069937013
2147483648
1072059920
3758096384
1069971964
2147483648
1068559984
0
1071613329
2147483648
1071461100
1073741824
1072693247
2684354560
64
