Uvec
2226355706
1068715297
0
1071635720
0
1072423926
3221225472
1071460872
2147483648
1072136575
2684354560
1071290651
3221225472
1070982165
0
1070975633
0
1071672212
3221225472
1070477814
0
1071969042
2147483648
1070149847
0
1070163516
2147483648
1070469270
0
1070689346
1073741824
1072226986
3221225472
1072186229
3758096384
1068638012
0
1070102055
2147483648
1072635314
536870912
1071560300
1073741824
1072532029
2684354560
1072497172
0
1070942435
2147483648
1070227091
2147483648
1072012695
0
1072638172
1610612736
1070975791
1073741824
1068840076
0
1071853962
3758096384
1072643988
2684354560
1071299337
1073741824
1069574492
2147483648
1069727180
2147483648
1068846431
0
1071451442
2147483648
1068582393
0
1071878127
536870912
1072419797
3221225472
1071928368
3758096384
1071674299
1073741824
1072167661
0
1071810516
3758096384
1072249234
3221225472
1069407893
0
1069728674
2147483648
1072529969
1610612736
1072660786
2147483648
1072527415
536870912
1071287130
1073741824
1071209770
1073741824
1072011708
536870912
1068677289
0
1070622742
3221225472
1071281562
1073741824
1072276004
2684354560
1071440201
2147483648
1071741933
1073741824
1071190116
0
1070432488
0
1072222214
0
1071980628
0
1072423194
3221225472
1071818991
2147483648
1070828095
1073741824
1072194449
536870912
1069420548
0
1071125475
1073741824
1070609562
1073741824
1071692277
2147483648
1071877522
2684354560
1071593832
3221225472
1071738271
3758096384
1071304369
1073741824
1072037874
1610612736
1072330583
1073741824
1072138603
2684354560
1071958524
0
1072297608
1610612736
1070180577
2147483648
1069255652
0
1070015642
0
1059438592
0
1071326261
2147483648
1072393496
0
1070495151
2147483648
1072071738
536870912
1069549797
0
1071798344
536870912
1070790465
1073741824
1072501116
0
1071493320
1073741824
1072435030
2147483648
1071319802
2147483648
1071914792
536870912
1072460767
536870912
1071877148
1073741824
1072489008
1610612736
1071461100
1073741824
1072693247
2684354560
9
