Uvec
2226355706
1072209017
536870912
1070762220
2147483648
1071213953
2147483648
1070062160
2147483648
1069907572
2147483648
1072679736
1073741824
1071543850
1073741824
1071670941
536870912
1070544484
2147483648
1066302048
0
1071941304
536870912
1072197594
3758096384
1072362808
3758096384
1068736628
0
1072614161
2147483648
1072323721
2684354560
1070747893
0
1071031787
2147483648
1072491512
3758096384
1071384954
0
1071720675
0
1070821316
2147483648
1072452190
536870912
1071414754
1073741824
1070559352
2147483648
1071789810
1073741824
1069873299
0
1072481258
2684354560
1072248482
3758096384
1072594729
0
1070714515
3221225472
1070352193
2147483648
1072214755
0
1071129640
0
1070895890
0
1072538563
3758096384
1070584904
2147483648
1072397053
3758096384
1071923806
0
1072566528
1610612736
1070240041
2147483648
1071938789
0
1072038840
1073741824
1071697337
3221225472
1072011101
1610612736
1070088726
2147483648
1071111934
0
1072103471
3221225472
1065089152
0
1072528016
2684354560
1070532158
2147483648
1070011055
0
1069036720
0
1069616408
0
1071317638
1073741824
1072524287
3221225472
1070276138
0
1072577087
3221225472
1072130117
536870912
1070548055
0
1072561868
2684354560
1071907372
1610612736
1071103119
3221225472
1071744521
0
1071574645
1073741824
1072244402
2684354560
1068617567
0
1072453368
2684354560
1070938010
1073741824
1070219853
2147483648
1072290753
2684354560
1072527400
2684354560
1072313277
1073741824
1072226613
3221225472
1069872864
2147483648
1071803088
2684354560
1072497414
2684354560
1070165371
2147483648
1069780262
0
1072161505
1073741824
1071532956
3221225472
1072374487
2684354560
1072341390
1610612736
1071958251
536870912
1069749012
0
1069503548
0
1070619015
1073741824
1071808950
2684354560
1071377495
0
1072622612
3221225472
1071814376
3221225472
1072673490
3758096384
1070966561
2147483648
1072060839
3221225472
1070697239
1073741824
1072095390
2147483648
1069572006
0
1071469962
2147483648
1071461100
1073741824
1072693247
2684354560
29
