Uvec
2226355706
1071558999
3221225472
1072334867
2147483648
1070911542
0
1068621337
0
1068309366
0
1072664569
1073741824
1072574838
0
1071802153
2147483648
1068036946
0
1071443615
2147483648
1071807610
536870912
1069784834
0
1071180011
0
1072655948
3221225472
1071277038
2147483648
1072381459
0
1071847784
3758096384
1072096379
536870912
1072012788
3758096384
1071413710
3221225472
1071666401
536870912
1071840184
1073741824
1070266656
2147483648
1071326624
1073741824
1071183856
1073741824
1071876394
3221225472
1070895321
1073741824
1071434733
0
1072204949
2684354560
1071497474
3221225472
1068762835
0
1070340793
2147483648
1071882793
1610612736
1072015267
536870912
1071581190
2147483648
1068223640
0
1071111128
1073741824
1072453460
2147483648
1072686955
3221225472
1071032593
2147483648
1069121760
0
1072570899
1073741824
1069123743
0
1069241966
0
1071902757
1073741824
1071649722
2684354560
1071567934
0
1071876375
3758096384
1066702404
0
1066453440
0
1071023281
2147483648
1070998971
1073741824
1072640632
1610612736
1069757129
2147483648
1071146456
1073741824
1071909533
0
1069676807
2147483648
1072407289
1073741824
1072141331
3221225472
1071773739
1610612736
1068117514
0
1070953545
0
1068438388
0
1070673740
2147483648
1072684747
2147483648
1072221230
2147483648
1071677824
536870912
1072211333
2684354560
1068830963
0
1069918153
0
1067191488
0
1071608399
2147483648
1072355716
3758096384
1071301051
1073741824
1071862768
536870912
1072083713
2147483648
1068842626
0
1070765584
1073741824
1067164452
0
1068757449
0
1072565766
3758096384
1069692144
2147483648
1070865870
3221225472
1070408847
2147483648
1070633152
2147483648
1070687395
1073741824
1071884542
1610612736
1070973126
0
1072669427
1073741824
1069992233
2147483648
1071210395
3221225472
1072103600
3758096384
1071651148
536870912
1072303981
3758096384
1071987792
3221225472
1070221059
2147483648
1072509556
3758096384
1071488440
1073741824
1071461100
1073741824
1072693247
2684354560
49
