Uvec
2226355706
1071763858
3758096384
1071813969
1610612736
1071638853
1073741824
1072074789
1610612736
1071147723
1073741824
1071943930
3221225472
1069436831
0
1072572091
0
1072673689
1073741824
1068123912
0
1072005078
0
1071703936
0
1067464618
0
1071558388
3221225472
1072647333
2147483648
1071639927
2147483648
1071704104
3758096384
1071312229
1073741824
1072004614
3758096384
1072348121
0
1071482588
1073741824
1072363917
3221225472
1072675806
1073741824
1071457389
2147483648
1072264764
3221225472
1070078359
0
1070590251
2147483648
1071820577
2684354560
1071770232
2147483648
1071812159
0
1070989059
2147483648
1071792098
3758096384
1071754359
2147483648
1072125909
1073741824
1062637568
0
1069324412
0
1071963361
1610612736
1070886602
3221225472
1071845009
1610612736
1067873562
0
1068963840
0
1071834016
3758096384
1072222891
2147483648
1069726734
0
1071137314
0
1072413670
2147483648
1072191096
536870912
1072216061
0
1072314597
1073741824
1071335925
3221225472
1070449262
0
1070841147
3221225472
1071866585
0
1070263055
0
1072478943
2684354560
1070451622
0
1065521416
0
1071674464
2147483648
1071751218
0
1071671264
3221225472
1068806649
0
1072653931
3221225472
1070450671
0
1070832551
2147483648
1071989328
1610612736
1069934085
2147483648
1069878310
0
1070092684
2147483648
1070771317
1073741824
1071838048
1073741824
1072064024
3221225472
1072363020
1073741824
1071783530
0
1071956914
1610612736
1069969984
0
1072288501
3221225472
1071857632
3221225472
1072002322
536870912
1070096863
2147483648
1072011335
0
1072129288
536870912
1072135265
3758096384
1072343169
2684354560
1072480802
3221225472
1070178851
0
1072290181
0
1072518969
536870912
1072187527
3758096384
1070794528
2147483648
1069350772
0
1071542592
1073741824
1071574620
3221225472
1072418551
536870912
1071903535
0
1071457783
3221225472
1071545669
3221225472
1070292069
0
1069739090
0
1071461100
1073741824
1072693247
2684354560
34
