Uvec
2226355706
1072409571
536870912
1071242157
1073741824
1072633006
1610612736
1070109382
0
1071075182
0
1069897897
2147483648
1072536875
3758096384
1071270462
2147483648
1072143497
2147483648
1071319072
3221225472
1069696394
0
1070009739
0
1072163913
3758096384
1070871570
3221225472
1063842208
0
1071327358
2147483648
1072423793
1610612736
1070345401
2147483648
1066917380
0
1070313408
2147483648
1070734216
2147483648
1068562319
0
1072431202
0
1071402712
1073741824
1070028737
2147483648
1071807245
1073741824
1071718343
2147483648
1071786922
2684354560
1069250370
0
1072138466
3221225472
1072536793
3221225472
1072658648
3758096384
1071086060
1073741824
1071491184
0
1072343226
2147483648
1071630234
3221225472
1072362297
2684354560
1070615065
0
1072121500
0
1070869986
1073741824
1067383676
0
1072363072
1610612736
1072248431
536870912
1070951428
0
1071328663
0
1068771358
0
1072553564
2147483648
1071750463
3221225472
1071631645
0
1072474776
3758096384
1068765195
0
1071480285
1073741824
1068854325
0
1072656307
1610612736
1071815033
3221225472
1072620299
2684354560
1070861667
1073741824
1071109793
3221225472
1071822384
536870912
1072618956
1073741824
1072438265
536870912
1071239704
2147483648
1071588873
0
1072290802
1610612736
1072150007
2147483648
1070109546
2147483648
1070771365
2147483648
1070338683
0
1072582059
3221225472
1071883886
3221225472
1071078601
0
1071773231
536870912
1071768899
1073741824
1070950996
0
1072642102
3758096384
1072307247
3221225472
1072660906
1610612736
1069770179
0
1069065377
0
1072277121
0
1071841334
2147483648
1071813277
2147483648
1066943088
0
1071437908
1073741824
1071977633
2147483648
1071479150
1073741824
1069876394
0
1072293759
1073741824
1071664235
2684354560
1072313364
3758096384
1069853897
0
1070766177
1073741824
1069700063
0
1072126215
1073741824
1072424883
3758096384
1070463540
0
1070722061
2147483648
1071600262
2147483648
1071461100
1073741824
1072693247
2684354560
46
