Uvec
2226355706
1071882681
536870912
1071732434
1073741824
1072503703
1610612736
1070968831
3221225472
1072346515
536870912
1070141995
0
1071726316
0
1071734786
1610612736
1072509122
2147483648
1071503094
2147483648
1071947143
536870912
1070817781
0
1071860241
536870912
1071933308
2147483648
1067753590
0
1071751654
3758096384
1070850909
2147483648
1071633762
0
1072061466
536870912
1071709106
2147483648
1071874959
3758096384
1071365036
3221225472
1072226102
2684354560
1072505972
1610612736
1071515601
3221225472
1071267120
2147483648
1070901441
3221225472
1072505011
536870912
1071062219
3221225472
1071741066
0
1072256571
536870912
1072026092
2684354560
1071644165
1073741824
1071817128
3758096384
1071980025
536870912
1072650907
3758096384
1069263309
0
1072544799
1073741824
1067176856
0
1071209401
2147483648
1072430496
536870912
1071654951
0
1071063740
1073741824
1071131696
3221225472
1071995742
536870912
1071110856
1073741824
1072472178
536870912
1069785922
0
1071469157
3221225472
1071894467
0
1071794432
3758096384
1070188956
2147483648
1071005899
0
1072227301
1610612736
1071541050
1073741824
1071007338
1073741824
1072187653
1610612736
1071217187
3221225472
1070635564
2147483648
1068037594
0
1071941617
3221225472
1070601880
2147483648
1072345985
2684354560
1071818489
536870912
1072181740
0
1072268134
536870912
1071884182
1073741824
1071276280
2147483648
1072410642
3758096384
1072056669
1610612736
1072134699
536870912
1072134843
3758096384
1072688132
2147483648
1071615418
3221225472
1070780928
0
1071961628
2684354560
1072096607
3758096384
1069971100
0
1069901939
0
1072318771
3221225472
1072323509
3221225472
1071655062
3758096384
1072031385
536870912
1068485468
0
1072523858
3758096384
1071504397
1073741824
1070738237
1073741824
1071712130
536870912
1072448436
3758096384
1068808375
0
1071859990
0
1069224852
0
1068007448
0
1070116207
0
1071808654
3758096384
1072105009
536870912
1072242083
0
1070982338
1073741824
1071461100
1073741824
1072693247
2684354560
14
