Uvec
2226355706
1072261459
2147483648
1071682215
536870912
1070677275
1073741824
1066737936
0
1072559734
536870912
1071638316
2147483648
1071374315
0
1068281332
0
1070630794
3221225472
1068522977
0
1071855961
1073741824
1070867592
3221225472
1070864964
0
1068941179
0
1068681835
0
1070849329
3221225472
1071829142
0
1072400528
3758096384
1072397412
1610612736
1071550373
1073741824
1069128693
0
1070848680
2147483648
1071699344
0
1070445955
2147483648
1069904949
2147483648
1072032157
1610612736
1070445612
0
1072001908
2147483648
1071812489
0
1072305958
2147483648
1069957554
0
1071922764
1610612736
1071976766
0
1072165112
2684354560
1068854462
0
1070412480
2147483648
1072051618
1610612736
1072401644
2147483648
1067649974
0
1071995443
0
1071249007
1073741824
1068977991
0
1072491305
2684354560
1071706625
3221225472
1072662751
2684354560
1071315180
2147483648
1071583600
2147483648
1071446309
1073741824
1070657653
1073741824
1072002846
2684354560
1069690255
0
1068769436
0
1071972950
0
1071458731
3221225472
1071824534
0
1072454895
2684354560
1071850334
1610612736
1072544398
3758096384
1070181409
0
1069974706
0
1071738129
1610612736
1071652336
2147483648
1071649694
1610612736
1068183546
0
1071444155
0
1071828181
2147483648
1070827996
3221225472
1070612367
0
1070074144
2147483648
1072225493
1073741824
1072303342
3221225472
1070891586
0
1071572299
2147483648
1071805274
3221225472
1071212869
2147483648
1071610700
1073741824
1071224822
0
1072015519
3758096384
1072434314
3221225472
1071906819
1610612736
1072555827
2147483648
1071445144
0
1072271589
2147483648
1072329268
3221225472
1071275162
2147483648
1071858010
3221225472
1072639630
3221225472
1072572112
2684354560
1072601252
3221225472
1072378215
0
1071326618
1073741824
1067104816
0
1071868807
3758096384
1071792390
3758096384
1070813906
2147483648
1071216850
1073741824
1069528934
0
1072462855
1610612736
1071461100
1073741824
1072693247
2684354560
69
