Uvec
2226355706
1071750432
0
1069965129
2147483648
1069901619
2147483648
1072064238
3221225472
1071721216
0
1072430307
536870912
1072474818
0
1071320325
1073741824
1072169323
536870912
1070663110
3221225472
1071794670
0
1070982946
0
1071560867
2147483648
1069647042
0
1069622821
2147483648
1072430262
2684354560
1072301868
3221225472
1072078851
2684354560
1068962671
0
1070472892
2147483648
1070405883
2147483648
1071168245
0
1070117932
0
1071750420
2684354560
1072301321
0
1072115862
0
1070014068
0
1069814083
0
1067667780
0
1071986609
0
1071983330
2147483648
1067487284
0
1070402515
2147483648
1069956707
2147483648
1071866842
1073741824
1072450307
0
1070470645
2147483648
1070777543
1073741824
1069079097
0
1070792777
1073741824
1072000680
3221225472
1072025144
1073741824
1071798508
3221225472
1072342114
2147483648
1069192172
0
1069933129
2147483648
1071882719
3221225472
1071623574
1073741824
1071492624
1073741824
1071648026
2684354560
1072465975
3758096384
1072094766
3758096384
1070833064
2147483648
1068782959
0
1071666105
2147483648
1070075490
2147483648
1071716011
3758096384
1072485144
1610612736
1072537724
3758096384
1072427664
1610612736
1071420554
0
1072672847
3221225472
1072199712
3221225472
1069624905
0
1071979365
3221225472
1068925595
0
1070393856
2147483648
1069514327
0
1070782754
1073741824
1072513343
3758096384
1071334449
2147483648
1072117088
1610612736
1072345858
1073741824
1071883991
2684354560
1070772892
3221225472
1071226866
0
1072119227
2147483648
1072325890
2147483648
1072202934
2147483648
1072468967
0
1072382327
536870912
1069357014
0
1068561572
0
1072021847
3221225472
1072459738
3758096384
1071008147
3221225472
1072282821
1610612736
1070138486
0
1071919938
1610612736
1072494574
536870912
1070653062
2147483648
1072359450
0
1070284637
2147483648
1071738708
3221225472
1072487199
2684354560
1069027249
0
1071963033
3221225472
1072625020
1610612736
1071461100
1073741824
1072693247
2684354560
50
