Uvec
2226355706
1072129192
2147483648
1069902489
2147483648
1072016278
3221225472
1071426031
3221225472
1071391628
0
1071748570
2147483648
1071770927
536870912
1072661557
2684354560
1071163841
2147483648
1071211159
3221225472
1070310670
0
1070712886
0
1071875162
1610612736
1070267418
0
1071803975
1610612736
1070614269
3221225472
1070160924
0
1072061326
2147483648
1072557817
0
1070759705
1073741824
1069754950
2147483648
1071810201
1073741824
1068779545
0
1071189506
2147483648
1072596556
1610612736
1071432169
0
1067816384
0
1072210711
1610612736
1070795729
0
1068810551
0
1069482843
0
1069919484
2147483648
1070632986
1073741824
1071931464
1610612736
1072395116
2684354560
1072691408
0
1071887965
2684354560
1066606560
0
1071895086
2684354560
1069811555
2147483648
1071345331
3221225472
1070018592
0
1069753869
2147483648
1071749324
2147483648
1067936250
0
1071734193
0
1072195322
536870912
1072279011
1610612736
1072398140
2147483648
1067461648
0
1072316343
2684354560
1072282469
0
1068998947
0
1066515864
0
1072453992
536870912
1071156595
0
1071900898
3221225472
1071384854
1073741824
1071663799
3758096384
1072661618
3758096384
1071732754
536870912
1072468351
2147483648
1072531019
2684354560
1072534860
536870912
1071629937
0
1071550283
1073741824
1071805585
536870912
1071529489
2147483648
1072601402
536870912
1071098442
3221225472
1071717858
536870912
1070964463
3221225472
1072272935
1610612736
1071776394
3758096384
1069098016
0
1069106914
0
1066750280
0
1070619301
0
1072519498
2684354560
1070661546
3221225472
1071596807
3221225472
1070120703
0
1072163566
0
1071830962
3758096384
1068729572
0
1071778972
2684354560
1072555904
536870912
1072373424
2684354560
1071642532
1073741824
1072370877
2147483648
1072659883
1610612736
1072557843
3758096384
1072450312
0
1071797316
1610612736
1071499359
0
1068854774
0
1072278174
1073741824
1070215216
2147483648
1071461100
1073741824
1072693247
2684354560
84
