Uvec
2226355706
1072492257
2684354560
1071729073
1073741824
1071142742
2147483648
1072592031
2684354560
1072464865
2147483648
1071941307
3758096384
1069276977
0
1072389788
2147483648
1067846990
0
1071849897
536870912
1070282960
2147483648
1072148637
2684354560
1072583983
0
1071835558
1610612736
1071798935
2684354560
1067297276
0
1068616221
0
1068412818
0
1069570731
2147483648
1071919980
2147483648
1071751938
1073741824
1071871237
536870912
1072180549
2684354560
1070657911
1073741824
1072180770
3221225472
1071752678
0
1072230434
2147483648
1071991926
2147483648
1071061645
3221225472
1072660418
2684354560
1072400453
1610612736
1070603713
0
1071768140
3758096384
1071699865
3758096384
1069560577
0
1072147685
1073741824
1069949152
0
1071449274
2147483648
1072278509
3758096384
1064400480
0
1070176926
2147483648
1072481591
3221225472
1071442344
3221225472
1072299487
2147483648
1071269124
3221225472
1072191388
3758096384
1064411296
0
1071673011
3758096384
1071445293
1073741824
1070712765
2147483648
1071937613
1610612736
1067596662
0
1072123181
1073741824
1072195963
2684354560
1070784717
2147483648
1071693482
536870912
1071005032
3221225472
1070955839
1073741824
1070805827
3221225472
1072576725
1610612736
1072135039
2147483648
1072368015
3758096384
1071849335
536870912
1067687280
0
1072138776
3221225472
1072226196
3758096384
1072306639
3758096384
1072568190
2147483648
1070928592
3221225472
1072348615
536870912
1071478036
0
1072060649
3758096384
1072559742
3758096384
1071973752
2147483648
1072606840
3221225472
1070809488
0
1071256085
3221225472
1071345825
1073741824
1072593651
3758096384
1072309309
1610612736
1072261046
3221225472
1072248242
0
1072181458
536870912
1072461445
0
1072378654
2684354560
1069282107
0
1070384511
0
1071834132
536870912
1070478635
0
1065653592
0
1072467545
536870912
1072232102
1073741824
1072090340
2147483648
1072108355
0
1072192980
1073741824
1072596306
1073741824
1070121894
0
1071516981
0
1071461100
1073741824
1072693247
2684354560
64
