Uvec
2226355706
1071761844
0
1070386260
2147483648
1070008071
0
1072256674
536870912
1072068033
0
1069856783
2147483648
1071587543
2147483648
1071656470
536870912
1071945077
2147483648
1071892774
1073741824
1070900439
1073741824
1071645155
536870912
1071882324
536870912
1071770187
3758096384
1067869572
0
1071083653
0
1071798090
2147483648
1072501424
0
1072480099
536870912
1068883818
0
1071937874
1073741824
1072223605
1073741824
1072543877
2684354560
1071663005
3221225472
1072678957
1073741824
1071725952
1610612736
1071165682
2147483648
1072098607
536870912
1071436225
1073741824
1072086310
2684354560
1072353330
536870912
1071719370
1073741824
1072418302
1073741824
1068041634
0
1070856769
0
1070300362
0
1072125863
1073741824
1072042560
2147483648
1071266069
3221225472
1070943117
1073741824
1070480230
2147483648
1072207108
2147483648
1072389885
3758096384
1072615950
2684354560
1069700167
2147483648
1069985608
0
1072054937
1610612736
1070071782
0
1071667662
2147483648
1069607471
2147483648
1071955401
2147483648
1070052338
2147483648
1070480383
0
1069778186
0
1071929752
2147483648
1069233918
0
1067106848
0
1067660128
0
1072361455
1073741824
1068554524
0
1072436645
3758096384
1071538985
2147483648
1072638188
3758096384
1067830208
0
1072529955
0
1072296987
1073741824
1070270324
0
1071311088
0
1071997556
2147483648
1070957148
2147483648
1072414942
1610612736
1070961746
1073741824
1071587574
0
1072517347
3221225472
1067492186
0
1070213191
2147483648
1071926785
1610612736
1067314868
0
1072539018
3221225472
1070548806
2147483648
1068987921
0
1072580351
2684354560
1067756826
0
1071992747
3221225472
1071793394
3758096384
1071676576
1073741824
1071920153
0
1070409958
0
1072126441
0
1072056935
1610612736
1072429244
2684354560
1072577963
1610612736
1072674048
2147483648
1072107723
1073741824
1069375174
0
1071954793
2684354560
1072033081
3221225472
1071706935
2147483648
1071461100
1073741824
1072693247
2684354560
17
