Uvec
2226355706
1070892107
0
1071212364
2147483648
1071645321
3221225472
1068549351
0
1071188923
0
1071235559
1073741824
1072022539
1073741824
1070585027
2147483648
1072060717
3758096384
1072429587
2684354560
1072392138
1610612736
1071425111
0
1068653276
0
1072494728
1610612736
1072090073
1610612736
1072513925
2684354560
1069605147
2147483648
1071567495
2147483648
1070846021
2147483648
1071469187
0
1072555613
0
1071440157
1073741824
1071120328
0
1069380850
0
1070419389
2147483648
1071388753
3221225472
1070202315
0
1071339694
3221225472
1072570265
2147483648
1071764732
536870912
1072625734
0
1072439108
2684354560
1072075924
536870912
1067451716
0
1070257519
2147483648
1066743856
0
1072239167
0
1072419508
3758096384
1068819317
0
1072630968
536870912
1066032472
0
1071668608
536870912
1070337848
0
1072111139
536870912
1071188469
3221225472
1068365328
0
1066877172
0
1071356259
2147483648
1071915794
536870912
1071614881
3221225472
1071216945
3221225472
1070830690
2147483648
1072222938
1073741824
1072498209
3758096384
1070759061
2147483648
1071490656
0
1072633059
0
1071993901
1610612736
1072400541
1610612736
1072018329
3758096384
1070821943
2147483648
1072675524
2147483648
1070948554
0
1072379107
3221225472
1072262160
1610612736
1071271992
0
1069985761
0
1070169562
0
1072407520
2684354560
1071688789
1610612736
1072042589
1073741824
1072359014
1610612736
1072621564
1073741824
1070441024
2147483648
1070460685
0
1072161905
1073741824
1070833268
3221225472
1072207338
536870912
1070450924
0
1071974481
2684354560
1070029553
2147483648
1072514697
2684354560
1072231938
3758096384
1068601907
0
1071977157
2147483648
1072048654
2147483648
1072388921
2147483648
1070027669
2147483648
1071717660
3221225472
1069325612
0
1072600540
3221225472
1070452588
2147483648
1069600382
2147483648
1071382664
1073741824
1070856288
1073741824
1070134394
0
1072016222
536870912
1072403813
2684354560
1071461100
1073741824
1072693247
2684354560
19
