Uvec
2226355706
1071724862
2684354560
1071851680
3758096384
1066947392
0
1072132855
0
1072376221
0
1072502409
1073741824
1071652123
536870912
1071732924
0
1071435510
1073741824
1070732102
3221225472
1072440501
3758096384
1070666653
3221225472
1070789156
3221225472
1069516424
0
1072303718
2684354560
1071017100
2147483648
1071935475
3758096384
1070027651
2147483648
1071327421
1073741824
1068720506
0
1072078903
3221225472
1071269752
0
1069075463
0
1072357375
2147483648
1072275755
1073741824
1072199685
2684354560
1069489763
0
1070910191
2147483648
1072359391
1610612736
1072006355
1610612736
1072691345
1073741824
1071346232
2147483648
1071118969
1073741824
1072498692
1073741824
1072335035
2684354560
1072322412
3221225472
1071114188
1073741824
1072078380
3221225472
1072625017
3221225472
1072447349
2147483648
1071683377
1073741824
1070476695
0
1070559786
0
1070746875
0
1070409073
2147483648
1072486189
536870912
1070546814
0
1071500916
1073741824
1071101911
1073741824
1072575129
3758096384
1072113725
2684354560
1070708016
3221225472
1072400307
3758096384
1072384430
1073741824
1068262620
0
1072394303
2147483648
1069271625
0
1070771120
0
1071082593
0
1072474489
3221225472
1071381865
1073741824
1072466603
2684354560
1069998094
2147483648
1069853383
0
1072355552
0
1070741808
2147483648
1072564025
1073741824
1072642267
2684354560
1072450669
2684354560
1072132880
2147483648
1069652496
2147483648
1071900271
3221225472
1072336290
1073741824
1071734894
2147483648
1072158502
2147483648
1071047866
0
1070172615
2147483648
1072191837
2147483648
1072516983
536870912
1068161654
0
1069505694
0
1072447055
3221225472
1066317736
0
1070944507
1073741824
1071778287
3221225472
1070856662
2147483648
1071932930
3221225472
1072590420
3758096384
1071910248
3758096384
1070844027
3221225472
1072567270
3758096384
1072621749
1610612736
1070873773
0
1071882882
3758096384
1072351615
0
1072449879
3758096384
1071807272
3758096384
1072125807
3221225472
1071461100
1073741824
1072693247
2684354560
92
