Uvec
2226355706
1072122392
3758096384
1072393395
1073741824
1069834173
0
1070191323
0
1071661941
2684354560
1072566200
3758096384
1068515171
0
1065154320
0
1068019778
0
1067916340
0
1071794012
3758096384
1069961444
0
1068286314
0
1070704154
1073741824
1070835742
3221225472
1072367744
3758096384
1072140815
1073741824
1071899612
3221225472
1069785039
0
1071496926
2147483648
1072148721
2684354560
1070321326
0
1072638308
536870912
1069517454
0
1071487908
3221225472
1071887023
2684354560
1069803366
0
1070881859
3221225472
1066834620
0
1072155315
3758096384
1069559767
0
1072345576
3758096384
1070726574
0
1070576838
0
1068344662
0
1072070244
3221225472
1071946004
536870912
1071598260
0
1071953531
2684354560
1072251263
2147483648
1072280171
3221225472
1071148090
3221225472
1071985333
0
1072426828
3758096384
1071841269
2147483648
1067302744
0
1071532722
2147483648
1070358476
2147483648
1072093229
1610612736
1071516765
1073741824
1068745293
0
1072115885
2684354560
1067016104
0
1063813216
0
1072265868
0
1071727051
1610612736
1072445914
536870912
1072185042
1073741824
1071599106
2147483648
1071689985
1610612736
1068769430
0
1072314075
1610612736
1071076816
3221225472
1070614658
1073741824
1072665275
0
1069557780
0
1071515874
0
1069763511
0
1070901857
0
1071878829
3758096384
1072368952
1073741824
1071792643
2684354560
1071234072
3221225472
1072412987
1073741824
1071875038
2147483648
1070499231
0
1072344848
2147483648
1068234060
0
1072197014
3221225472
1072254330
1610612736
1069750097
0
1070870747
0
1072209329
0
1070787777
0
1072521257
1610612736
1072098351
3221225472
1071772678
1073741824
1071168720
2147483648
1066719888
0
1071231107
3221225472
1070598065
0
1071258353
3221225472
1070448043
0
1071982801
3758096384
1072122061
2147483648
1070560576
0
1071612489
0
1072639063
1610612736
1071461100
1073741824
1072693247
2684354560
22
