Uvec
2226355706
1070795607
0
1070311887
0
1071807472
2147483648
1068793509
0
1069112381
0
1072355851
3221225472
1072287195
1073741824
1072438018
2684354560
1069718404
0
1071794454
1073741824
1072310678
2147483648
1069841571
2147483648
1067678626
0
1071318949
1073741824
1070171395
2147483648
1071728102
3758096384
1069737605
2147483648
1072493045
2147483648
1071307255
1073741824
1072068160
0
1069752317
0
1071740395
2684354560
1071825081
536870912
1071024855
0
1071669186
1610612736
1072630556
1073741824
1072684227
2684354560
1069887873
0
1072481305
3758096384
1071580739
3221225472
1072245533
2684354560
1069633697
2147483648
1072057395
2147483648
1071535569
3221225472
1071352680
2147483648
1070145914
2147483648
1072330143
1610612736
1065171456
0
1068783746
0
1071096915
3221225472
1071762905
1610612736
1071557190
1073741824
1072131750
1073741824
1072562464
3758096384
1072087234
1610612736
1071443342
2147483648
1071730025
536870912
1069756562
0
1072128990
2147483648
1072552633
3758096384
1072624861
1610612736
1072634649
1610612736
1071689856
1610612736
1070515285
2147483648
1072470881
2684354560
1072056020
2684354560
1069553504
2147483648
1071576467
0
1070992747
3221225472
1072625190
1610612736
1072484311
536870912
1072354797
3221225472
1071298936
3221225472
1070673903
0
1070740281
2147483648
1065096992
0
1072082716
536870912
1067829984
0
1070229441
2147483648
1071077306
1073741824
1071794340
536870912
1072217929
1610612736
1070983912
1073741824
1068971970
0
1069567393
0
1069745268
2147483648
1070939000
0
1069548319
0
1072254042
2684354560
1067798442
0
1072418002
1610612736
1070920495
0
1068893059
0
1071361220
3221225472
1071504363
1073741824
1068006282
0
1071496510
2147483648
1072145790
0
1065822584
0
1072169486
536870912
1072343452
3758096384
1070940475
0
1072514335
1073741824
1072686270
2684354560
1068806581
0
1070170339
0
1071954172
536870912
1068244498
0
1071461100
1073741824
1072693247
2684354560
19
