Uvec
2226355706
1072606162
1073741824
1068799067
0
1071748181
1610612736
1071350036
3221225472
1072027090
2684354560
1066782856
0
1068581133
0
1070710519
3221225472
1070918850
1073741824
1069432418
0
1072107905
1610612736
1072643589
3221225472
1071302341
0
1072626759
3758096384
1069138361
0
1069630003
0
1072239137
2684354560
1072025148
536870912
1072166129
1073741824
1071970764
0
1072266615
1610612736
1055178752
0
1069730819
0
1072201821
3221225472
1072142020
2684354560
1070087540
0
1072639314
536870912
1072217800
536870912
1071517127
1073741824
1071807924
2684354560
1072414378
2147483648
1071685928
2684354560
1071768132
0
1072412868
1610612736
1072424060
1610612736
1070941188
3221225472
1072096725
3221225472
1069971237
2147483648
1071162811
0
1069453023
0
1070586124
2147483648
1070324150
0
1071087686
2147483648
1069965074
0
1071138085
1073741824
1071280755
0
1072158457
2684354560
1072279694
536870912
1062168448
0
1072276937
1610612736
1072662316
1073741824
1066883692
0
1071308561
0
1069913644
2147483648
1071660772
2147483648
1068264038
0
1072102601
1073741824
1072417774
2147483648
1069803883
2147483648
1072673755
0
1072365610
1610612736
1068770981
0
1070794008
2147483648
1072059246
1073741824
1067993168
0
1070834372
3221225472
1071722001
0
1065906336
0
1071720580
536870912
1071972800
536870912
1072479521
1073741824
1071713644
536870912
1072214071
3758096384
1072427662
0
1065593320
0
1070274167
0
1068867960
0
1071384695
3221225472
1072191489
2147483648
1071835271
1073741824
1071134170
2147483648
1071975045
0
1070702477
0
1071637472
1073741824
1070397566
2147483648
1071659218
536870912
1065680112
0
1070168727
2147483648
1072653738
536870912
1070593244
2147483648
1071679841
0
1071924540
536870912
1071973023
2684354560
1071426848
3221225472
1072176526
3758096384
1072669645
3758096384
1071979461
1610612736
1069455670
0
1071461100
1073741824
1072693247
2684354560
30
