Uvec
2226355706
1072094420
2684354560
1070807248
3221225472
1066964288
0
1072562236
1073741824
1067996034
0
1071912105
3758096384
1070099940
2147483648
1070304615
2147483648
1072296605
1073741824
1070581935
2147483648
1072170022
536870912
1070327750
0
1071737370
2147483648
1069651006
0
1070700048
3221225472
1071235734
3221225472
1072606363
536870912
1070731558
1073741824
1070432858
2147483648
1068394484
0
1068810354
0
1071805762
2684354560
1070234588
2147483648
1070302698
2147483648
1072338438
536870912
1071293100
3221225472
1069889033
2147483648
1071822062
3758096384
1071473602
0
1071028302
0
1072536353
536870912
1070790044
3221225472
1071809388
1073741824
1072301232
3758096384
1071828798
2684354560
1069934253
0
1072292390
0
1072476328
2684354560
1071917503
2684354560
1066513004
0
1069949590
0
1072344610
536870912
1070831438
1073741824
1071521876
0
1072394285
1610612736
1070758831
3221225472
1071726448
1073741824
1072460842
2684354560
1071434156
2147483648
1067405716
0
1071991702
2684354560
1071691770
0
1071196929
1073741824
1072155601
2684354560
1071800257
536870912
1072372474
3221225472
1072368874
0
1070673598
3221225472
1070628805
1073741824
1070008444
2147483648
1071323729
1073741824
1071232674
2147483648
1071715834
2147483648
1071410227
2147483648
1071949216
2147483648
1072267672
0
1071569405
2147483648
1070794797
0
1072680585
0
1072300148
1610612736
1070963662
3221225472
1072065880
3221225472
1072384700
2147483648
1072662254
2147483648
1072593914
2684354560
1072541032
1073741824
1071490142
3221225472
1070787922
2147483648
1072660293
3758096384
1070507095
2147483648
1072639560
3758096384
1067631280
0
1068676746
0
1069525416
0
1069560598
2147483648
1072545005
3221225472
1072498231
1610612736
1072483254
1073741824
1069309819
0
1070542594
2147483648
1071600734
1073741824
1071688313
0
1069576811
0
1070829778
3221225472
1071481022
3221225472
1071825832
2147483648
1069796535
2147483648
1069420813
0
1071461100
1073741824
1072693247
2684354560
8
