Uvec
2226355706
1072038151
3758096384
1071634443
1073741824
1072401970
1073741824
1072484528
1073741824
1071782706
2147483648
1071961789
3758096384
1071557664
2147483648
1072043383
2147483648
1071760010
0
1071744451
3758096384
1072692321
1610612736
1071965135
2684354560
1066788848
0
1068735152
0
1067634386
0
1071161590
2147483648
1072165598
0
1072568242
2147483648
1072641435
536870912
1071564992
2147483648
1071739094
3221225472
1071887688
0
1072488856
536870912
1067737572
0
1071131218
3221225472
1069401648
0
1072632598
0
1072524754
1610612736
1071002979
2147483648
1071233167
3221225472
1071970614
536870912
1071195263
3221225472
1072562786
3758096384
1072439746
1073741824
1069012155
0
1072346698
1073741824
1070974030
1073741824
1071957938
3758096384
1071754304
536870912
1070209393
2147483648
1069627821
0
1072332799
1073741824
1070537042
2147483648
1071735397
0
1069564057
0
1071719297
2147483648
1071196806
2147483648
1071937980
3221225472
1071796290
1610612736
1072088357
0
1070805580
1073741824
1071265848
3221225472
1072321070
2684354560
1072029569
2147483648
1072147109
2147483648
1072181812
536870912
1070807541
0
1066772916
0
1072467637
2147483648
1072575958
1610612736
1065179504
0
1070516286
2147483648
1072238869
1610612736
1072160452
0
1070490546
0
1071831546
1073741824
1071077264
0
1072691138
3758096384
1069615353
0
1070732137
0
1072423903
0
1072493450
536870912
1072370401
2147483648
1068925080
0
1071826527
3221225472
1067309716
0
1070062774
2147483648
1071409471
1073741824
1070799734
2147483648
1069947217
0
1072638641
3221225472
1072020739
1610612736
1063968416
0
1072370399
1610612736
1072153317
536870912
1069676007
2147483648
1071335319
2147483648
1071708036
3758096384
1072189535
2147483648
1068473628
0
1068480822
0
1070139503
2147483648
1071262746
1073741824
1071016118
3221225472
1072513613
2684354560
1071700000
536870912
1071973822
2684354560
1071005184
1073741824
1071461100
1073741824
1072693247
2684354560
28
