Uvec
2226355706
1072083473
1610612736
1072483071
1610612736
1072245146
1073741824
1068590528
0
1071743147
0
1070786251
1073741824
1071745900
536870912
1072384608
1073741824
1072261005
2684354560
1071990526
2684354560
1069156537
0
1072643072
3758096384
1071803339
1610612736
1072329088
536870912
1071932053
1073741824
1072303534
1073741824
1072367273
1610612736
1071094632
0
1071859880
1073741824
1072238131
0
1072397545
2147483648
1072055428
0
1069444774
0
1072511396
2147483648
1072160960
3758096384
1072639098
3758096384
1072638623
2147483648
1069680726
2147483648
1071493596
3221225472
1071581847
2147483648
1070265375
2147483648
1072359211
2147483648
1072441312
2147483648
1065335552
0
1072412376
0
1072528790
1610612736
1072551729
1073741824
1069834849
2147483648
1070586049
2147483648
1071868386
3758096384
1072649198
2147483648
1068533065
0
1068763767
0
1068149138
0
1071112049
3221225472
1068529550
0
1072419826
1073741824
1069741482
2147483648
1070743287
0
1069332258
0
1070906863
0
1069779557
2147483648
1071725497
1073741824
1069851880
2147483648
1071073932
1073741824
1072410340
2684354560
1072092128
536870912
1071186939
2147483648
1069715072
0
1072593753
1610612736
1072558512
3758096384
1069607168
2147483648
1071789535
536870912
1071900414
2147483648
1072487645
0
1072504546
2147483648
1072463171
2147483648
1068787550
0
1070728131
2147483648
1072304568
0
1068242110
0
1070893535
2147483648
1072311012
1073741824
1072235342
1073741824
1071438055
0
1066458260
0
1071260115
0
1072179797
3758096384
1071746131
1610612736
1072464941
3221225472
1072254419
1610612736
1069245967
0
1070214907
2147483648
1072609975
3221225472
1068007074
0
1071779403
3221225472
1068755943
0
1066753852
0
1070632553
3221225472
1071120085
3221225472
1071607014
0
1072620690
536870912
1072061182
0
1064939424
0
1071523696
1073741824
1064636704
0
1067944402
0
1072649484
536870912
1071461100
1073741824
1072693247
2684354560
89
