Uvec
2226355706
1071819128
2147483648
1071592487
3221225472
1069581740
2147483648
1071312967
2147483648
1072470929
3221225472
1063649248
0
1069535432
0
1071105675
0
1071082513
2147483648
1072536542
2684354560
1071683597
2147483648
1072447484
0
1071555868
1073741824
1069146302
0
1071642417
3221225472
1071866976
0
1070899097
3221225472
1069848193
2147483648
1072514881
2684354560
1069532338
0
1072608599
3221225472
1070420610
2147483648
1071880893
1610612736
1072090370
2684354560
1071917428
536870912
1071987991
0
1072608142
2684354560
1072631350
2684354560
1071809635
536870912
1072068786
536870912
1070343219
2147483648
1071153021
1073741824
1070800119
3221225472
1067965508
0
1071879633
0
1072005666
3221225472
1072128520
3758096384
1071261942
3221225472
1072227079
3221225472
1069917145
0
1068628827
0
1071151340
0
1069205745
0
1070023376
2147483648
1072324781
2147483648
1072399985
1610612736
1072449385
2684354560
1071129153
1073741824
1070679224
3221225472
1071648757
0
1072672272
1610612736
1072136137
3221225472
1069715250
2147483648
1072006180
1073741824
1072683470
2147483648
1072312967
3758096384
1067968124
0
1071322594
0
1071717891
1073741824
1072197790
3221225472
1070219915
0
1070889968
1073741824
1069954420
0
1072216770
3758096384
1072149312
1610612736
1072249609
0
1072688301
0
1072244097
3221225472
1069117593
0
1071381707
1073741824
1071832408
1610612736
1072272476
0
1072187825
1073741824
1070076503
0
1071790724
2684354560
1071584575
0
1070728679
2147483648
1072683890
0
1071170067
1073741824
1067700990
0
1072569704
3221225472
1071906474
2147483648
1072533959
2684354560
1070066003
2147483648
1068977872
0
1071150888
1073741824
1069105014
0
1072320029
0
1066517044
0
1070952248
1073741824
1070365511
0
1072301115
2684354560
1072205125
3758096384
1067530784
0
1072394482
3221225472
1066508980
0
1071235585
1073741824
1071260946
3221225472
1071461100
1073741824
1072693247
2684354560
18
