Uvec
2226355706
1072016148
2684354560
1071519070
1073741824
1072124262
1610612736
1071843904
0
1071837302
3758096384
1071808404
2147483648
1071658207
2147483648
1065119312
0
1068825536
0
1069978237
0
1069636147
2147483648
1070945181
0
1068979685
0
1068954520
0
1072240704
2147483648
1072217594
3221225472
1071293220
1073741824
1072430243
536870912
1072474436
0
1070419905
2147483648
1070748342
1073741824
1072418320
1610612736
1068669481
0
1072635566
3758096384
1072111798
1073741824
1069623528
0
1071763150
2147483648
1065639752
0
1072683303
536870912
1070840627
2147483648
1071901189
2147483648
1071998819
1610612736
1071861738
3758096384
1071590026
0
1070591797
2147483648
1072371906
0
1072118610
1610612736
1071821743
536870912
1072177677
1073741824
1070854830
1073741824
1072076975
2147483648
1070612779
1073741824
1072365833
1073741824
1070539982
0
1070531561
0
1067801252
0
1071353676
2147483648
1071605316
0
1070235406
0
1071947065
1610612736
1072090300
0
1070447130
0
1072567244
3221225472
1072276462
2684354560
1064727696
0
1070795085
3221225472
1072434294
2684354560
1071466398
1073741824
1071840985
3758096384
1071619221
0
1071179146
2147483648
1071988923
1073741824
1064015904
0
1071572903
1073741824
1071168464
2147483648
1070967281
1073741824
1072436033
3221225472
1072615044
1073741824
1070036052
2147483648
1071180410
3221225472
1072515840
1610612736
1072307406
3221225472
1072560981
3221225472
1072530884
536870912
1071763459
3221225472
1071230500
3221225472
1072626562
1610612736
1066916948
0
1072451149
2147483648
1072486028
1073741824
1069839389
2147483648
1070804549
3221225472
1071465908
3221225472
1063356352
0
1072361790
1073741824
1072084097
3758096384
1072049071
1073741824
1071355417
3221225472
1070640258
2147483648
1070796446
0
1071711654
2684354560
1072492635
2684354560
1071879025
1073741824
1070892975
3221225472
1070487801
2147483648
1071724978
0
1068105108
0
1071812410
0
1071461100
1073741824
1072693247
2684354560
43
