Uvec
2226355706
1071147664
3221225472
1072595569
1073741824
1072243721
3221225472
1071791014
3758096384
1072151760
1073741824
1068443354
0
1068752211
0
1072316261
1610612736
1071769042
536870912
1071710193
3758096384
1070499496
2147483648
1071947575
536870912
1071219546
2147483648
1071949046
536870912
1072537812
1610612736
1070997741
2147483648
1072312422
1610612736
1068950067
0
1072058005
2147483648
1070617559
3221225472
1070199952
0
1071827737
536870912
1071764874
2147483648
1070399532
2147483648
1071969346
2684354560
1072218831
3221225472
1067239320
0
1071183805
0
1072340778
1073741824
1070408499
2147483648
1071893208
1073741824
1072070246
3221225472
1071990446
536870912
1071288306
3221225472
1072311399
2684354560
1072165849
1073741824
1072163108
2147483648
1071057841
0
1069979988
2147483648
1069103556
0
1069926203
2147483648
1071169849
2147483648
1072178761
536870912
1070991087
3221225472
1072339981
1073741824
1071513946
1073741824
1072384465
536870912
1072541575
2684354560
1071984775
1610612736
1067578944
0
1071549367
2147483648
1071457877
3221225472
1071476637
1073741824
1071739087
536870912
1072603979
2684354560
1071729099
2147483648
1068516360
0
1071814827
536870912
1071689604
1610612736
1071164239
0
1071902049
2147483648
1072218184
1073741824
1072129034
1610612736
1070976982
3221225472
1071678284
2147483648
1070149394
2147483648
1069697062
2147483648
1071324886
3221225472
1072133664
3221225472
1071751365
0
1072397628
2147483648
1072682826
1073741824
1070344595
2147483648
1071122503
2147483648
1071726741
1610612736
1069707903
0
1071896297
2684354560
1072682651
3221225472
1071625891
3221225472
1069557865
0
1072637214
2147483648
1069240111
0
1071989209
3758096384
1072290802
3758096384
1068675934
0
1070543655
0
1063013504
0
1072293278
3758096384
1069737726
0
1071792980
3758096384
1070520486
0
1071853019
536870912
1070185001
0
1069569141
2147483648
1071866163
2147483648
1071252155
3221225472
1070035652
2147483648
1071816077
0
1071461100
1073741824
1072693247
2684354560
1
