Uvec
2226355706
1069264038
0
1072363123
1073741824
1071748732
0
1072407860
536870912
1068089650
0
1072653750
1073741824
1072331494
536870912
1068291262
0
1071634914
2147483648
1071275655
3221225472
1072432148
3758096384
1071481208
2147483648
1069769817
2147483648
1072599748
3221225472
1071505654
0
1070819108
0
1071701110
0
1072426829
1610612736
1072587820
2147483648
1072172542
2147483648
1071828418
1073741824
1071699235
1073741824
1070365060
0
1069856499
0
1071881676
3221225472
1071329826
0
1069391249
0
1071915422
0
1071264312
0
1069855679
2147483648
1070423099
0
1071627783
3221225472
1070764496
0
1072530912
2147483648
1071433012
2147483648
1067971970
0
1072567432
2684354560
1071094174
2147483648
1070609235
1073741824
1071231262
0
1072529718
1073741824
1072670638
1073741824
1068031088
0
1072193860
2684354560
1068942640
0
1072164585
0
1071756024
3221225472
1072526986
2147483648
1071758375
2684354560
1071220792
1073741824
1068122988
0
1071908891
2147483648
1064642976
0
1072596150
1610612736
1072635221
1073741824
1070700275
0
1071669770
3758096384
1071855783
1610612736
1072427751
1073741824
1071459136
1073741824
1067446644
0
1065725344
0
1071505005
0
1064288256
0
1072070966
2684354560
1068683968
0
1071155632
3221225472
1071201803
1073741824
1070737664
2147483648
1068613916
0
1072460841
1073741824
1069430430
0
1072552058
3758096384
1066401528
0
1068115042
0
1072644460
536870912
1072588940
1073741824
1070558001
0
1067533550
0
1071880596
1073741824
1069244133
0
1070518892
0
1071524890
2147483648
1071792144
2684354560
1072240267
3758096384
1068486290
0
1069634098
2147483648
1069103820
0
1072183568
2684354560
1071615217
0
1072184282
0
1070633875
2147483648
1069014626
0
1071314613
3221225472
1072175844
0
1072077068
0
1072537381
0
1071697141
0
1071461100
1073741824
1072693247
2684354560
33
