Uvec
2226355706
1072134604
0
1068074378
0
1071705021
3221225472
1065957424
0
1065747688
0
1072090114
2684354560
1072415051
1073741824
1069762571
2147483648
1072130135
1610612736
1072182684
3758096384
1071325258
0
1069290162
0
1071747853
3221225472
1072546105
1610612736
1071874623
1073741824
1071992621
0
1071749289
3221225472
1071955583
1073741824
1071900253
0
1069671628
2147483648
1072577484
1610612736
1072398769
3758096384
1069645893
0
1072437601
536870912
1067709316
0
1072014422
2684354560
1071771887
2684354560
1070183939
0
1072567446
536870912
1070247316
2147483648
1072241837
2684354560
1071802642
1610612736
1072428158
1610612736
1071875627
3221225472
1071829756
1073741824
1072485780
0
1071504351
3221225472
1071913465
2684354560
1071608119
0
1070797399
3221225472
1072262529
1610612736
1067547068
0
1072679350
2684354560
1072346313
2147483648
1071111789
3221225472
1072351904
536870912
1072478018
0
1068905140
0
1067374028
0
1071851097
3758096384
1071057878
0
1070794399
0
1070931585
1073741824
1072637245
536870912
1071767469
3221225472
1072681315
1073741824
1071279378
3221225472
1071952119
1610612736
1072476470
1073741824
1071907258
0
1072356894
0
1072167355
1610612736
1072214550
1073741824
1071289946
1073741824
1071231565
2147483648
1072324123
0
1071149352
2147483648
1072488825
2147483648
1072251660
1610612736
1072401060
536870912
1072201028
1073741824
1070477243
0
1072116159
0
1069752625
0
1071428022
3221225472
1070552511
2147483648
1072133610
2684354560
1072448528
1610612736
1072353681
2147483648
1071829675
1073741824
1069730557
2147483648
1072676557
3221225472
1072425106
1073741824
1067499484
0
1071861684
0
1072363029
0
1071840711
3221225472
1071092013
1073741824
1071775411
536870912
1072224916
536870912
1071696826
2147483648
1071148165
0
1071093536
0
1071373412
2147483648
1068850221
0
1072641191
3758096384
1072367296
1073741824
1063650080
0
1071461100
1073741824
1072693247
2684354560
26
