Uvec
2226355706
1072107205
536870912
1070613293
0
1070404447
2147483648
1072242198
3221225472
1070011445
0
1072164884
1610612736
1068348242
0
1071555299
0
1072270775
3758096384
1070944541
2147483648
1072572786
0
1072163535
536870912
1071996222
3758096384
1071122034
3221225472
1071248118
0
1069790339
0
1071566229
0
1069711960
2147483648
1071658522
1073741824
1071301768
2147483648
1071807990
0
1072648265
2684354560
1070283600
2147483648
1072174043
3221225472
1071690704
2684354560
1072581395
1610612736
1070991030
3221225472
1070870499
3221225472
1068616206
0
1072415221
536870912
1071808156
1610612736
1069720509
0
1068842741
0
1066572272
0
1072455432
1073741824
1071502827
2147483648
1071882993
2684354560
1071981141
3758096384
1071343702
3221225472
1072641666
1610612736
1070891394
1073741824
1072592211
2147483648
1072488628
0
1070222764
2147483648
1071327815
1073741824
1072577863
1610612736
1071180535
2147483648
1072199882
0
1072219351
2684354560
1072452949
1610612736
1071179088
2147483648
1072497402
3221225472
1070050290
2147483648
1071893495
2684354560
1072419069
2684354560
1069605942
0
1071423167
2147483648
1071924907
536870912
1071866219
2147483648
1065453104
0
1070920022
0
1072677962
1610612736
1072260249
0
1072476169
3758096384
1071761388
3221225472
1071451949
1073741824
1072458463
1073741824
1072106557
1073741824
1069848829
2147483648
1072494374
1073741824
1072680096
2684354560
1070872361
1073741824
1072623568
3758096384
1070257374
2147483648
1072210267
3758096384
1071726015
3221225472
1071936080
536870912
1069408883
0
1069725284
2147483648
1072281277
3221225472
1072477145
1073741824
1072220759
1610612736
1070528774
2147483648
1071989659
2684354560
1066780816
0
1072436774
0
1072474916
1073741824
1071918650
2147483648
1071830906
1610612736
1070378055
2147483648
1068464652
0
1072230664
3221225472
1072389546
2684354560
1072334801
1610612736
1071718071
536870912
1072619126
1610612736
1072315503
1073741824
1072675058
0
1071461100
1073741824
1072693247
2684354560
89
