Uvec
2226355706
1070719213
2147483648
1071769135
0
1067948070
0
1072394326
2684354560
1072512494
2147483648
1068751343
0
1072284143
536870912
1071708505
3758096384
1072277501
1073741824
1070883880
2147483648
1071866428
1610612736
1071124956
0
1072390650
0
1070873556
2147483648
1072080643
3758096384
1072632474
3221225472
1070775884
2147483648
1071551826
1073741824
1072521831
1610612736
1072513473
536870912
1068843553
0
1068549246
0
1071783017
0
1072226789
2147483648
1070542399
2147483648
1068600469
0
1071824408
1610612736
1070479856
2147483648
1072667488
2684354560
1071955552
3221225472
1067730386
0
1072632453
1073741824
1071053568
2147483648
1072122094
536870912
1068481570
0
1072202206
0
1070974616
1073741824
1071481863
3221225472
1072527985
3758096384
1072328203
2684354560
1069374485
0
1071901967
1073741824
1070175130
0
1072567045
1073741824
1069526970
0
1072075046
2684354560
1072015425
2684354560
1070653017
3221225472
1071411026
0
1070757870
2147483648
1067540516
0
1072123779
1073741824
1069712359
2147483648
1068748744
0
1072347600
0
1071641010
2147483648
1072137236
0
1068803495
0
1071097849
3221225472
1071322397
0
1072325306
2684354560
1069404562
0
1072214263
0
1070465821
0
1071638911
1073741824
1072193745
0
1072306814
1610612736
1071772407
2684354560
1072007664
2147483648
1070831588
1073741824
1071719399
1073741824
1071363959
2147483648
1072586289
536870912
1071580207
0
1072541128
1610612736
1070416854
0
1072374215
3758096384
1068561734
0
1070751706
2147483648
1070976750
0
1072029029
2147483648
1067732188
0
1071543017
0
1071870983
1610612736
1071682047
0
1071522945
2147483648
1072596303
3221225472
1071349654
2147483648
1072254332
2147483648
1070623111
2147483648
1067442576
0
1071856741
2684354560
1072629137
1073741824
1070956369
1073741824
1072392005
1610612736
1071000655
1073741824
1071895357
1073741824
1071527379
1073741824
1071461100
1073741824
1072693247
2684354560
13
