Uvec
2226355706
1071699543
1073741824
1072493440
0
1070026663
2147483648
1068617357
0
1070965369
0
1071421391
2147483648
1071689610
3758096384
1070954458
0
1071927309
2684354560
1072625170
2147483648
1072140221
2147483648
1072413883
2684354560
1072490314
536870912
1071132266
0
1072437636
3758096384
1068348500
0
1072596381
2147483648
1072271999
2684354560
1071841146
3758096384
1072604711
2684354560
1071447331
0
1071355787
3221225472
1072661300
1073741824
1071954020
2147483648
1069002701
0
1072260760
2147483648
1071479285
3221225472
1071775753
3221225472
1067115236
0
1071703039
536870912
1072540796
536870912
1072338531
2147483648
1072155141
3758096384
1071231223
2147483648
1071741851
1610612736
1070392376
0
1072453292
1610612736
1072458821
1610612736
1072255404
1610612736
1072345460
2684354560
1068600403
0
1072148852
1073741824
1069369741
0
1070255108
2147483648
1071884618
3758096384
1069663276
2147483648
1072204969
536870912
1072067326
2684354560
1072211274
0
1063668992
0
1072623196
2147483648
1071678060
2684354560
1072171431
1073741824
1071751732
536870912
1071723212
0
1072347962
1610612736
1071809894
536870912
1071755148
1610612736
1071200569
2147483648
1069134240
0
1068843087
0
1072133828
0
1070602789
1073741824
1068045340
0
1071982922
2147483648
1069404369
0
1071181357
1073741824
1072504592
1610612736
1072270754
1073741824
1071700585
1073741824
1072626178
3758096384
1070245179
2147483648
1070195851
0
1072416007
0
1071746102
2147483648
1072215931
0
1070623623
1073741824
1071309325
0
1072366376
1610612736
1071940702
1610612736
1071801289
3758096384
1072167550
2684354560
1071806161
536870912
1072114942
3758096384
1071512895
3221225472
1069724230
0
1071854236
3758096384
1071038522
0
1071903133
2147483648
1066600672
0
1071162864
3221225472
1072249078
0
1072609628
1073741824
1071156916
3221225472
1072469867
3758096384
1067702354
0
1072217472
2147483648
1072136813
1073741824
1071461100
1073741824
1072693247
2684354560
40
