Uvec
2226355706
1070864561
2147483648
1071140910
3221225472
1070315503
2147483648
1071633823
2147483648
1066386664
0
1066893916
0
1071289669
3221225472
1071486941
2147483648
1072638127
3221225472
1070168218
2147483648
1072530315
2684354560
1072363014
536870912
1070389510
0
1071080805
0
1072491054
2147483648
1068688817
0
1072295804
1073741824
1072600817
1610612736
1070748555
3221225472
1071745185
2684354560
1069643553
0
1072412766
0
1070805768
3221225472
1068896216
0
1072297342
1610612736
1072020015
2147483648
1070897685
1073741824
1070809430
0
1071681803
1073741824
1069517873
0
1072051645
536870912
1070269947
2147483648
1070066709
0
1071031096
1073741824
1072085014
1073741824
1069116085
0
1072398779
2147483648
1069299846
0
1072162609
0
1071541851
3221225472
1071000870
2147483648
1071759744
3758096384
1071861416
3758096384
1072159160
0
1071845436
3758096384
1070232709
2147483648
1071340864
3221225472
1071560999
0
1069793222
2147483648
1070401445
2147483648
1072015881
2147483648
1071945188
2147483648
1070703269
2147483648
1072441133
2147483648
1071861664
2147483648
1072041623
2147483648
1071676081
0
1071736753
3221225472
1070756023
0
1071531578
2147483648
1069818165
0
1071616903
3221225472
1068343080
0
1070923029
3221225472
1071790617
2684354560
1070504758
0
1072524029
0
1071945518
1073741824
1070949852
2147483648
1070361591
2147483648
1072587035
536870912
1072154582
2684354560
1070189983
2147483648
1072415342
0
1071861400
2684354560
1071706029
2147483648
1067331616
0
1069402916
0
1072486444
2684354560
1068757597
0
1072509428
2684354560
1071202812
3221225472
1072367804
536870912
1072297381
2684354560
1071900631
1610612736
1070491571
2147483648
1072417280
1610612736
1069161586
0
1070603298
1073741824
1072467310
0
1072271475
3758096384
1072494081
3221225472
1072301773
2147483648
1071837217
1073741824
1070920641
0
1071750262
2147483648
1070737901
3221225472
1072124785
0
1071461100
1073741824
1072693247
2684354560
28
