Uvec
2226355706
1072288411
0
1071257697
2147483648
1071860542
3221225472
1070943045
2147483648
1068727563
0
1072469122
1073741824
1072090807
2147483648
1071654945
536870912
1072482924
0
1071299870
2147483648
1072430874
1073741824
1072186881
3758096384
1070796529
2147483648
1072237706
2147483648
1071841321
0
1072337281
1073741824
1068722823
0
1071842539
2147483648
1071591604
0
1072139311
3221225472
1068421736
0
1068782247
0
1070115985
0
1063512736
0
1071318418
2147483648
1072399564
2684354560
1072667399
1073741824
1072271679
1073741824
1070354723
0
1070417115
0
1066697744
0
1070339767
2147483648
1072086904
3758096384
1072073339
0
1070962378
1073741824
1072345156
1610612736
1072169444
2147483648
1072396750
0
1069792296
2147483648
1072273325
2684354560
1070495053
0
1072636533
1610612736
1071188171
0
1071856667
2147483648
1072648088
536870912
1070942560
3221225472
1071694164
3221225472
1072006605
1073741824
1071434908
3221225472
1065784280
0
1071420094
2147483648
1072044357
1073741824
1072331258
2684354560
1070821636
3221225472
1069260700
0
1071784804
2147483648
1072252190
1073741824
1069827528
2147483648
1068912186
0
1069714744
2147483648
1070099664
2147483648
1072600833
3758096384
1072593139
1073741824
1071168388
2147483648
1070174725
2147483648
1072174835
3221225472
1072435730
2684354560
1071164077
0
1070306090
0
1072387632
1073741824
1072184676
3221225472
1071857800
1610612736
1070831275
2147483648
1071919413
3758096384
1072071178
1610612736
1069025473
0
1071676815
3221225472
1072132884
1073741824
1070466508
2147483648
1071788884
2684354560
1071890753
1073741824
1065357864
0
1071545024
0
1070793379
0
1071784719
0
1071066653
3221225472
1072630468
1073741824
1071701649
1610612736
1063830720
0
1069221446
0
1072357786
3221225472
1068051636
0
1072077829
3758096384
1072142222
2147483648
1071689000
3221225472
1069887262
0
1069579842
2147483648
1070077440
2147483648
1071461100
1073741824
1072693247
2684354560
37
