Uvec
2226355706
1070265727
2147483648
1071918064
1610612736
1071515196
1073741824
1069219140
0
1072479227
2147483648
1071657810
1610612736
1070951005
0
1072046994
1073741824
1069337612
0
1072337923
0
1068696917
0
1069764204
0
1072555208
2147483648
1072499285
3221225472
1069123700
0
1071989018
1610612736
1072309336
2684354560
1072691789
2684354560
1071124925
1073741824
1067563358
0
1071703010
3221225472
1062845952
0
1072163535
536870912
1069902989
2147483648
1069768489
2147483648
1071059310
2147483648
1067614304
0
1070894307
3221225472
1070606797
3221225472
1071733520
0
1069871839
0
1071814018
1610612736
1071953850
1073741824
1070923973
1073741824
1068312876
0
1072525570
0
1070988877
3221225472
1071074375
1073741824
1072299912
3221225472
1070713133
2147483648
1071180905
0
1070613449
3221225472
1068184414
0
1072052021
3221225472
1072179961
1073741824
1072581411
1073741824
1071126009
3221225472
1072488071
3758096384
1071194886
3221225472
1071655423
2147483648
1071795176
0
1071630643
0
1072081633
1073741824
1071609416
2147483648
1069581076
0
1072345331
2147483648
1072197187
2684354560
1072416640
536870912
1072014133
2684354560
1071919599
2147483648
1072264823
0
1071760579
2147483648
1072312337
536870912
1072139755
536870912
1072000936
2147483648
1069755466
0
1072108259
536870912
1072613983
536870912
1070678876
3221225472
1072090658
1073741824
1072193015
3758096384
1072009948
2684354560
1072625708
2147483648
1070922706
2147483648
1065921400
0
1072586445
1073741824
1072556200
3221225472
1070484167
0
1071309186
3221225472
1071324305
0
1072526423
0
1071813016
1610612736
1069456472
0
1071897213
1610612736
1071691498
0
1072029084
3221225472
1072100267
3221225472
1072566823
2147483648
1070612868
0
1066534048
0
1070412988
2147483648
1071818267
536870912
1071839074
2147483648
1072361680
0
1069520191
0
1071793125
0
1071409519
1073741824
1071135585
1073741824
1071461100
1073741824
1072693247
2684354560
31
