Uvec
2226355706
1070826954
0
1070616840
1073741824
1069771560
0
1071211334
2147483648
1070211835
0
1072308609
3221225472
1071421410
0
1071861594
536870912
1071282550
3221225472
1070913615
2147483648
1071162826
1073741824
1071344299
3221225472
1071665895
3758096384
1072092746
3758096384
1072541726
0
1068976702
0
1069361977
0
1070856375
0
1071311045
2147483648
1070625607
3221225472
1070877711
2147483648
1071781051
0
1070613042
0
1071118803
2147483648
1071108484
2147483648
1072174104
1073741824
1071797964
3221225472
1072662818
2147483648
1071941586
0
1072391251
1610612736
1071487099
3221225472
1069881260
0
1071349751
2147483648
1072040540
3758096384
1072290353
2684354560
1071780754
2684354560
1070165596
2147483648
1069507972
0
1070132665
0
1072060699
2147483648
1070011027
2147483648
1071684291
3758096384
1070750145
1073741824
1071472197
0
1063587264
0
1070532027
0
1069611421
0
1071123684
0
1069561004
0
1072653019
2684354560
1072429538
3221225472
1071917580
1073741824
1070690216
0
1072205294
0
1072071759
2147483648
1069162144
0
1071717533
1073741824
1072087204
1073741824
1072050102
2684354560
1070435190
0
1070117268
2147483648
1071334977
2147483648
1072117476
2147483648
1071635133
0
1072495754
2147483648
1070654692
0
1072011968
536870912
1072101758
0
1071839850
1073741824
1071875590
0
1071871070
536870912
1071405974
3221225472
1071678779
3758096384
1070556104
2147483648
1070404153
2147483648
1072556473
0
1071290358
0
1071936417
3758096384
1070881146
1073741824
1069088424
0
1071334269
1073741824
1072460420
3221225472
1072217600
3758096384
1071751919
2147483648
1072527685
0
1072488558
3221225472
1071608461
3221225472
1071808965
3221225472
1072080770
1610612736
1071434480
3221225472
1070924186
1073741824
1065928152
0
1068982485
0
1070181333
2147483648
1071681490
0
1072558094
2684354560
1067878046
0
1071639308
3221225472
1071461100
1073741824
1072693247
2684354560
16
