Uvec
2226355706
1070929299
0
1069087469
0
1072145307
3758096384
1071904842
3758096384
1068804880
0
1072079494
0
1071849170
1610612736
1072248090
1610612736
1071808553
2147483648
1069872878
2147483648
1070591815
2147483648
1071857080
3221225472
1071230154
1073741824
1072323918
3221225472
1070989955
2147483648
1072150244
3758096384
1068046008
0
1072212563
0
1072347387
2684354560
1071850573
3221225472
1070872100
2147483648
1071663092
1610612736
1070280403
2147483648
1071808618
1073741824
1069731868
0
1072529204
1610612736
1069959376
0
1070448731
2147483648
1071688959
3221225472
1072536302
1610612736
1069085197
0
1072474892
1073741824
1072620810
536870912
1070983372
3221225472
1071056494
1073741824
1070696138
0
1072159308
0
1068153352
0
1071400992
2147483648
1071897586
0
1071039441
0
1067736870
0
1070809440
0
1072014908
3221225472
1069640414
2147483648
1072052050
2147483648
1070995560
1073741824
1069932864
2147483648
1070529002
2147483648
1072480673
2147483648
1071552439
3221225472
1070542649
2147483648
1071520876
1073741824
1071893190
1073741824
1071621979
2147483648
1071868934
2684354560
1072465012
3758096384
1072273603
0
1068246306
0
1067749634
0
1068148046
0
1072413311
0
1072480537
3221225472
1071708821
1610612736
1072401233
1073741824
1069267724
0
1072629981
0
1071809441
2147483648
1070735788
1073741824
1071805771
0
1071542853
0
1071681504
3221225472
1071709213
0
1071753989
1073741824
1070638589
3221225472
1072278319
536870912
1071733099
2684354560
1072410850
3758096384
1072452848
2147483648
1071631122
0
1070995179
3221225472
1070648022
3221225472
1072168683
1610612736
1072151332
2684354560
1071743580
1073741824
1071606005
1073741824
1070453000
0
1071725190
3221225472
1069281382
0
1070606576
1073741824
1070576106
2147483648
1072380743
1073741824
1069603623
0
1070884654
3221225472
1072574473
3221225472
1071826608
1610612736
1071045381
1073741824
1072154664
1610612736
1071461100
1073741824
1072693247
2684354560
96
