Uvec
2226355706
1070922036
3221225472
1072064734
2147483648
1072297287
3221225472
1072287999
2684354560
1072546708
2684354560
1072421709
1073741824
1069968405
2147483648
1070042170
0
1069684110
2147483648
1071398068
1073741824
1069924804
2147483648
1071300625
0
1070634914
3221225472
1072115598
3221225472
1070610219
0
1071159987
0
1072093871
3221225472
1072316293
536870912
1068837704
0
1072338954
536870912
1072252055
1073741824
1072312083
536870912
1071941173
536870912
1071463346
1073741824
1068782891
0
1072563282
1610612736
1072600147
3221225472
1069527826
0
1067572986
0
1070976926
1073741824
1065870904
0
1071942338
1073741824
1069126432
0
1070127142
0
1071582425
2147483648
1070759827
1073741824
1072482718
536870912
1072632939
3221225472
1069252990
0
1071377348
2147483648
1069663470
0
1070001141
0
1071258744
2147483648
1071955582
1610612736
1072063478
3221225472
1072658727
536870912
1072076431
1610612736
1072652202
2147483648
1068207742
0
1072390780
0
1072661105
3758096384
1065283328
0
1072633090
2684354560
1070672224
2147483648
1071016191
3221225472
1068910283
0
1071586309
1073741824
1070726574
1073741824
1072520004
0
1070601245
3221225472
1069322605
0
1071270535
2147483648
1070301905
2147483648
1072566007
3758096384
1072001713
2684354560
1071503933
2147483648
1069915600
0
1072087217
0
1072072575
0
1072467533
1073741824
1072516900
0
1071809589
2147483648
1069067246
0
1071310365
3221225472
1071273887
1073741824
1071850353
536870912
1070813147
3221225472
1072227436
1610612736
1070790871
1073741824
1072627242
2147483648
1072148104
2147483648
1068275940
0
1072405261
3221225472
1069434402
0
1072174976
2147483648
1071104447
0
1072154971
2684354560
1072537417
3758096384
1072415479
536870912
1071936202
1073741824
1070201231
2147483648
1071103166
1073741824
1066365568
0
1071013567
2147483648
1071772624
1610612736
1072650266
0
1071990142
1073741824
1070810463
3221225472
1071461100
1073741824
1072693247
2684354560
50
