Uvec
2226355706
1070606083
2147483648
1071853249
3221225472
1070037599
2147483648
1071363929
0
1071352664
3221225472
1071673553
2684354560
1070681531
3221225472
1072301154
1610612736
1071967120
1610612736
1071634293
3221225472
1071948396
2684354560
1071509658
1073741824
1072093214
3758096384
1068781664
0
1071584932
0
1069397486
0
1071878971
536870912
1071662339
3221225472
1069893616
2147483648
1069492274
0
1068105642
0
1069574117
0
1072590885
536870912
1071772381
3758096384
1072283534
0
1072124330
2147483648
1071310954
1073741824
1070987438
0
1071655660
2147483648
1070694566
1073741824
1065417160
0
1072014728
536870912
1070860405
0
1070703969
0
1072367734
1073741824
1070075727
0
1071696461
536870912
1070374691
0
1072653313
3221225472
1071114907
3221225472
1072418706
3221225472
1071776858
3221225472
1069686657
2147483648
1070096311
0
1071995984
1073741824
1071725276
3758096384
1071133922
2147483648
1071784575
3221225472
1070730501
1073741824
1066891584
0
1068607529
0
1071926223
1073741824
1070884398
3221225472
1072550070
3221225472
1070633120
2147483648
1070215649
2147483648
1069776013
2147483648
1070868709
2147483648
1070777150
3221225472
1072111352
536870912
1072004385
536870912
1072455721
3758096384
1071428476
2147483648
1072414643
3758096384
1072097626
0
1071237568
1073741824
1070770983
1073741824
1072341456
1610612736
1072436750
3221225472
1072235726
2684354560
1072333315
536870912
1066418180
0
1071695628
1610612736
1070870193
1073741824
1071791541
3758096384
1072261615
536870912
1071899260
3221225472
1072050222
0
1072307326
536870912
1070623317
2147483648
1072504222
2147483648
1070312806
0
1069093564
0
1072238412
2147483648
1072584021
3221225472
1071276765
2147483648
1072463864
2684354560
1072078874
2147483648
1071227472
0
1070785056
0
1070348263
2147483648
1072119681
3758096384
1067438200
0
1067523614
0
1071661343
3758096384
1072565671
2684354560
1071730367
2684354560
1071607720
2147483648
1071461100
1073741824
1072693247
2684354560
11
