Uvec
2226355706
1069187874
0
1071708615
1073741824
1069707142
2147483648
1071806288
0
1070986086
3221225472
1064287104
0
1072099751
3758096384
1070903854
0
1072252188
2147483648
1072669722
1073741824
1069967493
2147483648
1071550409
3221225472
1071219276
3221225472
1069824770
2147483648
1066452296
0
1071251203
3221225472
1072597629
0
1067039876
0
1072140972
2147483648
1071635636
2147483648
1071984830
3758096384
1072080310
3221225472
1072025994
3758096384
1072277804
2684354560
1072412963
3758096384
1071483465
3221225472
1072167156
2147483648
1069761017
2147483648
1067796982
0
1072514187
1073741824
1065184704
0
1070770908
3221225472
1072172608
3221225472
1072531766
3221225472
1071714659
2684354560
1071727461
1073741824
1070920333
0
1069736563
2147483648
1071525084
1073741824
1071255814
1073741824
1070671029
1073741824
1067440508
0
1072188562
2147483648
1072627347
0
1072626778
1073741824
1069690909
2147483648
1072339420
3221225472
1071889038
2684354560
1067753786
0
1071962529
3758096384
1072449822
2147483648
1069596410
0
1070184800
0
1072193438
3221225472
1071442009
3221225472
1072291716
1610612736
1071983755
3221225472
1072070075
0
1072253971
2684354560
1069544878
0
1072121220
1073741824
1070846503
1073741824
1072005725
3221225472
1071540552
2147483648
1072319650
3221225472
1067629478
0
1072484034
1073741824
1068538500
0
1071734712
3758096384
1071788410
2684354560
1069404088
0
1071847723
3758096384
1067383000
0
1072096683
2684354560
1072124565
1610612736
1072550647
0
1070458315
2147483648
1069626219
2147483648
1070666625
1073741824
1072365156
3221225472
1072213953
2147483648
1070806193
3221225472
1069961645
2147483648
1072476770
2147483648
1071562147
3221225472
1072029569
1610612736
1071899413
2684354560
1072630553
3758096384
1072419299
1073741824
1071451764
0
1071244704
0
1071849583
1610612736
1071745953
3758096384
1070097708
2147483648
1070728023
1073741824
1071082733
1073741824
1070681286
3221225472
1066885368
0
1071461100
1073741824
1072693247
2684354560
65
