Uvec
2226355706
1072595728
0
1071785284
2147483648
1069658973
0
1071396392
1073741824
1071795753
2147483648
1069103701
0
1072355566
3221225472
1071686936
2684354560
1071295146
2147483648
1072185930
3221225472
1071972256
2147483648
1067104520
0
1072130621
1073741824
1068642376
0
1069845442
2147483648
1068558125
0
1071690072
2147483648
1070992592
1073741824
1070125908
2147483648
1071931685
536870912
1072380095
2147483648
1068597185
0
1071419780
0
1067196144
0
1072401234
3758096384
1071492360
3221225472
1072043396
1610612736
1072657295
1610612736
1071674016
0
1071355348
0
1071389452
1073741824
1072471910
2147483648
1071589374
0
1072674036
536870912
1070879113
0
1072401361
1610612736
1071737209
3221225472
1071776107
3758096384
1072328113
3221225472
1071671567
0
1070953178
0
1069609732
0
1071640848
2147483648
1071915420
3221225472
1071117245
2147483648
1071650257
1073741824
1069833671
2147483648
1071843558
2147483648
1069263233
0
1071878628
1610612736
1072375372
3221225472
1070144410
0
1072156173
536870912
1070947171
2147483648
1072108554
3221225472
1072160597
1610612736
1071962925
1610612736
1072647565
3758096384
1072432395
3221225472
1071778882
0
1071940696
3758096384
1071952691
536870912
1071524089
3221225472
1072036980
3758096384
1072426779
2684354560
1072298832
3221225472
1072586767
2684354560
1071322237
3221225472
1072119839
0
1071106350
2147483648
1072413166
3758096384
1067816190
0
1072383271
3221225472
1072435016
0
1072027941
1073741824
1070140072
2147483648
1072504802
2684354560
1071849824
0
1072285252
1073741824
1071425825
2147483648
1066850184
0
1072594948
0
1069034297
0
1072303184
3221225472
1072450097
2684354560
1072111342
3221225472
1061251840
0
1071466042
3221225472
1072627898
3758096384
1070041018
0
1071540670
2147483648
1072640556
536870912
1071009315
1073741824
1072073743
1610612736
1066571980
0
1071484114
2147483648
1071884036
2147483648
1072603964
1610612736
1071461100
1073741824
1072693247
2684354560
65
