Uvec
2226355706
1072233965
536870912
1071623821
2147483648
1071173129
2147483648
1072006733
0
1067757598
0
1070985295
0
1070071911
0
1070627220
1073741824
1069554283
0
1072492085
1073741824
1071069883
1073741824
1071706481
2147483648
1070350863
2147483648
1070031504
2147483648
1071704571
3758096384
1071632498
2147483648
1071594198
3221225472
1071728357
3758096384
1072582994
3221225472
1069991875
2147483648
1072475298
0
1072234928
2684354560
1070826184
1073741824
1072478813
3758096384
1072520708
1073741824
1072170872
2147483648
1069815108
0
1070651251
0
1072512207
0
1072436226
2147483648
1070196192
0
1070602010
1073741824
1071689466
2684354560
1070968168
1073741824
1063265664
0
1067802384
0
1069000021
0
1069478307
0
1072587040
536870912
1069614381
2147483648
1069723703
2147483648
1072097318
3758096384
1070800895
3221225472
1068872451
0
1071841430
1610612736
1072050246
536870912
1072034817
3221225472
1072688375
0
1072651299
3758096384
1072294399
3758096384
1072200366
3758096384
1072106938
3758096384
1071957286
3221225472
1070062260
2147483648
1071747417
1073741824
1071301040
1073741824
1071647876
2147483648
1072459037
2147483648
1072311859
2684354560
1071121917
3221225472
1071774846
2147483648
1064902016
0
1071054948
0
1067415404
0
1070971183
1073741824
1070206060
0
1072247403
2147483648
1071812699
3221225472
1072611066
2147483648
1071403534
3221225472
1069705674
2147483648
1072257346
2147483648
1070677458
1073741824
1072557067
1073741824
1071098803
0
1072201088
3221225472
1071480005
3221225472
1072087711
1073741824
1072460157
3221225472
1071773580
1610612736
1072583798
3221225472
1071212975
3221225472
1069932584
2147483648
1072398624
2147483648
1070158095
0
1071365364
1073741824
1070747594
2147483648
1072235091
0
1071406800
0
1070711679
2147483648
1071805778
1073741824
1067088036
0
1071696268
3221225472
1072290511
3758096384
1070644838
2147483648
1071821600
2147483648
1072478465
0
1072258496
3758096384
1071461100
1073741824
1072693247
2684354560
68
