Uvec
2226355706
1069548849
0
1072516723
1073741824
1072413470
536870912
1069646396
0
1071542535
0
1070767123
0
1070779426
0
1071884995
2684354560
1069634051
2147483648
1071754902
1073741824
1072452901
2684354560
1071686471
1073741824
1072656540
3758096384
1072333497
2684354560
1070684658
2147483648
1069620898
2147483648
1069939556
0
1070845365
0
1065841136
0
1072360577
2684354560
1071588741
3221225472
1071541541
0
1071762747
3758096384
1072254094
3758096384
1072323266
2684354560
1071735734
2684354560
1071756607
0
1072167246
2684354560
1072014690
2147483648
1072131064
0
1071820861
1073741824
1071699996
3758096384
1070139020
0
1072308781
3758096384
1069946582
0
1069881797
2147483648
1069971249
0
1069421528
0
1071796446
1073741824
1072004983
3221225472
1072334377
0
1068144712
0
1070582153
0
1072527281
1073741824
1071852365
0
1072197325
3758096384
1071969944
3221225472
1072211747
3758096384
1071816659
3221225472
1071960184
1610612736
1072577264
2147483648
1071475720
3221225472
1071495415
0
1070356852
2147483648
1071289619
0
1072636103
3221225472
1072564648
3221225472
1068779951
0
1072537294
2147483648
1071525290
1073741824
1069735239
0
1072662389
1610612736
1072032759
1073741824
1072355542
2147483648
1072206946
1073741824
1071926247
2684354560
1071511858
3221225472
1072341436
536870912
1071594136
2147483648
1072558769
3758096384
1071880794
3758096384
1072315508
1073741824
1072386570
2147483648
1072529434
1073741824
1072212839
536870912
1072064584
536870912
1072172547
3221225472
1072587358
3758096384
1070249043
2147483648
1071831220
2147483648
1072040646
1610612736
1072420640
2684354560
1070494007
2147483648
1071050211
0
1070306645
0
1072353306
536870912
1072675022
1073741824
1072315890
0
1070728715
3221225472
1071401328
2147483648
1071388334
1073741824
1071779105
2147483648
1071202120
2147483648
1072006634
2147483648
1072122102
3221225472
1071856099
1610612736
1072485803
3221225472
1072533376
1610612736
1071461100
1073741824
1072693247
2684354560
57
