Uvec
2226355706
1071448119
1073741824
1067465092
0
1071259843
2147483648
1070936393
1073741824
1072366514
2147483648
1067754480
0
1070237141
0
1070513521
2147483648
1071847535
2684354560
1070900011
0
1072017578
536870912
1072422553
3758096384
1070821768
2147483648
1071738410
2147483648
1072672240
3221225472
1070821984
1073741824
1072633393
1610612736
1070839080
0
1070932260
3221225472
1069625921
0
1071937544
1073741824
1069801195
2147483648
1072311996
1610612736
1070206857
2147483648
1072179432
2147483648
1071758940
2147483648
1069555691
0
1072508861
0
1072445189
3758096384
1072004696
2147483648
1072059781
2684354560
1071690436
3221225472
1069780120
2147483648
1068818613
0
1070427923
0
1071669340
1610612736
1071105704
2147483648
1072391281
1610612736
1071589106
2147483648
1071802728
1610612736
1071247001
2147483648
1071404034
3221225472
1068028860
0
1071221550
3221225472
1070923435
2147483648
1067767454
0
1066763236
0
1070762179
1073741824
1072029963
3221225472
1071419054
1073741824
1072457446
1610612736
1071760561
0
1068796403
0
1072567298
3221225472
1071939695
2684354560
1071335150
0
1068310010
0
1071980786
2147483648
1072460275
0
1071291188
0
1071509382
1073741824
1071845876
3758096384
1071696340
3221225472
1072049287
536870912
1070158059
0
1070846468
1073741824
1071923001
2684354560
1068684493
0
1072544089
3221225472
1070312441
2147483648
1071584187
1073741824
1070751786
2147483648
1072629600
0
1072112794
2147483648
1072080493
2147483648
1068341076
0
1070546790
2147483648
1072639694
536870912
1071840680
1610612736
1072137782
2147483648
1071815679
0
1072589094
0
1071053560
3221225472
1071704269
3221225472
1070466099
0
1067214096
0
1070979956
3221225472
1072296357
536870912
1071949079
1073741824
1068643125
0
1071926391
0
1072554499
2147483648
1070965534
3221225472
1072652412
2147483648
1069368109
0
1072670124
2147483648
1067586148
0
1069310394
0
1071461100
1073741824
1072693247
2684354560
39
