Uvec
2226355706
1072361508
3758096384
1072191874
2684354560
1068937642
0
1070248535
0
1071799685
2684354560
1069752818
0
1070836564
0
1072421968
536870912
1071954533
3758096384
1068004710
0
1072676177
2684354560
1072552485
3758096384
1071699653
2684354560
1071663758
1073741824
1066379264
0
1072484857
1610612736
1072202080
1073741824
1071664565
3758096384
1069630368
2147483648
1071824430
3758096384
1072131468
1073741824
1070399655
0
1071202101
2147483648
1072682631
536870912
1071073991
2147483648
1072074836
2684354560
1071382324
0
1071499131
0
1071120186
1073741824
1069137996
0
1071972790
1073741824
1072377306
536870912
1071312165
0
1072544447
2684354560
1072078622
536870912
1072018521
536870912
1071823748
1610612736
1068763581
0
1072157233
536870912
1071612352
2147483648
1071737923
2147483648
1070764793
0
1072359136
536870912
1071706545
1073741824
1072423980
2147483648
1072492655
1610612736
1072410643
1610612736
1071793454
2147483648
1070849652
0
1071368825
2147483648
1070868179
1073741824
1069640891
2147483648
1071691488
2147483648
1070239177
2147483648
1072539727
1610612736
1072022938
1610612736
1072270666
1073741824
1072483046
0
1071960390
1073741824
1071741036
3221225472
1071447898
1073741824
1070526039
2147483648
1069605482
2147483648
1072081690
2147483648
1072185039
1610612736
1071300139
3221225472
1071456658
2147483648
1070600018
0
1072419937
2684354560
1072292466
3221225472
1071660440
536870912
1067075300
0
1071608865
2147483648
1069417926
0
1071698342
1610612736
1071060870
1073741824
1072053332
2147483648
1071774737
3221225472
1069416622
0
1072006234
2147483648
1068170322
0
1071050734
3221225472
1072000221
1610612736
1072534560
2684354560
1069701374
0
1069675632
0
1071576392
3221225472
1071615348
0
1072359673
1610612736
1071269313
3221225472
1071763306
3221225472
1071258094
0
1071164863
3221225472
1072588856
2147483648
1069110577
0
1071786214
3221225472
1070913703
3221225472
1067929708
0
1071461100
1073741824
1072693247
2684354560
87
