Uvec
2226355706
1072506481
2147483648
1071158725
1073741824
1071979819
536870912
1072362356
536870912
1072668048
536870912
1072312487
536870912
1072262443
1610612736
1072280612
3221225472
1072298950
536870912
1071003019
1073741824
1071349004
3221225472
1072673010
1610612736
1067765518
0
1071697435
3758096384
1071020683
3221225472
1071378914
1073741824
1071697744
2147483648
1071863762
3221225472
1071102662
0
1071429326
2147483648
1070928698
1073741824
1068920646
0
1072363755
0
1070169308
0
1070999470
3221225472
1071689485
3758096384
1072596544
1610612736
1069962161
0
1072534141
536870912
1071392769
2147483648
1066427096
0
1071840445
3758096384
1071149265
3221225472
1072603097
536870912
1072266309
1073741824
1072488720
3758096384
1071728443
2147483648
1071768924
536870912
1071372940
1073741824
1071978456
3758096384
1072471626
1073741824
1071764368
2684354560
1071746660
536870912
1069745230
0
1072091192
2684354560
1072492821
1073741824
1071144848
1073741824
1070668127
1073741824
1067384776
0
1071460775
3221225472
1072624200
1073741824
1071494879
2147483648
1071386900
1073741824
1072679372
3221225472
1071402076
2147483648
1072671706
2684354560
1071686647
3758096384
1071763293
1073741824
1070752480
1073741824
1065516432
0
1067678310
0
1072276022
0
1070761919
1073741824
1072526565
3221225472
1068832615
0
1071714250
1073741824
1069989857
2147483648
1072643815
0
1072086029
3221225472
1072613026
2684354560
1072331725
536870912
1071120955
1073741824
1068764506
0
1070779451
2147483648
1071689267
0
1072382307
3221225472
1070201679
2147483648
1071784706
3221225472
1071829962
2684354560
1071291098
0
1072026580
2147483648
1072120116
0
1071762662
1610612736
1069966215
0
1071945567
3758096384
1071147847
1073741824
1071514274
3221225472
1072290213
2684354560
1070939784
0
1071788634
2684354560
1071733257
3758096384
1072374953
3221225472
1070672976
0
1072124946
1073741824
1070744001
1073741824
1067471714
0
1069526339
0
1070698048
0
1071461100
1073741824
1072693247
2684354560
78
