Uvec
2226355706
1072091390
3221225472
1072020707
2684354560
1072514405
1610612736
1069895567
0
1069379220
0
1069709283
0
1071397069
1073741824
1069579603
2147483648
1071538861
1073741824
1070305588
2147483648
1072194742
2147483648
1071972729
1610612736
1071703078
536870912
1072247027
1073741824
1070721652
1073741824
1072176519
1610612736
1069462202
0
1070740477
2147483648
1071286051
1073741824
1070835858
2147483648
1069398617
0
1072377930
1610612736
1071085433
1073741824
1071949943
2147483648
1072586712
1610612736
1071802573
2684354560
1072406488
3221225472
1072651657
536870912
1072651397
536870912
1072196980
3221225472
1070311209
2147483648
1071845382
1073741824
1071485600
3221225472
1070751783
1073741824
1072373921
0
1070841770
1073741824
1071932714
2147483648
1071394693
1073741824
1072148658
2684354560
1072679312
3758096384
1070617447
3221225472
1071996086
1610612736
1072581380
536870912
1072627984
2684354560
1072524136
1073741824
1072517940
1610612736
1070337030
0
1072072068
2147483648
1069863228
2147483648
1072682345
2684354560
1071147797
2147483648
1072131123
3221225472
1072335170
536870912
1072106447
1073741824
1067655674
0
1066341072
0
1072182554
0
1072064837
3221225472
1070210078
2147483648
1070392017
2147483648
1072014671
2684354560
1072135757
1610612736
1070280685
0
1069839667
0
1066535880
0
1072076789
3221225472
1071699864
3758096384
1071079166
1073741824
1071947353
1610612736
1072131109
1610612736
1072502488
2147483648
1071513117
3221225472
1072262351
3758096384
1070852403
3221225472
1072599243
3758096384
1071964291
2147483648
1072116083
2684354560
1072499937
1610612736
1071376967
1073741824
1071920389
3221225472
1070489631
0
1072687955
2147483648
1068750222
0
1072005855
0
1072227430
536870912
1071319676
0
1072311803
3221225472
1072503703
1073741824
1070366587
2147483648
1072271581
2147483648
1070232341
2147483648
1072447166
1073741824
1070332741
2147483648
1070230832
0
1072470166
3221225472
1071857333
0
1071568611
2147483648
1072679530
3221225472
1071461100
1073741824
1072693247
2684354560
51
