Uvec
2226355706
1071502526
1073741824
1071951022
3758096384
1071436145
3221225472
1071738693
2147483648
1069511483
0
1071029682
0
1069831857
2147483648
1070211110
0
1072064377
2147483648
1071954873
0
1071939579
2147483648
1072675561
3221225472
1070954379
0
1071938576
1073741824
1072042622
0
1068417184
0
1069638014
2147483648
1071842004
3221225472
1070810609
0
1071040026
2147483648
1071439238
2147483648
1070734702
3221225472
1070663116
2147483648
1070588980
2147483648
1068932529
0
1072076202
0
1070755186
3221225472
1069440473
0
1069359988
0
1072126169
1610612736
1070574632
2147483648
1069222231
0
1070581900
0
1072433262
0
1068925469
0
1070727504
3221225472
1071481854
0
1072336194
2684354560
1070734310
3221225472
1068493616
0
1068453756
0
1070244701
2147483648
1071424555
3221225472
1072513725
536870912
1070912087
2147483648
1069345785
0
1070505350
2147483648
1072040337
1610612736
1071602954
0
1071206153
2147483648
1072146738
2147483648
1072471306
1610612736
1072442016
2684354560
1063380096
0
1072543599
3758096384
1071161980
0
1067745788
0
1071218703
3221225472
1070742315
3221225472
1071871775
3221225472
1072489432
3221225472
1070558803
2147483648
1072112432
3758096384
1072530663
2684354560
1072369067
0
1068318152
0
1070288793
0
1071307713
3221225472
1072123704
1610612736
1071610471
1073741824
1068344676
0
1070767371
3221225472
1069589187
0
1068964389
0
1071148615
1073741824
1071896062
1610612736
1071615019
2147483648
1071948342
2147483648
1071739813
3221225472
1072582009
2147483648
1072464128
3221225472
1070362673
2147483648
1071923123
2684354560
1071372070
1073741824
1070903786
1073741824
1071548830
1073741824
1072687702
2147483648
1071873242
2147483648
1071431784
0
1070789917
2147483648
1071904129
1073741824
1071746771
536870912
1068419418
0
1071919953
2684354560
1071594480
0
1071931188
536870912
1070966006
1073741824
1071370913
2147483648
1071461100
1073741824
1072693247
2684354560
90
