Uvec
2226355706
1071065072
1073741824
1072528854
1073741824
1071374794
2147483648
1072084840
0
1071123278
3221225472
1071987559
2684354560
1072481257
1610612736
1071832243
1073741824
1070861062
2147483648
1070253387
2147483648
1070763926
0
1069655362
2147483648
1070750329
0
1069040768
0
1070565470
2147483648
1070731366
1073741824
1071596989
3221225472
1071494996
2147483648
1071939353
0
1071356273
2147483648
1071812494
1610612736
1070073695
0
1069652493
2147483648
1072182582
3758096384
1071940330
2147483648
1072461723
3221225472
1071955371
3758096384
1072078265
1073741824
1071444641
0
1070162636
0
1070373373
0
1071107955
1073741824
1072351514
1610612736
1071847270
3758096384
1069726087
2147483648
1072039641
536870912
1065944192
0
1072311113
2684354560
1072037813
2147483648
1069600893
2147483648
1072363870
3221225472
1071716833
1073741824
1072537388
536870912
1071612417
0
1071890667
2147483648
1071725302
0
1071434189
0
1071015346
1073741824
1071205861
2147483648
1072223057
3221225472
1071539397
0
1069567362
2147483648
1072029578
3758096384
1071583151
0
1069372988
0
1071600071
1073741824
1071550704
2147483648
1070784238
2147483648
1071887197
0
1070149125
0
1072090999
1610612736
1071174004
3221225472
1070884687
2147483648
1071201094
3221225472
1072173334
2684354560
1071638278
0
1072197764
1610612736
1069832934
2147483648
1072482109
1073741824
1070632658
0
1070968102
3221225472
1069501194
0
1067983302
0
1071897214
3758096384
1072277533
1073741824
1071103711
3221225472
1070681766
3221225472
1072621855
2684354560
1072155191
0
1072578736
0
1072555534
3221225472
1072264889
536870912
1071253117
3221225472
1069423507
0
1072311573
1610612736
1072354870
3758096384
1072615055
3221225472
1070202445
0
1071258020
2147483648
1071661349
2147483648
1069846160
0
1071738955
2147483648
1072216216
1073741824
1070912970
1073741824
1071850036
0
1072453674
1073741824
1070525599
2147483648
1072261367
3221225472
1071461100
1073741824
1072693247
2684354560
20
