Uvec
2226355706
1071239633
1073741824
1072675262
0
1071329819
2147483648
1072144315
3758096384
1072510905
1073741824
1072171845
1610612736
1072546776
3758096384
1067682340
0
1072506638
2684354560
1069990282
0
1070807777
3221225472
1072672742
2147483648
1068882428
0
1071935415
2684354560
1071950736
1073741824
1072334895
0
1072100784
1610612736
1072513109
1610612736
1072534277
1610612736
1067782220
0
1072623942
536870912
1069962482
0
1071959175
2147483648
1070260021
2147483648
1070683674
3221225472
1072409704
2147483648
1072155109
2684354560
1072547238
3758096384
1072293700
3221225472
1072234245
536870912
1071150802
0
1072224250
1610612736
1070949002
3221225472
1066727104
0
1071703248
1073741824
1061392640
0
1072393168
2147483648
1067746670
0
1067983624
0
1072308786
1610612736
1071922043
1610612736
1071880881
3758096384
1071253953
1073741824
1071657772
1610612736
1071046479
3221225472
1072547360
3758096384
1070316977
0
1072451797
2147483648
1067939350
0
1070532325
2147483648
1070178485
2147483648
1071948786
2147483648
1071423422
2147483648
1072221585
1610612736
1069316056
0
1072630311
1073741824
1072303104
536870912
1070765928
0
1069791238
2147483648
1070277174
2147483648
1071988371
536870912
1071662250
1610612736
1070656324
2147483648
1072013438
1610612736
1072216402
1073741824
1071830440
2147483648
1072490164
3221225472
1072258869
536870912
1071913763
536870912
1071907912
2147483648
1069856882
2147483648
1069612657
0
1068531687
0
1069513006
0
1070939729
2147483648
1071969927
3758096384
1070771917
2147483648
1072340169
2147483648
1069997639
0
1072523690
3758096384
1071817656
2684354560
1069735435
2147483648
1071868705
1610612736
1069965663
2147483648
1072357872
3221225472
1071873166
0
1067410740
0
1072516936
2147483648
1072035374
0
1071900601
536870912
1070520974
2147483648
1071109561
2147483648
1072044840
2684354560
1069423779
0
1071614974
0
1072408400
3758096384
1072215619
536870912
1070876353
3221225472
1071461100
1073741824
1072693247
2684354560
94
