Uvec
2226355706
1072407775
2684354560
1071444495
3221225472
1070817360
3221225472
1071675145
2147483648
1071646467
1073741824
1071628225
1073741824
1069952180
0
1068405784
0
1072342925
1610612736
1071905745
536870912
1072128280
1073741824
1072320033
536870912
1071848537
0
1071743347
1073741824
1072313522
1610612736
1072495971
3221225472
1071260621
2147483648
1071138162
0
1069790910
0
1072468089
0
1067602868
0
1072378691
2684354560
1071996608
3758096384
1072317866
2147483648
1072596888
1610612736
1071052747
3221225472
1070729009
3221225472
1071724484
2147483648
1068641758
0
1071201076
3221225472
1070989621
1073741824
1064410448
0
1072078761
1610612736
1067839390
0
1071686210
0
1069909979
0
1071245149
0
1072618528
3758096384
1072043758
3221225472
1071565409
1073741824
1071687861
1610612736
1067538540
0
1071499385
0
1072062746
0
1072059900
0
1071892717
2684354560
1072568154
1610612736
1072363954
3758096384
1071687206
1073741824
1068715082
0
1068790342
0
1071724819
536870912
1071688647
1073741824
1072679160
2684354560
1072625725
1073741824
1072362850
3758096384
1071831185
0
1070517714
2147483648
1072676563
3758096384
1072647496
536870912
1072646258
536870912
1072475507
3221225472
1071622734
3221225472
1071268114
3221225472
1070313405
0
1072552029
1610612736
1072189346
2147483648
1068664294
0
1070867315
0
1068826778
0
1071179301
1073741824
1072094906
2684354560
1070253189
2147483648
1072576398
2684354560
1072097518
2684354560
1071805842
2684354560
1071722991
2684354560
1072185141
0
1072120824
1610612736
1071911109
536870912
1069754861
0
1072601029
3221225472
1068971741
0
1072009723
3758096384
1071706413
1610612736
1071269220
0
1072396940
2684354560
1070383091
0
1072195018
3758096384
1071607574
0
1069894971
0
1071715216
2147483648
1069725170
2147483648
1071338334
1073741824
1071495490
0
1071090847
2147483648
1072013835
1610612736
1072614507
0
1071461100
1073741824
1072693247
2684354560
75
