Uvec
2226355706
1070598050
2147483648
1068983221
0
1069950478
0
1071128302
0
1070271482
2147483648
1071017043
2147483648
1072517117
0
1071463921
3221225472
1069004032
0
1071465985
1073741824
1067415844
0
1071607349
3221225472
1071820341
3758096384
1068835850
0
1072245521
536870912
1069890536
0
1072220808
3758096384
1072093271
536870912
1071876347
2147483648
1071995442
536870912
1072474793
3758096384
1071832913
2147483648
1071814028
2147483648
1071116166
1073741824
1072455631
3221225472
1069411451
0
1071802812
0
1070831877
1073741824
1071847908
1073741824
1071199476
0
1070217560
0
1072310210
536870912
1069800476
2147483648
1070671219
3221225472
1072517235
2684354560
1071452775
1073741824
1069166543
0
1069417674
0
1072655639
2147483648
1070636391
1073741824
1066486188
0
1072108075
3221225472
1072674749
1073741824
1072603911
3758096384
1072634008
1073741824
1069879522
0
1071087902
1073741824
1072379461
3221225472
1072146181
3758096384
1066471748
0
1070937987
2147483648
1072572410
2684354560
1072136350
2147483648
1072520569
2684354560
1072137924
536870912
1071063422
1073741824
1071648175
536870912
1069461442
0
1071937652
1073741824
1071852370
3221225472
1071000969
1073741824
1070887153
1073741824
1070608765
3221225472
1071368184
1073741824
1072583581
2684354560
1072654982
1610612736
1071704900
3221225472
1070687840
2147483648
1072213656
0
1072346318
3221225472
1071523081
1073741824
1067358868
0
1072614292
2147483648
1072606238
536870912
1072265534
1073741824
1071049115
3221225472
1071849962
2684354560
1068566010
0
1071370442
3221225472
1070261179
0
1072640451
1073741824
1071165412
0
1068596265
0
1071081532
1073741824
1071886423
2147483648
1071853277
2147483648
1072184978
1610612736
1071923984
2147483648
1072049999
1610612736
1072046571
2147483648
1071117012
2147483648
1071413339
0
1069516558
0
1063781984
0
1070484005
2147483648
1068928803
0
1070830674
3221225472
1071739736
3758096384
1071461100
1073741824
1072693247
2684354560
4
