Uvec
2226355706
1068706149
0
1070895566
3221225472
1072448964
536870912
1072493517
3758096384
1071167120
2147483648
1072666803
1610612736
1067483812
0
1069800274
2147483648
1069279039
0
1072484750
0
1072047601
0
1071176809
3221225472
1071786239
3221225472
1071274900
0
1069091289
0
1071495524
1073741824
1070266343
0
1072190718
1610612736
1072488216
3221225472
1070839202
3221225472
1072537913
2684354560
1071519550
0
1070346110
2147483648
1072502361
536870912
1067521246
0
1072206565
2147483648
1071691385
2684354560
1072228550
2684354560
1070630915
0
1071660158
1610612736
1070710947
2147483648
1071677773
2684354560
1072111013
2684354560
1071746670
3221225472
1072091857
536870912
1072054180
0
1068681705
0
1072351497
0
1072077276
2684354560
1069634494
0
1071500136
1073741824
1069662678
0
1072608013
1073741824
1072483940
1073741824
1072387393
3221225472
1072511499
1073741824
1072487993
3758096384
1071754099
536870912
1071316430
1073741824
1071251438
2147483648
1072128915
0
1071516537
3221225472
1072403936
536870912
1070907285
3221225472
1071917973
3758096384
1068734597
0
1071065300
2147483648
1072503541
2684354560
1071996201
3221225472
1072535852
3758096384
1072255681
2684354560
1071757308
536870912
1068122360
0
1071738028
0
1071212085
3221225472
1072210334
3758096384
1070380023
2147483648
1070561013
2147483648
1071805441
0
1071180119
3221225472
1071242642
1073741824
1066778668
0
1069490474
0
1072167327
2684354560
1071450878
2147483648
1072027406
2684354560
1072002208
1610612736
1071772673
3221225472
1072577816
1610612736
1069987033
2147483648
1070656738
0
1070839485
3221225472
1071178849
1073741824
1072491088
0
1070816905
2147483648
1071237255
3221225472
1070511885
0
1070811007
2147483648
1071332355
1073741824
1070894636
3221225472
1072663619
1073741824
1071797845
1073741824
1067155872
0
1071425703
1073741824
1071559083
3221225472
1071175001
1073741824
1070515100
2147483648
1067985468
0
1071461100
1073741824
1072693247
2684354560
1
