Uvec
2226355706
1070345905
0
1072056007
0
1071234988
3221225472
1071505043
2147483648
1069984296
0
1071862938
0
1071659476
3758096384
1068926666
0
1072358759
2684354560
1072650292
2147483648
1072148925
536870912
1069954717
2147483648
1070639002
2147483648
1071701517
2147483648
1070755853
0
1072584452
3221225472
1071899214
2147483648
1071993854
2684354560
1071828039
1610612736
1069482064
0
1072119079
0
1070054135
2147483648
1067934350
0
1068789935
0
1071560467
3221225472
1071000910
2147483648
1072168859
2147483648
1070787947
1073741824
1072513747
1610612736
1071868236
0
1067373252
0
1071878400
536870912
1071771671
2147483648
1070970834
1073741824
1072096768
1073741824
1069136830
0
1070951929
1073741824
1071469356
3221225472
1071010422
3221225472
1071712768
3758096384
1070854626
3221225472
1072581578
3758096384
1071281596
3221225472
1071609184
1073741824
1071916545
536870912
1072066666
2684354560
1070298866
0
1068651682
0
1072235329
1610612736
1070169238
2147483648
1068280182
0
1072641359
3221225472
1072032922
3221225472
1072614057
536870912
1071252288
1073741824
1072656332
0
1070925467
2147483648
1071876254
2147483648
1068859310
0
1071705141
2684354560
1071484462
0
1071886072
1073741824
1072629015
1610612736
1072634791
3221225472
1072466869
536870912
1070641514
0
1072531884
2147483648
1070052791
0
1071721221
2147483648
1069203687
0
1069431890
0
1071761943
2684354560
1070926526
0
1069235727
0
1071455659
1073741824
1070645635
0
1072207253
0
1070409265
0
1069554910
2147483648
1071330904
1073741824
1072263291
2147483648
1072214777
3758096384
1072295707
2684354560
1072293682
3221225472
1072157672
1073741824
1070797354
2147483648
1071729455
2684354560
1072241175
3758096384
1072162096
536870912
1071150153
2147483648
1066142832
0
1072044578
3221225472
1071526903
1073741824
1072141258
1073741824
1072497716
536870912
1071655168
536870912
1072161923
1610612736
1072483774
3221225472
1071461100
1073741824
1072693247
2684354560
15
