Uvec
2226355706
1072686922
536870912
1062954880
0
1072362285
3758096384
1070859339
1073741824
1070644224
2147483648
1072232530
536870912
1072596645
536870912
1071716007
2684354560
1072006332
3221225472
1068167526
0
1072272664
2147483648
1071932635
2684354560
1071795438
536870912
1071141737
3221225472
1071277506
2147483648
1072168631
3758096384
1071515208
2147483648
1070459868
0
1070819355
3221225472
1072117889
3758096384
1072051518
2147483648
1070210160
0
1072360277
0
1071456435
2147483648
1070426083
0
1072219643
1073741824
1072376405
1073741824
1071809401
3758096384
1068826608
0
1070203404
0
1070855009
1073741824
1071988402
1073741824
1072326212
2684354560
1072663080
1610612736
1071380491
1073741824
1071027522
2147483648
1071541474
1073741824
1071368400
1073741824
1072192090
3221225472
1063609440
0
1071864869
1610612736
1071746043
3758096384
1069340650
0
1069386567
0
1072167554
2684354560
1068583006
0
1072004495
1073741824
1068915011
0
1071646539
2684354560
1069081388
0
1067536696
0
1071993932
3221225472
1071425516
3221225472
1070973852
2147483648
1072424311
0
1069809562
2147483648
1071864150
3758096384
1070560117
2147483648
1071880168
3221225472
1070416920
2147483648
1071632514
1073741824
1056305152
0
1070852501
3221225472
1070507343
2147483648
1071943112
1073741824
1070754119
2147483648
1070821955
3221225472
1070614460
1073741824
1072384317
1610612736
1071556868
2147483648
1070889739
1073741824
1071174951
0
1069551993
2147483648
1071073407
1073741824
1071094756
2147483648
1071793015
2147483648
1069805588
0
1067801746
0
1072308389
2147483648
1068233080
0
1071921796
536870912
1070980649
0
1072092235
3221225472
1072506164
1073741824
1070699352
3221225472
1071955559
1073741824
1069765014
2147483648
1068294562
0
1072520588
2147483648
1072067496
536870912
1070797503
0
1071136858
0
1071795474
2684354560
1066859080
0
1071837374
536870912
1071100008
0
1072568474
2147483648
1069901462
2147483648
1071461100
1073741824
1072693247
2684354560
85
