Uvec
2226355706
1072007835
536870912
1071937527
2147483648
1071961253
1073741824
1071528731
2147483648
1070726692
0
1071420665
1073741824
1071354765
3221225472
1070760130
1073741824
1070952777
0
1072319320
2684354560
1072373124
3221225472
1068856909
0
1072353269
2147483648
1067708064
0
1072127243
2684354560
1071532871
2147483648
1072137245
2147483648
1070658059
0
1069362103
0
1072583010
2684354560
1071517472
1073741824
1069895712
2147483648
1071099495
3221225472
1072211635
1073741824
1067619502
0
1072621672
1073741824
1071143646
3221225472
1071710480
1610612736
1072382249
2147483648
1069664690
2147483648
1071706539
3221225472
1070953449
2147483648
1071981460
0
1068641135
0
1070204083
2147483648
1071172406
0
1067830210
0
1070136718
0
1069142941
0
1072635805
2147483648
1071835264
2147483648
1072073053
1610612736
1072260730
2147483648
1071914317
3758096384
1071902084
3758096384
1069284866
0
1068316342
0
1072548968
536870912
1071607958
2147483648
1070122227
0
1072404130
3221225472
1071482439
3221225472
1071553348
0
1071825637
2147483648
1071371692
0
1071561514
2147483648
1072387276
1610612736
1068580728
0
1072669021
3758096384
1071383506
1073741824
1072269359
3221225472
1072138276
2684354560
1071016584
2147483648
1066845444
0
1071757806
1073741824
1069291711
0
1072446426
1610612736
1069929929
2147483648
1071074715
3221225472
1072251964
0
1072177922
0
1072256093
1610612736
1071578977
0
1070389487
0
1071645065
2147483648
1072652996
2147483648
1071665716
1073741824
1072492720
1610612736
1069400725
0
1070138600
2147483648
1072058433
1073741824
1069728721
2147483648
1068566665
0
1072012974
2147483648
1070022880
0
1072165435
2147483648
1072382548
3221225472
1072293842
2147483648
1071810380
2147483648
1071898474
536870912
1071292285
0
1072622112
0
1072204840
3758096384
1071723474
2147483648
1072182505
1073741824
1071338954
2147483648
1066867456
0
1072618845
2684354560
1071461100
1073741824
1072693247
2684354560
68
