Uvec
2226355706
1071525089
1073741824
1072490285
0
1070463395
2147483648
1070275692
2147483648
1059482624
0
1071942251
1610612736
1071747830
3221225472
1071086075
1073741824
1070441584
0
1071341501
1073741824
1072129811
2684354560
1071671576
3221225472
1069502783
0
1072128683
2684354560
1070160996
0
1071880592
2147483648
1063720256
0
1070492666
2147483648
1071229652
0
1071765713
0
1071563633
0
1070939940
1073741824
1072043098
0
1068010714
0
1066095296
0
1072319575
3221225472
1071650608
1073741824
1070618254
3221225472
1072674652
3758096384
1070474882
0
1064975168
0
1071102770
1073741824
1070157485
2147483648
1072431143
1073741824
1072425404
2684354560
1071354550
2147483648
1072589948
2147483648
1070399376
2147483648
1070903256
3221225472
1071765194
2147483648
1071140948
2147483648
1071929836
1073741824
1072041628
1073741824
1067322548
0
1071870090
3221225472
1069912458
0
1072337121
2684354560
1068342988
0
1072179577
1610612736
1072188737
1610612736
1072072759
2147483648
1072176550
1073741824
1069090294
0
1072268933
0
1069277830
0
1071883427
0
1070948573
1073741824
1070984291
3221225472
1069834223
0
1067471178
0
1071357186
2147483648
1069984018
2147483648
1071552293
3221225472
1071548300
0
1072146795
1610612736
1072594371
2684354560
1072444122
0
1071954958
3221225472
1071649480
2147483648
1071117641
2147483648
1071889750
536870912
1072097202
536870912
1071275042
0
1071847696
536870912
1066404208
0
1072180992
3758096384
1071644661
0
1070550661
2147483648
1066933824
0
1070533132
2147483648
1072597512
3221225472
1070712827
2147483648
1072028431
2147483648
1071752877
536870912
1071758974
2147483648
1071754326
536870912
1070863495
2147483648
1068270596
0
1072644705
3758096384
1071396300
2147483648
1072459299
2684354560
1072048354
536870912
1070231565
0
1069547329
0
1072465405
536870912
1072208524
536870912
1071934336
2147483648
1070841716
1073741824
1071461100
1073741824
1072693247
2684354560
70
