Uvec
2226355706
1070573330
0
1065116016
0
1070016520
2147483648
1070584271
2147483648
1071783543
2684354560
1071573507
2147483648
1069894140
2147483648
1072650007
2147483648
1070202326
0
1071085600
0
1070871257
3221225472
1070463643
2147483648
1071880026
3758096384
1071953895
536870912
1072380862
1073741824
1070269084
0
1071893749
2147483648
1071332454
1073741824
1071014591
2147483648
1067496186
0
1070807108
0
1072046008
0
1071710319
2147483648
1071742497
536870912
1063667072
0
1070682795
3221225472
1067208004
0
1067867146
0
1072560086
3221225472
1072370808
1073741824
1072034809
2147483648
1072212373
2147483648
1071230138
2147483648
1071660673
0
1071941225
536870912
1071810383
2684354560
1071180166
2147483648
1067643272
0
1072315264
1073741824
1071375001
1073741824
1072324623
1073741824
1070522356
2147483648
1070738322
3221225472
1072159481
0
1069749416
0
1065924968
0
1072607722
3758096384
1067066300
0
1071884255
3221225472
1072513506
3758096384
1072031668
1610612736
1069301838
0
1071338674
2147483648
1071709882
3221225472
1072192838
3758096384
1068861528
0
1072304257
3758096384
1071351901
0
1069197000
0
1072090142
0
1071235203
2147483648
1067576822
0
1072021512
3221225472
1068830988
0
1072471420
536870912
1071999116
3758096384
1072493124
2147483648
1072231655
0
1071614050
0
1071967204
1610612736
1068627012
0
1072111532
1610612736
1071811874
2147483648
1069583219
0
1072549825
2147483648
1067806858
0
1070652464
0
1072095099
3221225472
1069969277
0
1069072684
0
1070974953
3221225472
1072679272
3221225472
1069542580
0
1070543042
0
1072003473
536870912
1071684577
1073741824
1070992046
0
1070635611
1073741824
1072252514
1073741824
1064655696
0
1065897088
0
1069668027
2147483648
1072519499
536870912
1070759819
1073741824
1068019604
0
1067735704
0
1069676462
0
1072176180
2684354560
1071461100
1073741824
1072693247
2684354560
85
