Uvec
2226355706
1072615576
1073741824
1069114445
0
1072624293
1610612736
1071864619
536870912
1071861944
1610612736
1072657347
1073741824
1072258356
1610612736
1071543473
1073741824
1072343360
2684354560
1071717446
0
1072124234
2684354560
1072221395
536870912
1064555472
0
1070975167
0
1072359625
1073741824
1071592736
1073741824
1072408837
1610612736
1072359616
2147483648
1072453940
3758096384
1071424696
0
1071901790
1073741824
1070867351
1073741824
1070125969
2147483648
1071967812
536870912
1070416082
0
1072420153
3758096384
1071782472
0
1070535453
2147483648
1071935007
0
1071183969
3221225472
1071098243
0
1071052610
1073741824
1072656339
3221225472
1070158938
2147483648
1071738887
0
1068747468
0
1072463050
536870912
1069925214
0
1072666495
3221225472
1071183146
1073741824
1071598906
3221225472
1072184749
3221225472
1071818557
1073741824
1071893786
3221225472
1071571841
1073741824
1070978446
2147483648
1071795162
536870912
1071979212
3221225472
1072473107
0
1071954217
1073741824
1072145822
3758096384
1070401907
0
1072122877
3221225472
1070879838
0
1071848369
2684354560
1072490349
2684354560
1064551552
0
1068728988
0
1067359800
0
1071629690
3221225472
1071243738
0
1071637296
0
1067243540
0
1071747583
1610612736
1069668570
0
1070658873
0
1070628641
3221225472
1070874436
0
1071870873
1073741824
1071722011
1610612736
1071090768
2147483648
1069645950
2147483648
1068704515
0
1072409736
1073741824
1071565351
1073741824
1072670189
0
1071823459
2684354560
1070946202
1073741824
1070855899
3221225472
1072604777
3221225472
1072142461
2147483648
1070646750
2147483648
1069066190
0
1072392791
536870912
1072176438
3758096384
1071752072
0
1070561217
0
1070688846
3221225472
1071669847
0
1068562034
0
1072681523
2147483648
1072020302
0
1066130528
0
1072315763
0
1071169107
2147483648
1072226798
1073741824
1071559674
2147483648
1069726350
0
1071461100
1073741824
1072693247
2684354560
53
