Uvec
2226355706
1070184605
2147483648
1068914033
0
1071929101
3221225472
1071371279
0
1072687182
1073741824
1072359443
3758096384
1071740512
536870912
1070550072
0
1071358490
2147483648
1070244691
0
1069663189
2147483648
1068901714
0
1071459020
2147483648
1066853904
0
1072093208
1610612736
1072433417
536870912
1072073284
536870912
1072377901
1073741824
1071361147
2147483648
1071401096
1073741824
1071884786
2147483648
1071896704
0
1071708109
1610612736
1071997671
0
1072407447
1610612736
1070558746
0
1072010154
536870912
1071898710
2147483648
1071984313
2684354560
1071932588
1073741824
1072594766
536870912
1072267746
1610612736
1072160830
2684354560
1071865876
536870912
1068726155
0
1071992355
3758096384
1071677788
3758096384
1072066307
3758096384
1071535750
1073741824
1072510235
3221225472
1071240075
3221225472
1071302792
3221225472
1071635995
1073741824
1070425298
2147483648
1071395251
1073741824
1072070825
536870912
1071141463
3221225472
1070962853
2147483648
1071114585
3221225472
1071404401
0
1070143424
2147483648
1072453117
2147483648
1072004635
2684354560
1071470862
2147483648
1072161545
3221225472
1071958641
536870912
1072027425
2684354560
1072041138
536870912
1071658896
1073741824
1066617920
0
1072032860
0
1072104901
2684354560
1072028172
3221225472
1072537744
2684354560
1068038986
0
1071024004
2147483648
1072682172
2684354560
1071902924
0
1071455437
1073741824
1072546191
2147483648
1071124013
0
1068217034
0
1071694782
1610612736
1072169801
1610612736
1071981842
3221225472
1066931676
0
1071888701
3221225472
1072487249
1073741824
1071366511
1073741824
1071059415
2147483648
1070984303
3221225472
1069514060
0
1068527285
0
1069821514
0
1069847492
2147483648
1072530574
0
1072006913
2684354560
1071693599
1073741824
1065461048
0
1071561737
1073741824
1071923194
1073741824
1072153099
2147483648
1071352912
3221225472
1071904655
2147483648
1072589248
1073741824
1070323997
2147483648
1071328395
1073741824
1071929032
3758096384
1071461100
1073741824
1072693247
2684354560
75
