Uvec
2226355706
1071761093
3758096384
1071688404
2684354560
1071100994
0
1072150081
2684354560
1070307707
0
1067096516
0
1068894898
0
1070874313
0
1072224744
3758096384
1072538684
1610612736
1071894179
1073741824
1072316822
0
1072500045
2684354560
1072186097
0
1071711449
2147483648
1071941861
3758096384
1071989600
2684354560
1072129282
3221225472
1072442982
3758096384
1071927135
3221225472
1071945471
536870912
1072690688
0
1070215012
2147483648
1070757237
1073741824
1072063845
3758096384
1067769848
0
1071440340
0
1072452117
3758096384
1072472078
2147483648
1068413288
0
1072410450
1073741824
1072471574
2684354560
1072174584
1073741824
1071342374
1073741824
1071571712
1073741824
1071789149
1073741824
1068816767
0
1072605813
3221225472
1072143221
3221225472
1071993165
536870912
1065769624
0
1071485541
0
1070522230
0
1070681687
2147483648
1072210100
2684354560
1072063036
536870912
1068492484
0
1072692611
1610612736
1071713682
0
1072389024
3758096384
1070109906
0
1071873378
2684354560
1070869284
3221225472
1068752013
0
1072041244
1610612736
1072416462
3758096384
1071647354
1610612736
1071990892
2684354560
1071746611
1073741824
1070975788
3221225472
1069283559
0
1069553178
0
1071407828
1073741824
1070920665
3221225472
1071742970
1610612736
1072121455
3221225472
1070235619
2147483648
1068692876
0
1068688939
0
1070738779
0
1069263273
0
1072300450
2147483648
1071973338
1073741824
1070205475
0
1071411079
2147483648
1072611159
0
1072430026
3221225472
1072689071
1610612736
1070194607
2147483648
1072240871
2147483648
1072245367
1610612736
1071694906
3758096384
1071235171
3221225472
1070097833
0
1070413590
2147483648
1071947146
1610612736
1070829557
0
1071272184
2147483648
1072155748
3758096384
1071480381
1073741824
1072325124
3221225472
1072279545
3758096384
1071649083
2147483648
1066991956
0
1071318874
2147483648
1072248251
3221225472
1071255304
3221225472
1071663548
536870912
1071461100
1073741824
1072693247
2684354560
60
