Uvec
2226355706
1068023150
0
1070065228
0
1070956043
2147483648
1070164648
0
1072217163
3758096384
1070469632
2147483648
1072299902
3221225472
1071150537
3221225472
1071060525
2147483648
1072566679
1073741824
1068730397
0
1072582368
0
1071129478
2147483648
1071770819
1610612736
1072123906
1073741824
1071040407
0
1072019314
3221225472
1068259626
0
1071910449
1610612736
1071736734
1610612736
1071828499
1610612736
1072123022
1610612736
1071002434
0
1072317714
1610612736
1072585148
536870912
1070684519
2147483648
1070599662
0
1070964426
3221225472
1069572248
2147483648
1072060410
1610612736
1072131060
536870912
1071872940
1073741824
1071808722
3758096384
1070412793
0
1070914848
0
1072658271
0
1067999074
0
1072432349
1073741824
1072385679
1610612736
1071969605
2684354560
1070536012
2147483648
1071150338
1073741824
1072625480
1610612736
1072294338
3221225472
1072316756
0
1072229465
2147483648
1071644999
536870912
1070658415
0
1070735925
2147483648
1072683642
536870912
1071416795
1073741824
1071855987
1610612736
1072297209
536870912
1072029184
0
1071964576
536870912
1072221526
2684354560
1071526855
1073741824
1070835041
0
1072692525
3758096384
1072557394
1610612736
1071446769
3221225472
1072684054
536870912
1068989990
0
1072686795
536870912
1070764504
3221225472
1072275141
1610612736
1071301783
1073741824
1070284135
0
1071195583
1073741824
1071121122
1073741824
1072003427
3758096384
1071795688
3221225472
1068275700
0
1072024439
2684354560
1070366345
2147483648
1070654048
2147483648
1065433712
0
1071446480
1073741824
1071012018
1073741824
1072498318
2684354560
1072064660
536870912
1070642410
2147483648
1072531707
1610612736
1072611734
1610612736
1072298731
2147483648
1067753082
0
1070240933
2147483648
1072213359
3221225472
1071291949
2147483648
1071782231
2684354560
1068770198
0
1071300146
3221225472
1071776146
3221225472
1071300935
1073741824
1070786960
1073741824
1072037393
2684354560
1070677664
3221225472
1071720101
1610612736
1071461100
1073741824
1072693247
2684354560
12
