Uvec
2226355706
1071767154
1610612736
1070905325
2147483648
1068095210
0
1072301287
0
1071141034
1073741824
1067352288
0
1071867017
536870912
1071212696
2147483648
1069571874
2147483648
1068068974
0
1068603263
0
1071778802
2684354560
1071543229
3221225472
1069269649
0
1070837197
0
1071211769
0
1071602095
2147483648
1072314911
0
1071322006
0
1071485358
0
1072094055
2684354560
1071185922
3221225472
1071687536
2147483648
1069827216
2147483648
1071719808
1073741824
1069730909
2147483648
1070112365
0
1071844359
2147483648
1071412035
3221225472
1071301020
2147483648
1072499078
1610612736
1072405370
2684354560
1071973934
1073741824
1069697994
2147483648
1071708245
536870912
1071935820
3758096384
1071813950
1073741824
1070992590
3221225472
1068592892
0
1072514557
3758096384
1072004353
1073741824
1072373676
2147483648
1071334946
1073741824
1071016303
0
1071608433
3221225472
1072440605
536870912
1070850799
3221225472
1072562472
1073741824
1069920560
2147483648
1071694497
1610612736
1070451335
0
1071813614
1073741824
1071589131
0
1069288620
0
1070800958
3221225472
1072408717
2684354560
1068623294
0
1068668816
0
1072139847
0
1071397761
0
1071605440
3221225472
1068725899
0
1071083989
3221225472
1072492585
1610612736
1072096653
3758096384
1072332994
2147483648
1072315551
2147483648
1072060604
3221225472
1069985838
0
1070901676
1073741824
1072288425
0
1063085632
0
1071991926
2147483648
1068365950
0
1071597947
1073741824
1072422683
2684354560
1070544123
0
1072647412
536870912
1071989416
3221225472
1072274208
1073741824
1072058937
1073741824
1069631971
2147483648
1072379011
2147483648
1071745552
3221225472
1071379989
0
1071907447
1610612736
1072442044
3758096384
1070652278
1073741824
1069664357
0
1070281360
2147483648
1072195085
3221225472
1072289714
1073741824
1072434855
1610612736
1072412689
536870912
1071356347
0
1069589738
0
1072041591
3221225472
1067523670
0
1071461100
1073741824
1072693247
2684354560
69
