Uvec
2226355706
1072087417
2684354560
1071968363
3758096384
1069946503
2147483648
1070692637
2147483648
1072292263
3758096384
1070912435
2147483648
1072680271
3758096384
1072640565
0
1065075744
0
1071532191
0
1072393581
3758096384
1071755817
1073741824
1071393732
1073741824
1072137464
1073741824
1072634350
2684354560
1064032864
0
1070044758
0
1068373746
0
1069420797
0
1072257664
0
1071822566
1610612736
1072367221
2684354560
1069031291
0
1070012174
2147483648
1072136347
3758096384
1070937122
3221225472
1071682282
1073741824
1072217746
2684354560
1070951804
3221225472
1071876320
3758096384
1071443291
3221225472
1071982887
1073741824
1071198188
2147483648
1072146146
1073741824
1069788237
0
1070082840
0
1070464961
0
1071546829
2147483648
1071968067
2684354560
1070125383
0
1071629799
1073741824
1069837135
2147483648
1072228054
1610612736
1071965629
3221225472
1070572503
0
1071264251
2147483648
1072022424
2147483648
1071554745
2147483648
1071892008
3221225472
1072569073
1610612736
1070585642
0
1071770972
536870912
1072248594
3758096384
1072371028
1073741824
1070098851
0
1070925372
1073741824
1069585725
2147483648
1072494440
1610612736
1070229314
2147483648
1069799445
0
1072420449
1610612736
1070279144
2147483648
1071730060
0
1071855238
536870912
1072161660
2147483648
1072527558
2147483648
1067727724
0
1072211133
3221225472
1072436625
1073741824
1072339468
2684354560
1071995833
3221225472
1071957640
0
1070833897
3221225472
1072474716
536870912
1072114232
1073741824
1072383533
1073741824
1070669426
1073741824
1072227813
1073741824
1071658445
3758096384
1072485180
3758096384
1072128471
3221225472
1069885788
2147483648
1070269653
2147483648
1067433336
0
1068231608
0
1072205395
2147483648
1071877693
2147483648
1069643995
2147483648
1072303555
2684354560
1072430763
1610612736
1070896847
1073741824
1071815510
1610612736
1071679770
2147483648
1072475427
1073741824
1072297826
3221225472
1070436201
2147483648
1070318129
0
1069850681
0
1071461100
1073741824
1072693247
2684354560
46
