Uvec
2226355706
1070836827
2147483648
1071568555
2147483648
1071663552
1610612736
1072040150
2147483648
1069623039
2147483648
1071936626
536870912
1071771701
1610612736
1072587675
1073741824
1072614783
2684354560
1072141191
1610612736
1072222747
536870912
1072169792
2147483648
1066871972
0
1072376706
2147483648
1070924753
3221225472
1070252553
0
1071679518
2684354560
1072640865
3221225472
1071725829
3221225472
1066515252
0
1071985831
3221225472
1071509467
1073741824
1071750713
3758096384
1070075460
0
1072500770
1073741824
1071150467
3221225472
1072285519
0
1069995490
2147483648
1071647975
1073741824
1068784124
0
1068723376
0
1071082264
3221225472
1071201751
0
1070773254
1073741824
1071702930
0
1072430123
2684354560
1072084134
2684354560
1071887013
1610612736
1071727554
0
1072395739
536870912
1071901650
3758096384
1072605481
1610612736
1072134503
536870912
1070987782
0
1072561061
536870912
1072135635
1610612736
1071399547
2147483648
1072321047
2684354560
1070800223
2147483648
1071745715
2684354560
1069284836
0
1067968820
0
1072379540
3758096384
1071363097
1073741824
1070638228
1073741824
1072156523
0
1072231615
3758096384
1071083114
0
1072212354
1610612736
1072359643
536870912
1067602750
0
1070404216
2147483648
1071867026
2147483648
1071921711
2684354560
1070606319
1073741824
1065385928
0
1071152086
0
1071195472
0
1071952913
2147483648
1072181334
3221225472
1071201536
3221225472
1072438167
536870912
1072660362
536870912
1071092123
1073741824
1071753214
3221225472
1068704032
0
1072671804
536870912
1071454000
3221225472
1071166094
0
1072590645
2684354560
1072419304
3221225472
1071214919
0
1069984617
2147483648
1071686957
1073741824
1072395038
2147483648
1065953528
0
1071912931
3221225472
1072213860
3758096384
1071852871
1073741824
1071075923
1073741824
1069507841
0
1072387452
2147483648
1071935935
3758096384
1069267369
0
1071164815
3221225472
1072203200
0
1070358133
2147483648
1071826207
1073741824
1071461100
1073741824
1072693247
2684354560
42
