Uvec
2226355706
1071675576
536870912
1068409728
0
1068311296
0
1072245473
3221225472
1068543276
0
1072112359
1073741824
1072187998
2147483648
1072099317
1610612736
1071680766
2684354560
1072581803
2684354560
1070474714
2147483648
1071782820
1073741824
1071590364
1073741824
1072189640
2147483648
1069307542
0
1071718387
2147483648
1072454316
536870912
1071761858
2684354560
1069754979
0
1070927827
1073741824
1070395565
2147483648
1070980524
2147483648
1070620429
0
1071911541
3758096384
1072394114
1073741824
1072612602
3758096384
1071239655
2147483648
1071707845
3758096384
1071727322
3758096384
1072416031
3221225472
1071151152
3221225472
1071964347
1610612736
1068360036
0
1072482537
1610612736
1072114655
2147483648
1070923994
1073741824
1070155206
2147483648
1071869587
3221225472
1072497289
2147483648
1071282394
1073741824
1072447747
1073741824
1072216677
0
1070014783
0
1071075822
2147483648
1072417806
536870912
1072424264
2684354560
1071763546
1073741824
1070812138
1073741824
1072264785
1073741824
1071607916
1073741824
1070758285
3221225472
1071461824
0
1070526572
2147483648
1072154176
2147483648
1071416749
3221225472
1071958206
2147483648
1071725787
0
1071632203
1073741824
1070161608
2147483648
1070930770
0
1072055515
1073741824
1072507201
2684354560
1071721468
0
1070551037
2147483648
1072600252
2147483648
1071257968
2147483648
1072211799
2147483648
1071252941
2147483648
1070693755
2147483648
1071521622
3221225472
1069702445
0
1072455045
1610612736
1072478454
0
1071744813
2684354560
1072194044
3758096384
1070684848
1073741824
1072148443
536870912
1069895116
2147483648
1071827916
0
1070539745
0
1071732636
1073741824
1070746116
2147483648
1067660662
0
1070404864
2147483648
1070930321
0
1071149895
3221225472
1072243968
2147483648
1072120397
1073741824
1072613557
1610612736
1072306963
1073741824
1071814514
3758096384
1071816102
1073741824
1071813050
1610612736
1069828232
0
1072025315
2684354560
1071893301
2684354560
1071896607
1073741824
1071717529
1073741824
1071461100
1073741824
1072693247
2684354560
73
