Uvec
2226355706
1072326675
2147483648
1070744713
2147483648
1072280187
2684354560
1068551593
0
1071316448
0
1071060481
0
1072670349
3758096384
1071811184
1610612736
1068251942
0
1072312449
2147483648
1072470591
1610612736
1071819458
536870912
1071361839
1073741824
1067087112
0
1070323438
0
1071589612
0
1071482840
1073741824
1071892944
2147483648
1067468632
0
1071537650
2147483648
1072078935
536870912
1071787609
3758096384
1069875567
2147483648
1065253920
0
1068828023
0
1067843096
0
1072646432
1073741824
1070240195
2147483648
1072238684
3221225472
1071099073
1073741824
1071901020
1073741824
1070680407
2147483648
1072339807
0
1071369942
0
1072681183
3758096384
1071502458
1073741824
1072054589
536870912
1072513499
536870912
1068243822
0
1071350719
3221225472
1069498125
0
1072320199
0
1071202354
1073741824
1071867294
3758096384
1069890242
0
1070305889
0
1069616321
2147483648
1072478965
536870912
1072347701
3758096384
1071058399
1073741824
1070384979
0
1070740125
3221225472
1072059355
2147483648
1072258863
536870912
1072512502
2147483648
1072566085
1073741824
1070689269
1073741824
1072639660
3221225472
1071575657
0
1070776050
1073741824
1072155181
2147483648
1070616658
2147483648
1072688296
1610612736
1068347548
0
1070340427
0
1069769270
0
1070649025
2147483648
1072304185
3221225472
1071554092
2147483648
1070619438
1073741824
1071107856
0
1071454026
2147483648
1072250850
2147483648
1071532976
1073741824
1069603205
0
1071914918
0
1072048156
3221225472
1072410289
2147483648
1072058495
1073741824
1071858070
3758096384
1072554695
0
1072145549
1073741824
1072581156
2147483648
1069318092
0
1072383814
536870912
1072282369
536870912
1067484686
0
1071900439
2684354560
1069516204
0
1069944845
2147483648
1071517980
0
1071812093
3758096384
1070116001
0
1068629145
0
1069131707
0
1072487223
1073741824
1071041885
0
1072453140
3221225472
1071461100
1073741824
1072693247
2684354560
36
