Uvec
2226355706
1072401701
536870912
1071946586
1073741824
1072433834
3758096384
1067812106
0
1071006856
0
1067265992
0
1071104869
2147483648
1071825623
2684354560
1072438692
2147483648
1070960503
2147483648
1070985238
2147483648
1072484130
1073741824
1070529852
2147483648
1072377742
0
1069050160
0
1071612119
2147483648
1072234273
536870912
1068664964
0
1072293751
0
1069795049
2147483648
1068019950
0
1070514979
0
1070768938
3221225472
1072082020
2684354560
1069421854
0
1071861342
3221225472
1071898731
1610612736
1072158906
3758096384
1071417629
1073741824
1071934668
536870912
1072529704
536870912
1072051453
2147483648
1071687946
0
1072670194
2147483648
1071892927
0
1070927332
0
1072081552
0
1072036201
3758096384
1071534035
1073741824
1071030851
1073741824
1068897850
0
1070199505
2147483648
1070041008
0
1071865531
3758096384
1071165994
2147483648
1071740188
3221225472
1072173846
0
1072038239
2147483648
1071365826
0
1072513105
1073741824
1072553276
1073741824
1071159187
0
1072445106
2684354560
1068598413
0
1070806154
0
1072078776
2147483648
1068230338
0
1072284099
3758096384
1070570440
0
1072580009
1073741824
1071660300
2684354560
1071644107
3221225472
1068404918
0
1071490314
2147483648
1072617845
3758096384
1072382948
1073741824
1069848783
0
1072024039
1610612736
1071289378
0
1071063501
1073741824
1071967670
536870912
1072603944
0
1071349070
3221225472
1068102330
0
1072682824
1610612736
1072075844
2147483648
1071801683
1073741824
1070948306
2147483648
1070630655
1073741824
1072363923
0
1072342369
1610612736
1072595255
2147483648
1071553276
0
1071415732
0
1071721772
2684354560
1071856031
3758096384
1070158192
2147483648
1072460466
3758096384
1071804307
3221225472
1064667584
0
1072214461
536870912
1071898753
2684354560
1070251690
2147483648
1068551322
0
1070905308
0
1072185345
3758096384
1070391016
0
1072018905
3758096384
1071461100
1073741824
1072693247
2684354560
38
