Uvec
2226355706
1071666099
3758096384
1070102157
0
1072327901
2684354560
1070844993
0
1070651852
2147483648
1071576432
2147483648
1072115650
2684354560
1072654896
2684354560
1072093828
2147483648
1072042011
1610612736
1071122875
3221225472
1070244215
0
1071876043
3221225472
1072603678
2147483648
1071736680
2147483648
1070035666
2147483648
1070907619
2147483648
1071915847
3221225472
1072072685
3221225472
1071656654
3221225472
1071298965
0
1071675757
1610612736
1072635523
2684354560
1071700214
536870912
1070596345
0
1071712957
3758096384
1071151399
1073741824
1072099948
3758096384
1070900932
2147483648
1070031756
0
1071785084
3221225472
1068565181
0
1070847603
1073741824
1071712938
1073741824
1068187268
0
1071722656
1610612736
1072299953
1610612736
1072062742
536870912
1072307089
3758096384
1069737071
0
1069977152
2147483648
1071773876
2147483648
1071742137
2684354560
1072016974
3221225472
1071645775
536870912
1069941368
0
1071759039
0
1071711708
1073741824
1070471545
0
1071881193
3221225472
1066620632
0
1071768823
2684354560
1072625543
2684354560
1072286492
1610612736
1071850366
2147483648
1070308336
2147483648
1064147936
0
1072414469
3221225472
1069828523
2147483648
1071950877
1610612736
1071862920
3221225472
1070033493
0
1069894163
0
1072468502
2147483648
1072277466
3221225472
1071833468
1073741824
1072574238
2684354560
1072490078
1610612736
1070817990
3221225472
1068717011
0
1072392510
0
1071875174
2684354560
1067721278
0
1069320628
0
1072397615
536870912
1070631558
3221225472
1072063586
1073741824
1071760777
3221225472
1072331507
3758096384
1072104939
0
1072351726
0
1070945441
0
1069287098
0
1071927925
536870912
1072244401
3221225472
1063261024
0
1071721384
3758096384
1072077666
2147483648
1063688192
0
1071806325
3758096384
1072035391
0
1072055180
2147483648
1071673828
1610612736
1070817886
2147483648
1069104829
0
1070800815
2147483648
1071800884
1610612736
1071502968
0
1071461100
1073741824
1072693247
2684354560
71
