Uvec
2226355706
1071307885
1073741824
1071851592
2147483648
1070194034
0
1068069432
0
1064877968
0
1072442677
536870912
1066867456
0
1071487755
2147483648
1072473451
1073741824
1072171775
536870912
1068730913
0
1072383536
1610612736
1072662756
0
1072050581
0
1065044000
0
1071910882
3758096384
1070572149
2147483648
1071279851
0
1071924491
3221225472
1072536708
2684354560
1072109238
3221225472
1070586174
2147483648
1072444550
3758096384
1066420500
0
1068355746
0
1072413848
536870912
1072589427
536870912
1068929216
0
1072204103
2684354560
1068646299
0
1072416151
2147483648
1069168113
0
1071812612
1073741824
1071991272
0
1072110732
1073741824
1070646604
0
1072035880
3758096384
1072085309
536870912
1071270102
2147483648
1072035097
536870912
1069896126
0
1072581761
536870912
1072400011
0
1071324620
2147483648
1070758497
0
1071574279
0
1070423403
2147483648
1071700688
2684354560
1071632482
1073741824
1071902502
1610612736
1070374012
2147483648
1071988506
3221225472
1072088715
3758096384
1072299880
1610612736
1072132963
0
1071600257
0
1072543490
1610612736
1066086296
0
1069065787
0
1072652841
2147483648
1071757640
1610612736
1072393678
0
1069850437
0
1071810086
3221225472
1071663344
1073741824
1072182970
3758096384
1071992347
2684354560
1071941563
3221225472
1071841688
536870912
1070627006
3221225472
1071365356
0
1071845709
536870912
1071894212
1073741824
1072246836
0
1069363494
0
1072373183
0
1070753397
3221225472
1072280769
3758096384
1071920103
0
1071969229
2684354560
1070763431
2147483648
1071663491
2147483648
1068916517
0
1069730167
0
1071960353
536870912
1071647911
536870912
1069641344
2147483648
1072037800
3221225472
1069598411
2147483648
1072608234
2147483648
1071749439
2684354560
1072263267
3758096384
1072405960
3221225472
1072639154
3758096384
1069574009
0
1068861188
0
1072347542
2684354560
1070762301
0
1071461100
1073741824
1072693247
2684354560
92
