Uvec
2226355706
1067621984
0
1071447736
1073741824
1070810085
2147483648
1066544188
0
1072093319
1610612736
1071627064
2147483648
1072353978
0
1070018932
0
1071987895
2684354560
1069788264
0
1072635756
2684354560
1072463847
536870912
1071283189
0
1071887098
1073741824
1072112327
1610612736
1071284006
3221225472
1072574656
0
1071693351
1610612736
1072339983
1610612736
1071049864
3221225472
1070025366
0
1071840753
3221225472
1072591648
1073741824
1071853809
3221225472
1070632504
3221225472
1072361046
0
1071129414
3221225472
1068887760
0
1070012256
0
1070138085
2147483648
1072066862
1610612736
1072526580
3758096384
1071825191
3221225472
1070895192
2147483648
1070438822
2147483648
1072679065
1073741824
1072395917
1073741824
1072536548
536870912
1071986269
1073741824
1070801404
3221225472
1072048870
0
1072482152
1073741824
1065863096
0
1069892028
2147483648
1070890368
1073741824
1071716156
3758096384
1072640110
1073741824
1072421729
3758096384
1070756616
3221225472
1072114639
536870912
1071384428
0
1064328912
0
1071646317
3221225472
1069928809
2147483648
1070272044
0
1069908267
0
1069159546
0
1068892391
0
1071871480
0
1072167009
2684354560
1072194716
1073741824
1072556286
1073741824
1072311794
2147483648
1072399611
536870912
1071765580
1610612736
1072477900
536870912
1071426388
0
1072673651
1610612736
1071884543
1073741824
1071814113
2684354560
1072321852
2684354560
1072150923
0
1068888709
0
1071874321
1073741824
1071645221
2147483648
1070265504
0
1071959180
2147483648
1072090641
2684354560
1072312637
1610612736
1072337882
536870912
1070594044
2147483648
1072420914
3221225472
1072243060
536870912
1070883502
0
1072003221
1073741824
1071726026
1610612736
1071404623
1073741824
1070887720
1073741824
1070790126
2147483648
1071091772
2147483648
1072574548
1610612736
1071904549
2147483648
1068003894
0
1070109941
0
1071806932
1073741824
1072426431
2147483648
1072597777
1610612736
1071939927
1073741824
1071461100
1073741824
1072693247
2684354560
74
