Uvec
2226355706
1069831566
0
1069848946
0
1072447662
3221225472
1071695887
536870912
1072676063
1610612736
1072410530
2684354560
1070751831
1073741824
1072241330
1610612736
1071991767
2684354560
1069674347
0
1071249617
3221225472
1070739277
3221225472
1069883123
0
1066027272
0
1072316648
1610612736
1069451773
0
1070901660
1073741824
1072330206
3758096384
1072445959
0
1071232446
1073741824
1072391259
0
1071685780
2684354560
1072033701
2684354560
1072221643
3758096384
1072282865
1073741824
1072593784
536870912
1069127216
0
1070166790
2147483648
1072164678
1073741824
1072114839
0
1071353026
0
1071001997
3221225472
1072074859
2147483648
1071815327
3221225472
1071641017
1073741824
1072566620
0
1067046748
0
1068884232
0
1071118471
3221225472
1071762310
2684354560
1070992330
1073741824
1067637046
0
1072074843
1610612736
1072029040
2147483648
1071822564
0
1072100536
1073741824
1070631748
2147483648
1070843805
1073741824
1066141216
0
1071425101
1073741824
1071973183
0
1070187557
0
1071779435
536870912
1072142651
536870912
1071802163
2147483648
1070771664
2147483648
1072530333
2684354560
1071713329
3221225472
1072688750
1073741824
1072109746
2147483648
1069615051
2147483648
1072295075
3221225472
1071845169
1073741824
1072655446
2684354560
1071888087
2684354560
1070048859
2147483648
1072469743
1610612736
1072604684
0
1064515424
0
1071488615
2147483648
1072257276
0
1071342083
0
1072063759
3221225472
1072638129
3758096384
1069129340
0
1071866307
536870912
1072444109
1610612736
1071346438
1073741824
1070692471
0
1072099817
1610612736
1072274385
2147483648
1070846245
2147483648
1069686256
0
1071836261
1073741824
1072258428
3758096384
1070987759
2147483648
1072549375
536870912
1067666142
0
1064877456
0
1072521590
0
1071817261
3221225472
1071448398
1073741824
1072210185
3758096384
1070531871
0
1070830587
2147483648
1072364231
2147483648
1072324920
3221225472
1070171215
0
1071461100
1073741824
1072693247
2684354560
60
