Uvec
2226355706
1071982180
1073741824
1071303583
3221225472
1067754928
0
1070238744
2147483648
1071614443
2147483648
1071841363
1073741824
1072471628
0
1067349848
0
1071122503
0
1071455386
0
1067066228
0
1071897334
3221225472
1070216582
0
1072616598
1073741824
1071665294
2684354560
1072133187
0
1072166892
2684354560
1069691456
0
1072682724
1610612736
1069878309
2147483648
1072115284
2147483648
1067567842
0
1071925841
1073741824
1071952898
3758096384
1071158487
0
1068777148
0
1071687450
1073741824
1067273452
0
1072199617
536870912
1072672986
2147483648
1070818781
0
1071921556
3758096384
1072240074
3221225472
1072381572
2684354560
1071104673
1073741824
1072637138
1073741824
1071390035
3221225472
1070425774
2147483648
1072551394
2147483648
1068722398
0
1072023127
1610612736
1070090747
2147483648
1071152003
3221225472
1072279550
1610612736
1070127609
0
1070615169
1073741824
1072357401
536870912
1071731029
3221225472
1072596833
2684354560
1071382697
0
1071916658
0
1071648624
0
1069708578
2147483648
1071389955
0
1072152451
1610612736
1071963694
2147483648
1070862451
2147483648
1069471808
0
1071544335
1073741824
1071844298
2684354560
1070873252
2147483648
1071623386
1073741824
1070728917
3221225472
1071165763
1073741824
1072436480
1610612736
1069855249
2147483648
1072619784
1073741824
1072061571
1073741824
1066676920
0
1072528654
0
1072310646
1073741824
1072111090
536870912
1071815237
3221225472
1072291140
2147483648
1068607857
0
1072273640
2684354560
1072493490
2684354560
1071340920
1073741824
1072100416
3221225472
1071193097
3221225472
1072662920
2684354560
1072216254
3758096384
1072096990
2684354560
1071228571
0
1072066571
1073741824
1071317135
0
1072167760
3758096384
1068272408
0
1071129451
1073741824
1072103901
1610612736
1071110058
2147483648
1071227278
2147483648
1071897894
0
1072180973
2147483648
1071586459
2147483648
1072348644
2684354560
1071511509
0
1068925164
0
1071461100
1073741824
1072693247
2684354560
7
