Uvec
2226355706
1072596828
2684354560
1072281896
0
1071816276
536870912
1071325082
3221225472
1071602959
2147483648
1072584874
2684354560
1072684859
2684354560
1071784223
1610612736
1071744620
3221225472
1068096206
0
1072418522
1610612736
1071820040
3758096384
1069702063
0
1067406408
0
1071236119
3221225472
1067537134
0
1071398114
3221225472
1069298724
0
1066626016
0
1072471283
2684354560
1065776712
0
1072660391
1610612736
1072308897
3758096384
1070752123
2147483648
1069694754
0
1072513400
536870912
1069005935
0
1069187227
0
1072217465
1610612736
1071579058
0
1071487762
3221225472
1071778221
1073741824
1071332473
1073741824
1072097142
3221225472
1072685320
1610612736
1070883021
1073741824
1071966810
3758096384
1072525791
3221225472
1069582189
0
1071980679
0
1070824476
3221225472
1070836239
1073741824
1070494425
2147483648
1072106746
536870912
1072504282
2147483648
1071703621
3758096384
1072132604
536870912
1070999398
3221225472
1072460673
1610612736
1071982565
1073741824
1072285493
1610612736
1072503775
1073741824
1071053217
2147483648
1069838790
2147483648
1070016896
0
1071119479
3221225472
1072680069
1610612736
1070178219
0
1072364713
3758096384
1071408077
1073741824
1071021416
2147483648
1072297861
2684354560
1071825564
536870912
1071359265
3221225472
1065666952
0
1071363642
1073741824
1072585274
536870912
1071737337
0
1070893264
0
1071723512
1610612736
1069598344
0
1069918279
2147483648
1072649012
2147483648
1070671068
0
1072264213
536870912
1071863940
536870912
1068998451
0
1071057245
2147483648
1069834897
0
1072654422
0
1072008480
536870912
1067777114
0
1072186923
536870912
1071820194
3221225472
1072488303
2684354560
1072056188
2147483648
1071395825
1073741824
1071702446
2684354560
1072159979
3221225472
1071924299
2147483648
1072251193
0
1071706467
0
1069638257
2147483648
1071844552
536870912
1072568073
0
1071716541
2147483648
1066730648
0
1071999756
3758096384
1071461100
1073741824
1072693247
2684354560
73
