Uvec
2226355706
1068149478
0
1071553050
1073741824
1071515562
3221225472
1071719412
2147483648
1072079172
0
1067922750
0
1072055462
0
1072262624
2684354560
1071041676
0
1071751864
1610612736
1070092298
0
1071974215
2147483648
1071660356
1610612736
1070890730
0
1071646735
3758096384
1070762328
0
1072540334
3758096384
1069349781
0
1069920370
2147483648
1071685375
2684354560
1071837052
1073741824
1071827355
3758096384
1071318317
0
1072683513
2684354560
1071938923
3221225472
1072214772
536870912
1072373909
3758096384
1070004981
0
1071902538
3758096384
1071472570
0
1071903161
3758096384
1071480998
3221225472
1071876804
2147483648
1072621388
2147483648
1071860156
1610612736
1067975570
0
1072257009
0
1071371932
2147483648
1071364522
2147483648
1071903237
1073741824
1072539515
1073741824
1070922511
2147483648
1069041745
0
1072469971
2684354560
1071375246
0
1068709690
0
1072523176
2684354560
1070203972
0
1071986233
3221225472
1070550063
0
1072177912
2147483648
1071937663
1610612736
1071527349
2147483648
1071908452
2684354560
1071664613
0
1071706841
3758096384
1070486216
2147483648
1070812847
3221225472
1071899808
1610612736
1067087512
0
1072428001
1073741824
1071476139
1073741824
1071724029
536870912
1067994502
0
1071065627
0
1072622165
3758096384
1065182768
0
1069656638
0
1071921051
0
1072309063
2684354560
1071257938
1073741824
1072318822
2684354560
1072267422
3221225472
1071766627
3758096384
1070677012
3221225472
1072576733
536870912
1071974333
2147483648
1071014355
2147483648
1068258630
0
1069395151
0
1067127840
0
1068179898
0
1066712440
0
1072233203
3221225472
1072584245
2147483648
1071962191
1610612736
1068754110
0
1071777892
536870912
1069804013
2147483648
1069991077
0
1064013312
0
1068489304
0
1071505260
3221225472
1072187088
0
1071712884
2684354560
1072037582
2684354560
1071975020
0
1072175442
0
1071461100
1073741824
1072693247
2684354560
15
