Uvec
2226355706
1071513463
2147483648
1072100250
1610612736
1070438416
0
1071245986
0
1072457783
1610612736
1072320634
2147483648
1071570448
3221225472
1069720367
2147483648
1071305416
3221225472
1072129729
2684354560
1070790245
3221225472
1072169234
3221225472
1070977141
0
1071810377
1073741824
1072173972
3221225472
1072362674
3221225472
1069775605
2147483648
1071452133
0
1071939235
536870912
1067222596
0
1069612115
0
1068734181
0
1069209055
0
1068754300
0
1069707582
0
1072196772
536870912
1071849163
3221225472
1070805877
3221225472
1068826790
0
1070891539
1073741824
1068340374
0
1071838062
536870912
1071789871
3758096384
1072473295
0
1069886542
0
1072553956
536870912
1072688338
2684354560
1069304555
0
1071628211
1073741824
1070719684
0
1072633456
1073741824
1072566521
1073741824
1071294279
0
1072240888
2147483648
1072180110
3758096384
1069659226
2147483648
1069215996
0
1071018395
3221225472
1069913911
0
1071679251
2684354560
1072418985
1610612736
1071781333
1073741824
1072515184
3221225472
1072597583
1610612736
1071808669
2684354560
1071471300
1073741824
1071391982
0
1072662866
3221225472
1068513702
0
1070614102
3221225472
1071062079
3221225472
1071381223
3221225472
1071739725
2147483648
1070870063
3221225472
1070942615
2147483648
1070642560
0
1069775606
0
1067622460
0
1070741975
1073741824
1071656904
3758096384
1071441951
1073741824
1070502354
2147483648
1072496110
2684354560
1072202750
3758096384
1071893070
536870912
1072241913
3221225472
1069584835
2147483648
1072051867
3758096384
1068996599
0
1067630144
0
1072076498
1073741824
1072437136
2147483648
1072059029
0
1072495599
536870912
1072165689
2147483648
1072133729
0
1071265724
0
1071715157
3758096384
1071663755
2147483648
1069204274
0
1072306499
1610612736
1071369889
1073741824
1070508659
2147483648
1071735210
1610612736
1072485753
0
1071946780
3758096384
1071405398
1073741824
1070455847
0
1071461100
1073741824
1072693247
2684354560
49
