Uvec
2226355706
1072554412
2147483648
1071922121
2147483648
1068665402
0
1072034876
2684354560
1072677767
3758096384
1070962639
1073741824
1070168332
2147483648
1070337646
2147483648
1071666127
1610612736
1072308669
3758096384
1072608266
1073741824
1071082346
2147483648
1071502029
1073741824
1071241419
0
1070580921
0
1070941475
1073741824
1071893706
2684354560
1072587319
1610612736
1068518487
0
1067920022
0
1070950171
1073741824
1071436089
1073741824
1069654478
2147483648
1071232374
0
1070811506
0
1072017241
0
1072075830
3758096384
1069183723
0
1072263134
0
1072257544
536870912
1072515123
1073741824
1070266559
0
1066979668
0
1071827851
536870912
1072009062
3221225472
1070594951
2147483648
1069596609
2147483648
1070793781
3221225472
1071919515
3221225472
1071891028
2147483648
1072436721
2684354560
1071850405
2147483648
1071720484
2147483648
1070744157
0
1071737057
0
1070760757
1073741824
1071029652
3221225472
1071672719
1610612736
1072493990
3758096384
1071035299
2147483648
1071076831
1073741824
1072347989
0
1071961528
0
1071667050
0
1071325622
1073741824
1069279128
0
1069997306
0
1072507618
2147483648
1072505502
1610612736
1072673598
2147483648
1072382594
3221225472
1070924338
3221225472
1069078485
0
1070413119
2147483648
1072406234
2147483648
1071043059
2147483648
1071355963
3221225472
1072556353
2684354560
1067495434
0
1072323687
3758096384
1071306233
2147483648
1069570202
0
1069659769
2147483648
1072441715
1073741824
1071776582
2147483648
1069660357
2147483648
1072148523
1610612736
1068630784
0
1072188200
2684354560
1070801791
1073741824
1069823428
0
1072240681
1610612736
1071778115
2684354560
1072635579
0
1070640996
2147483648
1070614873
1073741824
1070834801
2147483648
1072640267
2684354560
1069999665
2147483648
1068194430
0
1070645382
1073741824
1070742652
1073741824
1070302375
2147483648
1072130327
1073741824
1067251840
0
1067908786
0
1070728798
2147483648
1072305818
536870912
1071461100
1073741824
1072693247
2684354560
34
