Uvec
2226355706
1069913356
0
1071671868
0
1071586980
3221225472
1072202956
536870912
1071916819
1610612736
1072220867
2684354560
1072432685
1610612736
1071093107
3221225472
1070721474
1073741824
1071762308
2147483648
1067628772
0
1071781948
0
1072501733
1610612736
1071496076
0
1070856769
2147483648
1071969694
2147483648
1071778631
3758096384
1071715513
3221225472
1072672542
3221225472
1070133875
2147483648
1069854843
0
1067731056
0
1072344034
2147483648
1071396647
1073741824
1071594800
2147483648
1071896528
3758096384
1066413320
0
1069164102
0
1071332402
0
1072441269
3221225472
1071907854
3221225472
1072000822
3758096384
1068068776
0
1071899899
536870912
1072508480
2684354560
1070708091
2147483648
1070955353
3221225472
1070734623
1073741824
1072357412
536870912
1070734691
1073741824
1071979476
0
1072167155
2684354560
1070731768
1073741824
1071946950
2147483648
1072642158
2147483648
1069874335
0
1070782725
3221225472
1070647739
2147483648
1072455100
2684354560
1072279197
3221225472
1071088268
1073741824
1070605031
1073741824
1070816281
1073741824
1071657052
2147483648
1072611768
0
1071837337
1073741824
1070004448
0
1072470541
3221225472
1071832215
3758096384
1071869901
2147483648
1071814538
1073741824
1072001531
1610612736
1070774335
1073741824
1072411718
0
1070817789
3221225472
1072418317
2147483648
1071760212
2147483648
1071733113
0
1071578444
2147483648
1072589909
536870912
1070011121
0
1070565305
0
1070258623
2147483648
1072057515
1073741824
1072510598
2684354560
1071561475
2147483648
1072415914
2147483648
1071329125
2147483648
1072319046
2684354560
1071091122
1073741824
1070606404
2147483648
1067532030
0
1069808294
2147483648
1070553686
2147483648
1072089898
3221225472
1067384788
0
1071487377
0
1068809561
0
1071554712
2147483648
1071404244
2147483648
1071833868
2684354560
1071364619
2147483648
1072462614
1073741824
1069356326
0
1071286426
0
1071759160
536870912
1070629154
1073741824
1071900032
2684354560
1071461100
1073741824
1072693247
2684354560
31
