Uvec
2226355706
1071104109
3221225472
1072256632
0
1071870486
3221225472
1072250241
1073741824
1069926114
2147483648
1070489489
2147483648
1072280827
536870912
1072109974
1610612736
1070867933
2147483648
1071847707
1073741824
1071875373
536870912
1068025996
0
1070816203
0
1071381274
2147483648
1072457767
2684354560
1067962528
0
1071725314
0
1072279848
1073741824
1071753640
2147483648
1071769965
1073741824
1071022233
0
1072034532
3758096384
1072682252
1610612736
1072307590
1073741824
1071771451
2684354560
1071522832
1073741824
1071971546
536870912
1070907570
0
1070487221
0
1071564273
0
1072038989
536870912
1069797328
0
1072096740
2147483648
1069802481
0
1071216104
2147483648
1070824103
2147483648
1072296889
2147483648
1071649347
536870912
1072558929
0
1070920098
1073741824
1071691297
1073741824
1072217146
3758096384
1071971218
536870912
1070329830
2147483648
1072543334
1073741824
1069866777
0
1071675886
2147483648
1072590097
536870912
1072443335
0
1066118392
0
1069874963
2147483648
1072130349
0
1071270288
0
1072350460
3221225472
1070322993
2147483648
1070306374
0
1071394078
2147483648
1071823767
1610612736
1068769171
0
1071931817
3758096384
1071028083
3221225472
1071039863
1073741824
1069667278
0
1070079457
0
1071190187
0
1072468944
3221225472
1071581228
0
1067789790
0
1069881794
0
1066546572
0
1069494887
0
1071629540
2147483648
1071674998
0
1071854237
0
1070122069
0
1072687186
1073741824
1072130694
2684354560
1072112824
3221225472
1071258977
1073741824
1070496347
0
1071778317
2147483648
1072080590
3221225472
1071717555
1073741824
1068886360
0
1072023505
536870912
1071128413
2147483648
1070561176
2147483648
1069859337
2147483648
1072480803
1610612736
1072687996
0
1072332303
2147483648
1069940318
2147483648
1071728719
3221225472
1070754299
1073741824
1070552187
0
1071618688
3221225472
1070154782
0
1071721107
2147483648
1071461100
1073741824
1072693247
2684354560
91
