Uvec
2226355706
1072270876
1610612736
1071771168
3221225472
1071731144
0
1070875008
2147483648
1071748962
2147483648
1070955282
2147483648
1072299636
3758096384
1072000889
1073741824
1067297148
0
1068917758
0
1071616028
3221225472
1069516657
0
1067811622
0
1071267247
3221225472
1071268672
3221225472
1070814100
3221225472
1068734660
0
1070825553
3221225472
1071301500
3221225472
1069611711
2147483648
1072407543
1610612736
1071769106
1073741824
1071001696
0
1071678994
536870912
1071757762
2684354560
1072309720
1073741824
1071935695
2684354560
1072623777
0
1070293746
0
1068670465
0
1070668531
0
1072401827
2684354560
1069421764
0
1067357020
0
1068666043
0
1071654539
3221225472
1072540735
3221225472
1072377141
2684354560
1070617285
3221225472
1071640896
0
1072630393
2684354560
1072351029
536870912
1072630982
3221225472
1071215795
2147483648
1071922375
2147483648
1072534848
1073741824
1072389783
1073741824
1069590557
2147483648
1071386944
1073741824
1068962815
0
1072609630
1610612736
1071440030
2147483648
1071791073
2684354560
1070205709
0
1072251751
1073741824
1070311241
0
1070019794
0
1071736525
1073741824
1072039343
2147483648
1072559811
3221225472
1072338412
1073741824
1071286198
0
1072300495
0
1071181547
2147483648
1072595123
3758096384
1071616638
0
1071295960
0
1071591169
3221225472
1072661148
3758096384
1072304251
2684354560
1068036650
0
1072108292
1073741824
1071660617
3221225472
1071935747
2147483648
1071935316
0
1072267078
1073741824
1071324464
3221225472
1071968923
536870912
1072592393
536870912
1066688704
0
1071965426
0
1069638443
2147483648
1071286925
2147483648
1071702866
3221225472
1066764960
0
1069947592
0
1070217796
2147483648
1071940090
3758096384
1066027616
0
1072515289
1610612736
1070015825
0
1071618864
3221225472
1070950602
3221225472
1072265819
1073741824
1071694586
1610612736
1071747635
2147483648
1072094668
3221225472
1069197498
0
1071461100
1073741824
1072693247
2684354560
30
