Uvec
2226355706
1071031766
1073741824
1072380129
1610612736
1072373453
1610612736
1069225647
0
1071139772
0
1072349754
0
1067594762
0
1072262413
1073741824
1070445706
2147483648
1071638175
0
1071309000
1073741824
1069032490
0
1072220685
536870912
1070281718
2147483648
1071878036
2684354560
1070973946
1073741824
1071856868
536870912
1069541041
0
1071239770
3221225472
1069855948
2147483648
1072042854
1073741824
1071715157
2147483648
1069887890
0
1069002876
0
1071760276
2147483648
1072507786
1610612736
1072450883
1610612736
1067824004
0
1070583009
2147483648
1071641299
1073741824
1071502770
2147483648
1069857377
0
1069803116
0
1068742556
0
1072379475
1073741824
1072018964
2684354560
1068992976
0
1071867913
2147483648
1069680818
0
1072139937
536870912
1072147812
3221225472
1070751779
3221225472
1072649716
1073741824
1072366583
2147483648
1072125495
2684354560
1072054812
2684354560
1072240850
1073741824
1071803289
3221225472
1069174085
0
1072129242
3758096384
1071228517
3221225472
1072485068
1073741824
1071986244
1610612736
1072093137
536870912
1069788293
2147483648
1071556591
2147483648
1069777866
2147483648
1070051851
2147483648
1072415327
536870912
1070420040
2147483648
1071315007
1073741824
1071996155
2147483648
1071382118
0
1071519790
2147483648
1067452678
0
1070311295
0
1071499640
1073741824
1072406138
1073741824
1072351896
2684354560
1070982804
1073741824
1070665608
3221225472
1070983168
2147483648
1072088131
1610612736
1072351632
3221225472
1070918050
1073741824
1060893952
0
1072340741
3758096384
1072011663
2147483648
1072001434
536870912
1072425947
2684354560
1070882510
0
1067658232
0
1072533219
1073741824
1071480478
2147483648
1066953336
0
1070723197
2147483648
1072323383
1073741824
1071693575
3221225472
1071104624
3221225472
1069540276
0
1071558444
1073741824
1072383083
2147483648
1072586697
1610612736
1070392013
2147483648
1072686852
0
1071798277
3758096384
1071256743
2147483648
1070310135
0
1071461100
1073741824
1072693247
2684354560
70
