Uvec
2226355706
1069277441
0
1072557912
2684354560
1072469080
0
1072520153
2684354560
1070664757
1073741824
1072515910
2147483648
1071816539
536870912
1070993415
2147483648
1071963239
0
1071795725
2147483648
1069608948
2147483648
1071961584
3221225472
1069607602
0
1070995720
1073741824
1070816054
2147483648
1072587733
2147483648
1070416892
2147483648
1071880007
0
1070979640
3221225472
1072112523
2684354560
1071648919
3221225472
1071599516
2147483648
1071819560
1073741824
1071475183
3221225472
1071069357
3221225472
1072677726
2684354560
1072579063
1073741824
1071995088
2684354560
1072324024
536870912
1070113239
2147483648
1069461778
0
1067018392
0
1070671638
2147483648
1072008634
1610612736
1072492821
3758096384
1071211318
0
1071249909
1073741824
1069846486
2147483648
1072460397
1610612736
1068998283
0
1069874213
2147483648
1070599111
0
1071329520
2147483648
1070824280
1073741824
1072646293
1610612736
1070623419
0
1072494695
2147483648
1072522818
2147483648
1072585006
1610612736
1068869149
0
1069507498
0
1070619001
2147483648
1072458234
3221225472
1072623115
2147483648
1072319458
1073741824
1071714636
536870912
1070830818
1073741824
1071841604
2684354560
1066443036
0
1072652246
1610612736
1069149845
0
1070806955
1073741824
1071712087
0
1072600789
3221225472
1072006976
3221225472
1070198160
2147483648
1066620248
0
1069850921
2147483648
1071503575
3221225472
1072507411
2684354560
1072565668
0
1069592681
0
1071887285
536870912
1072329815
536870912
1071716758
0
1071552413
0
1070160404
0
1071529326
3221225472
1072643792
3221225472
1072649144
3758096384
1070897675
2147483648
1072568455
1073741824
1072492181
1073741824
1072102736
2684354560
1067263452
0
1072541841
3221225472
1071259659
1073741824
1072431855
2147483648
1071239172
2147483648
1071602132
3221225472
1071051413
3221225472
1072660330
2684354560
1071240849
3221225472
1072450640
3758096384
1069563437
2147483648
1068187100
0
1069797739
2147483648
1068857217
0
1071461100
1073741824
1072693247
2684354560
20
