Uvec
2226355706
1071826593
2147483648
1072314691
0
1071414716
0
1067501232
0
1072297360
3221225472
1070930200
1073741824
1071768635
2684354560
1072426874
2684354560
1071888484
1073741824
1072494876
1610612736
1068864878
0
1072529996
2684354560
1071914138
1073741824
1072511546
3758096384
1072288376
2147483648
1069482946
0
1071608350
2147483648
1071548609
0
1070145369
2147483648
1071080469
0
1072507453
1610612736
1071697438
2684354560
1071646804
2147483648
1067498464
0
1071812742
536870912
1070654174
0
1071580654
1073741824
1072079313
1610612736
1071082404
3221225472
1069570719
0
1071959388
2684354560
1071681823
1610612736
1072469801
1610612736
1065626288
0
1071196507
1073741824
1069200380
0
1072309380
2684354560
1072631979
1610612736
1069629718
2147483648
1069819817
0
1072264552
2147483648
1071860406
3221225472
1070055371
2147483648
1071338132
2147483648
1068570459
0
1070786477
0
1071200007
0
1072403089
0
1071705093
2147483648
1071820232
0
1067523126
0
1072048479
1073741824
1068541834
0
1071973695
1073741824
1072050356
0
1069811617
2147483648
1071927078
1073741824
1072252051
1610612736
1072198173
1073741824
1070694858
2147483648
1072658589
2684354560
1072103050
3758096384
1069093382
0
1072080075
2684354560
1071318070
2147483648
1070927322
0
1069474784
0
1068928717
0
1070682911
2147483648
1072593609
1610612736
1072109864
3221225472
1072375703
3221225472
1069416079
0
1071720022
3221225472
1071667029
3221225472
1068937921
0
1072140199
0
1072145375
536870912
1069561601
2147483648
1071501221
3221225472
1072316259
2147483648
1072287050
3758096384
1068044768
0
1069773832
2147483648
1072140332
536870912
1072208466
2147483648
1068801742
0
1071139007
3221225472
1070810917
1073741824
1072213059
0
1070837035
0
1071389878
1073741824
1071937373
2147483648
1070037985
0
1071440450
2147483648
1071932262
3221225472
1068522759
0
1071438772
2147483648
1071461100
1073741824
1072693247
2684354560
38
