Uvec
2226355706
1070933088
0
1070154192
0
1072543217
2147483648
1072613169
2684354560
1069935197
0
1071564501
0
1071912365
536870912
1072434896
1073741824
1072153997
2684354560
1070685657
0
1072024324
1610612736
1071971616
2147483648
1069824832
2147483648
1071787781
3758096384
1069188463
0
1071790574
1610612736
1072468511
1073741824
1072566744
3758096384
1072111077
3221225472
1070836496
1073741824
1070420670
0
1072561575
2684354560
1072162821
3758096384
1071670671
536870912
1072424999
536870912
1071961813
0
1072132195
536870912
1069654467
2147483648
1072688819
2147483648
1072013336
536870912
1072026317
1073741824
1071932879
0
1072529180
3758096384
1071359275
3221225472
1070479272
2147483648
1072430007
536870912
1071518710
1073741824
1067564362
0
1071429659
1073741824
1070295041
2147483648
1071668145
0
1072227760
3758096384
1071262801
1073741824
1069559097
0
1067975296
0
1071743884
3221225472
1070870793
0
1072225689
536870912
1071418490
2147483648
1070803624
1073741824
1072516651
1610612736
1072204379
2684354560
1071897101
0
1070479426
0
1072673197
1073741824
1070735454
0
1068517210
0
1069721259
2147483648
1072661579
2147483648
1069645773
2147483648
1069549930
2147483648
1072467125
3221225472
1072588399
0
1071706918
3221225472
1069825151
2147483648
1072529368
536870912
1072619940
1073741824
1070882231
0
1072016494
2684354560
1071863243
1073741824
1072547189
2684354560
1072327339
536870912
1072439864
2147483648
1070803140
1073741824
1072102995
2684354560
1072308094
0
1070609787
1073741824
1069168375
0
1071906099
1610612736
1070790113
2147483648
1071928863
0
1070707802
3221225472
1070760157
3221225472
1071279497
3221225472
1071464210
0
1071496003
2147483648
1072491517
0
1069595283
2147483648
1072317672
3758096384
1070004079
0
1070213088
0
1070796169
2147483648
1071297936
3221225472
1071517910
2147483648
1070029292
2147483648
1071625196
0
1070760275
0
1072388397
1610612736
1071461100
1073741824
1072693247
2684354560
31
