Uvec
2226355706
1070823927
3221225472
1072245319
2684354560
1071773447
1073741824
1068732992
0
1072156482
1610612736
1072125839
0
1071637250
3221225472
1070985539
3221225472
1069816058
2147483648
1070096116
2147483648
1067334128
0
1068915831
0
1070845159
2147483648
1072636822
2684354560
1072078862
0
1072251600
2147483648
1072339042
2147483648
1069702379
0
1071773220
3758096384
1072017160
1610612736
1071150448
1073741824
1071274184
2147483648
1071796004
536870912
1071294370
2147483648
1072226769
2684354560
1071019791
1073741824
1071397476
3221225472
1070439045
0
1072426137
2147483648
1071120056
3221225472
1072587406
536870912
1071885830
536870912
1071790699
3758096384
1072669911
3221225472
1071816968
1073741824
1071807825
1610612736
1072180355
1610612736
1068901476
0
1071656405
3221225472
1070511641
0
1071645489
2684354560
1072206665
536870912
1071983923
536870912
1071524615
2147483648
1072176312
1610612736
1072019879
3221225472
1066871936
0
1071492670
3221225472
1070785076
2147483648
1071356606
1073741824
1071603899
1073741824
1072664740
1073741824
1071619285
0
1071848939
1610612736
1071695983
0
1067517054
0
1071791255
2684354560
1071306896
3221225472
1070666882
1073741824
1068159794
0
1072089545
1610612736
1070907852
1073741824
1072588759
1610612736
1069500799
0
1070430927
0
1072495120
2147483648
1072591139
1610612736
1072527485
1073741824
1068089676
0
1070744210
3221225472
1072194814
2147483648
1066197968
0
1071755413
3758096384
1070686801
2147483648
1071969157
3221225472
1071814888
0
1072472462
2147483648
1071869019
1610612736
1068330966
0
1072514495
0
1072075155
0
1070905877
3221225472
1071100107
2147483648
1068212158
0
1070953222
1073741824
1071399451
3221225472
1071031136
1073741824
1072176445
1073741824
1071896580
1073741824
1069392918
0
1072037225
2684354560
1070339132
2147483648
1071207398
1073741824
1072065445
3758096384
1069597595
0
1070316297
0
1072352883
0
1071009055
2147483648
1071461100
1073741824
1072693247
2684354560
31
