Uvec
2226355706
1072363263
2147483648
1072063455
536870912
1070756202
3221225472
1071728308
2684354560
1067275436
0
1069597542
2147483648
1070940020
0
1071967752
536870912
1071818668
3758096384
1072463934
3221225472
1070649440
1073741824
1072150867
1610612736
1070641488
3221225472
1072592799
3758096384
1071608063
0
1068961361
0
1072613557
1610612736
1067691124
0
1072330549
1610612736
1072138640
536870912
1072488863
3758096384
1072288804
1073741824
1069515262
0
1072370683
1073741824
1071852476
1073741824
1070740169
2147483648
1069593865
2147483648
1072026277
2684354560
1071807114
1610612736
1072298899
2147483648
1071344508
2147483648
1071678782
2684354560
1071499988
3221225472
1070648450
0
1071061000
0
1069765794
0
1070645498
1073741824
1072539829
536870912
1072351866
2684354560
1072247019
3221225472
1072642906
1073741824
1072096734
3221225472
1071951667
2684354560
1070569413
0
1069707713
2147483648
1072151346
2147483648
1070254156
0
1071144675
3221225472
1072006684
1610612736
1068559354
0
1069990847
0
1070452469
0
1071940195
3221225472
1071720237
3221225472
1071799996
3221225472
1071696442
1073741824
1070992175
0
1070268883
2147483648
1069940227
0
1070236475
2147483648
1072502299
2684354560
1071571042
3221225472
1071739975
0
1071039887
0
1072582170
2684354560
1072147138
1610612736
1072082902
1073741824
1071856195
536870912
1072276215
1610612736
1069337133
0
1071916351
1073741824
1072679531
3221225472
1071044607
2147483648
1072657662
2684354560
1071900011
2147483648
1070985037
3221225472
1069593427
2147483648
1072312242
536870912
1072024156
0
1072608773
536870912
1072068052
1073741824
1070979511
2147483648
1071570002
2147483648
1072096749
1610612736
1072642862
536870912
1072353660
3221225472
1072279258
1073741824
1070846640
2147483648
1072182788
1073741824
1069904348
2147483648
1072331377
2147483648
1069758563
2147483648
1071840891
2684354560
1071753903
2147483648
1070600334
0
1069683352
2147483648
1072580245
2147483648
1072563840
2147483648
1071461100
1073741824
1072693247
2684354560
52
