Uvec
2226355706
1072589145
2684354560
1072629956
0
1071171453
0
1071990847
536870912
1072360946
2684354560
1071084328
2147483648
1071693556
2684354560
1071744934
2147483648
1072224160
2147483648
1070760228
0
1071202421
3221225472
1071105049
2147483648
1069478150
0
1070865683
0
1070903518
0
1072386174
536870912
1070690860
2147483648
1070935500
1073741824
1071957652
536870912
1072605222
3758096384
1072281402
1610612736
1071214248
3221225472
1070959264
1073741824
1071640471
1073741824
1071201637
2147483648
1072045152
2147483648
1072498600
3221225472
1071219967
3221225472
1069502521
0
1072507639
2147483648
1072246087
0
1071944063
2147483648
1071055679
2147483648
1071900770
1610612736
1068629751
0
1071151645
3221225472
1069151184
0
1069935141
0
1072012180
536870912
1072069349
1610612736
1072562971
1610612736
1071863749
2147483648
1069722946
0
1071472517
2147483648
1071743095
3221225472
1072097855
2147483648
1071450232
3221225472
1071566888
3221225472
1071765456
0
1071705727
1610612736
1072503211
1610612736
1072535066
2147483648
1071417924
1073741824
1068014446
0
1072214701
1073741824
1072584815
1610612736
1072314244
3221225472
1070067950
2147483648
1072664122
3758096384
1068956336
0
1072502979
1610612736
1069945259
2147483648
1071550151
1073741824
1071278644
2147483648
1072199287
536870912
1071124295
2147483648
1068482666
0
1070923122
3221225472
1063773024
0
1070372071
2147483648
1070844169
1073741824
1072302099
2147483648
1072358749
2147483648
1071847486
536870912
1071476664
1073741824
1068235650
0
1072556370
536870912
1072193640
1610612736
1071817718
1073741824
1070050438
0
1072459568
1610612736
1070617258
1073741824
1071122388
2147483648
1071617108
2147483648
1072648971
2147483648
1072246486
2147483648
1069210694
0
1072288365
0
1071442128
3221225472
1069984136
0
1070159561
0
1069694865
2147483648
1072038838
1073741824
1072435250
1610612736
1072582399
1073741824
1070102165
0
1072105008
3221225472
1069219117
0
1071461100
1073741824
1072693247
2684354560
56
