Uvec
2226355706
1062261696
0
1072238345
2684354560
1071436828
2147483648
1071028198
3221225472
1072412642
2684354560
1070047281
0
1071780296
3221225472
1060888576
0
1071822780
2147483648
1069370063
0
1070856050
1073741824
1069393623
0
1070625373
1073741824
1071615562
1073741824
1069924132
2147483648
1071743172
3758096384
1071525035
3221225472
1070382201
0
1070318098
2147483648
1070879323
1073741824
1072614228
0
1072539872
536870912
1072113853
1073741824
1070652022
2147483648
1067661902
0
1071431234
0
1071948081
1073741824
1066425308
0
1071879432
1610612736
1072095454
0
1069637193
2147483648
1071706279
3758096384
1072166683
0
1069738514
0
1070903166
2147483648
1071892479
536870912
1072264573
2684354560
1070687380
1073741824
1072420454
3758096384
1069644114
2147483648
1070445638
0
1068519740
0
1067547150
0
1072676235
1073741824
1071706384
2684354560
1069674646
0
1070215608
0
1072219067
0
1069840903
2147483648
1071756816
3221225472
1072271746
3758096384
1072091473
2147483648
1069932822
2147483648
1071246173
1073741824
1072673568
1073741824
1071038783
0
1072442773
3758096384
1071347917
0
1071163537
2147483648
1072253505
1073741824
1072565702
1610612736
1071111582
0
1070670190
1073741824
1072541346
1610612736
1071072575
1073741824
1071000122
3221225472
1072669725
3221225472
1070601487
1073741824
1070350825
0
1071648831
2147483648
1072688473
1610612736
1072174803
1610612736
1072154169
536870912
1071777732
2684354560
1069362132
0
1069464055
0
1067169444
0
1071855208
0
1072151930
1610612736
1072623330
2147483648
1071795874
3758096384
1072031472
2684354560
1072309025
0
1071498495
3221225472
1070751171
3221225472
1071938482
3221225472
1072303268
0
1069650443
0
1069824402
2147483648
1071920186
1610612736
1072060361
0
1071765265
1073741824
1071686079
1073741824
1071671563
2147483648
1072559658
1073741824
1072229485
3758096384
1071101921
3221225472
1071202012
3221225472
1071461100
1073741824
1072693247
2684354560
65
