Uvec
2226355706
1072256572
2684354560
1071743770
2684354560
1072405932
1073741824
1069895250
2147483648
1072582462
1073741824
1072145342
0
1070779262
0
1069641383
0
1071040847
3221225472
1069426079
0
1072294850
2684354560
1071426046
2147483648
1072451307
2147483648
1072294165
1073741824
1068481800
0
1071622447
3221225472
1072584780
3758096384
1070169423
2147483648
1070456799
0
1072586172
2684354560
1066781964
0
1071788480
1610612736
1071292621
3221225472
1070957407
0
1070645534
1073741824
1071474939
3221225472
1071556262
3221225472
1071658866
2147483648
1071082886
1073741824
1072389979
536870912
1071690034
2147483648
1070171362
2147483648
1068510864
0
1071118934
0
1067909526
0
1072024015
1073741824
1067909434
0
1070664363
1073741824
1071384707
2147483648
1072190080
1073741824
1071142332
1073741824
1071912567
3221225472
1071938354
2684354560
1071506252
1073741824
1069273645
0
1072106896
0
1072595795
0
1072572109
3758096384
1064421520
0
1071660182
536870912
1072383100
1073741824
1068225344
0
1072095305
0
1070595910
0
1070562810
2147483648
1071823802
3758096384
1072532905
536870912
1067449420
0
1071796498
3758096384
1071980430
1610612736
1071464356
3221225472
1063069056
0
1072382188
3758096384
1071809689
3221225472
1072408100
536870912
1069061663
0
1072634643
3758096384
1070937156
1073741824
1070683995
0
1071732624
0
1070755732
1073741824
1069662645
0
1071938048
3221225472
1072172896
2147483648
1069568214
2147483648
1071688945
3221225472
1069039463
0
1072106929
536870912
1070740547
3221225472
1071003751
1073741824
1071832229
3221225472
1071339553
0
1069669792
2147483648
1071175030
1073741824
1071975775
3758096384
1071225063
0
1069614501
0
1068997874
0
1071799709
3221225472
1071225145
2147483648
1072121841
2684354560
1070140862
0
1071669007
3221225472
1072075814
2684354560
1072576831
3221225472
1071986452
0
1069821085
0
1070468569
2147483648
1071461100
1073741824
1072693247
2684354560
33
