Uvec
2226355706
1072139579
1073741824
1072376103
1073741824
1070928343
1073741824
1070679373
2147483648
1072048649
536870912
1071679194
3221225472
1067952284
0
1072138157
2684354560
1072201262
0
1071797346
0
1068549774
0
1072461707
536870912
1071590294
1073741824
1068293550
0
1069274237
0
1071870829
2684354560
1069671334
2147483648
1070526646
2147483648
1071691979
0
1071954596
1610612736
1066683720
0
1072542173
3221225472
1071300920
2147483648
1069537364
0
1072309849
0
1070859302
3221225472
1072143406
3221225472
1069745793
0
1071594334
2147483648
1072377673
1610612736
1072198788
1073741824
1072546894
536870912
1072218647
2684354560
1071090471
1073741824
1071815639
3221225472
1072510253
3758096384
1071688234
0
1069330514
0
1072643178
0
1072661055
3221225472
1071853940
0
1069800139
2147483648
1070114284
2147483648
1072062292
2684354560
1072576492
3758096384
1070959411
2147483648
1071030251
3221225472
1071294821
2147483648
1071684549
1073741824
1069534317
0
1071970468
3758096384
1070011521
2147483648
1071012374
3221225472
1069067670
0
1072408894
1610612736
1071791513
2147483648
1072419967
0
1069864232
0
1071800662
3758096384
1071893378
1073741824
1071815320
3758096384
1071346135
1073741824
1070913684
1073741824
1071479562
0
1071739920
1610612736
1067792530
0
1068294680
0
1070847592
3221225472
1069771167
0
1072254728
2147483648
1070342226
2147483648
1072250709
1073741824
1070938245
3221225472
1072685048
3758096384
1069946161
0
1070989652
1073741824
1071845312
1073741824
1069777790
2147483648
1068754094
0
1071273568
3221225472
1069846232
2147483648
1069712919
0
1066431600
0
1069694550
2147483648
1071914663
2147483648
1071983017
2147483648
1067793730
0
1070557483
2147483648
1071223675
3221225472
1070282492
2147483648
1072455853
3221225472
1072627257
1073741824
1071619262
0
1070363594
0
1072211745
536870912
1070603391
1073741824
1068514469
0
1071171355
0
1071461100
1073741824
1072693247
2684354560
64
