Uvec
2226355706
1072403855
536870912
1065789512
0
1070974109
0
1072565601
2147483648
1071082326
1073741824
1070885618
3221225472
1072408912
1073741824
1071153095
3221225472
1071530288
3221225472
1072278163
1073741824
1071685567
2684354560
1069060752
0
1072335961
2147483648
1072488180
536870912
1070699714
0
1071778216
0
1069406882
0
1071512655
0
1072087792
2147483648
1069164876
0
1072634490
2684354560
1071622519
0
1072019350
1610612736
1071952638
2684354560
1072646515
1073741824
1067184800
0
1072356577
3221225472
1072458479
2147483648
1070739276
3221225472
1070600829
2147483648
1071298255
1073741824
1072548570
1610612736
1072163060
2684354560
1070921299
1073741824
1071941823
1610612736
1070247138
2147483648
1071212149
0
1071768882
1610612736
1071552956
3221225472
1071522726
3221225472
1071217245
1073741824
1071846613
0
1070861930
0
1071663622
536870912
1071560489
2147483648
1069581359
0
1070644727
2147483648
1071866269
3758096384
1069777520
2147483648
1072005363
1610612736
1068950243
0
1068166022
0
1072189856
0
1070872776
3221225472
1070586495
0
1072360560
2684354560
1070972557
3221225472
1072200367
2684354560
1070721371
1073741824
1067685100
0
1072628104
536870912
1072387496
2684354560
1070236694
2147483648
1070988705
2147483648
1070868455
0
1072257427
3758096384
1072009394
0
1071393295
0
1071848550
2684354560
1071099788
2147483648
1070890355
0
1071229520
2147483648
1072145840
2147483648
1072389096
536870912
1072189726
1610612736
1071803211
3221225472
1072509176
3221225472
1071792318
536870912
1067867994
0
1072538243
536870912
1071794496
2684354560
1072679674
1073741824
1071431651
0
1071336436
2147483648
1072444669
2147483648
1068779508
0
1067274700
0
1072541924
3758096384
1072436594
0
1072270060
1073741824
1071796187
0
1071316775
3221225472
1070732278
0
1071921189
2684354560
1072524081
2147483648
1070790232
0
1072075834
3758096384
1071697708
2684354560
1071461100
1073741824
1072693247
2684354560
84
