Uvec
2226355706
1072101762
2684354560
1070824517
2147483648
1069870644
2147483648
1072460036
2684354560
1072495602
1073741824
1070717802
2147483648
1070695372
2147483648
1070414446
0
1071416089
0
1072308961
0
1072180362
3221225472
1071427005
3221225472
1070777063
3221225472
1071745392
2684354560
1069821642
2147483648
1070295760
2147483648
1071747702
1610612736
1072627110
2147483648
1072184452
536870912
1072396844
2684354560
1070187675
2147483648
1072652589
536870912
1063298048
0
1072224976
3221225472
1071303930
3221225472
1070883160
2147483648
1071149488
2147483648
1072656333
1610612736
1072611166
2147483648
1070780773
3221225472
1072037813
0
1071909833
0
1072075016
1610612736
1071521834
2147483648
1072047318
3758096384
1070415086
2147483648
1071328880
0
1072297429
3758096384
1068997278
0
1068180322
0
1071866302
3221225472
1071940257
1073741824
1069390449
0
1072556889
3221225472
1070064634
0
1070921014
1073741824
1072326647
3758096384
1070699745
0
1072488244
1610612736
1069518077
0
1072114028
1610612736
1072594754
1073741824
1068732063
0
1066903116
0
1072631509
2147483648
1069537102
0
1072080712
0
1070778564
1073741824
1071621654
1073741824
1071795010
2684354560
1072401235
2147483648
1071121061
0
1070685749
0
1067332644
0
1068443382
0
1068698634
0
1069640518
2147483648
1072270457
2684354560
1068827868
0
1069801268
2147483648
1071230166
3221225472
1072096851
1073741824
1070985047
1073741824
1072210836
2147483648
1070271900
0
1070181889
0
1072440869
3758096384
1069681888
2147483648
1067017040
0
1071786350
3758096384
1071067360
3221225472
1071444781
2147483648
1071955024
1073741824
1070128424
2147483648
1072693179
536870912
1072315165
2684354560
1068679437
0
1067500854
0
1071943619
3758096384
1071186915
3221225472
1069551473
2147483648
1071781330
536870912
1069928784
0
1070752068
3221225472
1071752081
2147483648
1071148849
0
1071774550
1073741824
1072672478
536870912
1071461100
1073741824
1072693247
2684354560
14
