Uvec
2226355706
1071937950
536870912
1069846567
0
1070663333
0
1070800689
0
1072579928
3758096384
1070748228
1073741824
1071266346
0
1071931115
2684354560
1071179627
0
1069541998
0
1070765946
1073741824
1070844003
2147483648
1071024523
0
1072462480
2684354560
1071548390
2147483648
1068695326
0
1072046874
1073741824
1066878296
0
1072514763
2684354560
1069109900
0
1072666316
3221225472
1071586175
3221225472
1071992786
0
1072224297
3758096384
1072107662
2147483648
1070488203
2147483648
1072356087
2147483648
1071464456
1073741824
1071714135
1073741824
1072500245
1073741824
1068879896
0
1071184279
3221225472
1071861156
536870912
1069557564
2147483648
1072387544
3221225472
1072383004
536870912
1072026908
2147483648
1071987707
2684354560
1070986860
0
1072421622
2147483648
1072467446
1610612736
1070906542
2147483648
1071320364
0
1071307125
3221225472
1066628604
0
1067211648
0
1071411116
3221225472
1071287246
0
1070688770
2147483648
1071981223
2684354560
1070648916
2147483648
1071882829
0
1072438326
0
1071140168
1073741824
1072435472
1610612736
1069608116
0
1072267046
1073741824
1071888326
2147483648
1072006682
3758096384
1071678555
536870912
1068052192
0
1072268423
1073741824
1069477050
0
1072631329
2147483648
1071798828
1610612736
1070835643
2147483648
1070111581
0
1070408837
2147483648
1070817623
0
1072632262
0
1072136829
1610612736
1071511126
3221225472
1072275803
0
1070804463
1073741824
1072233027
536870912
1071858406
1073741824
1072534171
2684354560
1070510831
2147483648
1071651137
1610612736
1070488093
0
1071744984
2147483648
1066864468
0
1069114340
0
1070093501
2147483648
1072144244
2684354560
1070786077
1073741824
1072479675
1610612736
1071769150
1073741824
1070610815
0
1070798133
1073741824
1071858641
0
1071581537
2147483648
1069951650
2147483648
1072139743
2147483648
1069444781
0
1072355061
2684354560
1069577816
2147483648
1071819433
3221225472
1071461100
1073741824
1072693247
2684354560
83
