Uvec
2226355706
1066946612
0
1070915234
0
1070697600
1073741824
1072123570
3221225472
1067789270
0
1070801910
0
1072209303
2684354560
1071806097
2684354560
1063329184
0
1072553481
0
1070683327
3221225472
1072013617
536870912
1072444280
3758096384
1065854872
0
1072001361
3221225472
1067972814
0
1071686499
1073741824
1072688047
0
1069704499
2147483648
1071799589
1610612736
1071601481
2147483648
1072244621
1610612736
1069250475
0
1071079542
2147483648
1072365928
2147483648
1071726295
536870912
1071149693
0
1072297370
3221225472
1071113325
3221225472
1071742468
3758096384
1072464692
0
1070209493
2147483648
1071628193
2147483648
1072049422
1073741824
1071703041
1073741824
1072126293
3758096384
1070025530
0
1069828099
2147483648
1070886712
2147483648
1072687310
1073741824
1071232082
1073741824
1071785580
0
1072167709
1610612736
1072241632
1610612736
1070742156
1073741824
1072086366
536870912
1068939398
0
1070781759
1073741824
1072108626
3221225472
1072609250
0
1072553654
1610612736
1071597106
1073741824
1069611558
0
1071683123
3758096384
1071958645
536870912
1071021610
0
1071033009
1073741824
1068139868
0
1072599188
2147483648
1069383268
0
1072023249
1610612736
1070719336
1073741824
1071176146
2147483648
1071589175
1073741824
1072644479
1073741824
1071607115
0
1069840633
0
1071454505
0
1071122086
2147483648
1068590406
0
1071662280
2684354560
1069051869
0
1071180373
1073741824
1070785094
2147483648
1070755856
1073741824
1071840544
3221225472
1070381669
2147483648
1071490417
0
1071286035
3221225472
1067533322
0
1070198693
0
1071417841
3221225472
1068543694
0
1068960327
0
1072338071
1073741824
1071481769
2147483648
1069955613
0
1071392928
1073741824
1072573510
0
1070838702
3221225472
1071830044
1073741824
1072026482
2147483648
1072634655
1073741824
1071761565
2684354560
1069401649
0
1071697270
2684354560
1070931829
0
1069864910
0
1071461100
1073741824
1072693247
2684354560
24
