Uvec
2226355706
1072050842
3758096384
1071665787
2147483648
1070734081
0
1071822104
1610612736
1068700346
0
1070648606
1073741824
1070088252
2147483648
1070556766
2147483648
1072439412
1610612736
1071258785
0
1072256118
1610612736
1070637556
1073741824
1069343032
0
1072610980
0
1071238808
3221225472
1071976085
3221225472
1071323876
0
1072136949
2147483648
1067167696
0
1072145015
2684354560
1071711168
2684354560
1072551326
0
1072627050
2147483648
1068414876
0
1072524125
1073741824
1072182127
2684354560
1071751990
3221225472
1069687247
0
1072334175
1073741824
1072116104
1073741824
1071477426
3221225472
1070161885
2147483648
1071539282
1073741824
1071683750
2684354560
1071390490
3221225472
1071392231
1073741824
1067952128
0
1069517356
0
1070157098
2147483648
1071939480
2147483648
1072660863
2684354560
1071643714
2147483648
1072239611
1073741824
1070905043
2147483648
1070665735
2147483648
1072312105
3758096384
1072085728
1610612736
1072465932
1073741824
1068680422
0
1070386551
2147483648
1071882288
3221225472
1072331741
3758096384
1072043610
2684354560
1069708330
2147483648
1071513327
1073741824
1070624799
2147483648
1071938729
3758096384
1072090516
2147483648
1071191444
3221225472
1070989271
0
1069187288
0
1067617548
0
1069686416
0
1069079966
0
1069924018
2147483648
1071496089
3221225472
1069432940
0
1072404731
2147483648
1071793719
2147483648
1071621531
1073741824
1071966183
1073741824
1071680977
536870912
1072451262
3221225472
1070878491
3221225472
1071603241
0
1069730239
2147483648
1071666282
0
1072408422
536870912
1072408280
0
1071147318
1073741824
1071633003
3221225472
1071471190
2147483648
1069209442
0
1071744632
536870912
1072424958
1073741824
1072611846
536870912
1072466416
0
1072178633
3221225472
1071685227
2684354560
1071092101
1073741824
1069709450
2147483648
1071668237
3221225472
1072285979
3758096384
1071191765
2147483648
1069807301
0
1070891548
0
1067539042
0
1071932902
3758096384
1071461100
1073741824
1072693247
2684354560
23
