Uvec
2226355706
1072622458
2684354560
1067121984
0
1069436539
0
1070603801
1073741824
1070317797
2147483648
1071895198
3221225472
1071668647
1610612736
1070352886
0
1069075861
0
1071261937
3221225472
1071391812
1073741824
1071856411
0
1071002477
3221225472
1072416908
1610612736
1071555210
1073741824
1071805659
536870912
1072301831
2147483648
1069198624
0
1072235348
2684354560
1070885865
3221225472
1072480552
0
1072637613
2147483648
1072075577
1610612736
1071645811
0
1070047690
0
1072119990
2684354560
1068301430
0
1071623734
1073741824
1071250827
2147483648
1071160272
0
1071536074
2147483648
1070232016
0
1069655246
0
1067689458
0
1071829714
536870912
1072430562
2684354560
1072171405
3758096384
1070465284
2147483648
1069947868
0
1069743356
0
1071282561
0
1071794903
536870912
1072264065
1073741824
1070211769
0
1069685768
2147483648
1069969195
0
1071913325
2684354560
1069423867
0
1070684675
1073741824
1072341268
3221225472
1071261673
2147483648
1072306107
1073741824
1072065446
3221225472
1072537655
1073741824
1070881862
1073741824
1068985197
0
1061426176
0
1072387843
3221225472
1071764129
1073741824
1072343475
3221225472
1071048326
2147483648
1071635941
0
1072445897
1073741824
1072013999
3221225472
1072677988
1073741824
1070169878
2147483648
1070884326
1073741824
1071350858
0
1068867348
0
1072375172
2147483648
1071464085
3221225472
1072312593
2147483648
1072314863
536870912
1070615185
2147483648
1070316241
0
1071289138
3221225472
1066762408
0
1072394265
536870912
1072336246
536870912
1068932188
0
1068841941
0
1069712376
2147483648
1071749074
1610612736
1070938119
0
1070982350
1073741824
1072556271
3221225472
1069033589
0
1071809902
2684354560
1071719413
1610612736
1071322117
3221225472
1072635043
2684354560
1072444741
3221225472
1070618710
0
1071917085
3221225472
1071842518
2147483648
1071692406
2684354560
1070973802
2147483648
1070410265
0
1071461100
1073741824
1072693247
2684354560
89
