Uvec
2226355706
1072564624
3221225472
1072194429
0
1070862712
0
1071967090
1610612736
1071256343
0
1072676977
0
1070808777
2147483648
1072608966
1610612736
1072055719
536870912
1071858576
536870912
1070603404
2147483648
1069473654
0
1071807641
3221225472
1071562665
2147483648
1071943451
2684354560
1067925700
0
1072128528
2684354560
1071999469
1610612736
1071865239
2147483648
1072470169
536870912
1069463613
0
1072224316
0
1072118523
1073741824
1071804431
3758096384
1071845710
3758096384
1069647470
0
1070220360
2147483648
1070869440
1073741824
1072616736
3221225472
1070836415
0
1071960963
1610612736
1072228458
1610612736
1072450824
1610612736
1071674917
3758096384
1072306636
0
1071463512
2147483648
1072022899
3221225472
1071829945
1610612736
1072640542
3758096384
1067019760
0
1071469314
3221225472
1070277253
2147483648
1071094766
1073741824
1069725683
0
1071940802
1073741824
1071387283
1073741824
1072206811
3221225472
1070109552
2147483648
1072376180
0
1070240141
0
1069658490
2147483648
1069742020
0
1072122414
2684354560
1070669115
1073741824
1069674574
0
1071245119
2147483648
1071703329
3758096384
1067164140
0
1071519525
3221225472
1071494848
0
1072634691
2684354560
1069306248
0
1072181873
2684354560
1072587122
2684354560
1071261677
3221225472
1071880653
1073741824
1071247774
0
1071009566
1073741824
1071783984
2147483648
1072297314
2147483648
1072198630
536870912
1072243994
3221225472
1072263856
3758096384
1070144488
0
1071990096
2684354560
1069858710
0
1071309155
2147483648
1071598218
3221225472
1068586198
0
1070636392
1073741824
1070984680
2147483648
1072068057
3758096384
1072079660
1610612736
1072242367
2684354560
1069287098
0
1069960049
0
1072464290
3758096384
1072487516
1610612736
1071766429
0
1071406926
1073741824
1071915663
3758096384
1068368748
0
1072494141
1073741824
1072292274
3221225472
1072347376
3758096384
1069918466
0
1069541458
0
1071342794
1073741824
1071461100
1073741824
1072693247
2684354560
87
