Uvec
2226355706
1069807915
2147483648
1069783720
0
1071989990
2147483648
1071287507
2147483648
1071751986
0
1070207170
0
1072276298
2684354560
1070083943
2147483648
1072598770
1610612736
1071156198
1073741824
1072170131
1073741824
1071163505
2147483648
1069789933
2147483648
1071119298
2147483648
1072143809
2684354560
1072611632
3221225472
1070579928
2147483648
1072191356
2684354560
1072593222
1610612736
1071192041
0
1072228317
3221225472
1072371484
1610612736
1065520688
0
1070901384
2147483648
1072328624
2684354560
1070531546
0
1070016926
0
1070145108
0
1072662073
0
1071472336
3221225472
1069632864
2147483648
1071659917
0
1072271436
1610612736
1071418245
0
1069694966
0
1071401941
1073741824
1071667979
3221225472
1072500408
536870912
1070928429
0
1068916265
0
1069549449
0
1071530471
0
1071094741
3221225472
1072052436
3758096384
1069752520
2147483648
1069981569
2147483648
1072601376
1073741824
1066348256
0
1071371864
1073741824
1063015680
0
1071380746
0
1068202764
0
1071819147
536870912
1072612122
1073741824
1072055223
536870912
1070565878
2147483648
1072196182
3221225472
1072300027
3221225472
1071164053
2147483648
1072027155
1073741824
1071941580
1610612736
1072571336
1073741824
1071450610
3221225472
1071389031
0
1071139518
0
1071188758
0
1069158530
0
1072190285
2684354560
1071858997
2147483648
1070737927
3221225472
1072404965
3221225472
1072657871
1073741824
1069042586
0
1071249296
2147483648
1071771923
536870912
1070233195
2147483648
1069747907
0
1071082378
3221225472
1070227949
2147483648
1072423967
2147483648
1072581051
1073741824
1071830716
0
1069213725
0
1072307002
3221225472
1072349063
2147483648
1072243397
536870912
1071155200
3221225472
1071298392
1073741824
1072469955
0
1071938237
1610612736
1071917122
3221225472
1070694318
3221225472
1072239150
2684354560
1068034846
0
1072421392
3221225472
1071494077
1073741824
1072334981
0
1068699699
0
1071461100
1073741824
1072693247
2684354560
7
