Uvec
2226355706
1068327312
0
1072185520
3758096384
1071655026
3221225472
1071582155
2147483648
1071774048
1610612736
1071934952
3758096384
1071963246
1610612736
1072679815
1073741824
1071345456
2147483648
1071792055
2684354560
1072626499
2147483648
1071762886
1073741824
1072254431
1610612736
1072205946
2684354560
1070807102
2147483648
1065841872
0
1068409186
0
1072679503
3221225472
1069669032
0
1071132237
3221225472
1071817515
2147483648
1072291571
3758096384
1068197790
0
1071951519
3758096384
1071438849
0
1071100548
3221225472
1071940424
3758096384
1071943005
3221225472
1072438640
1610612736
1072503080
3221225472
1071884106
0
1071147632
0
1072336884
3221225472
1072565743
3758096384
1071738955
2684354560
1070605690
0
1071804911
2684354560
1071752672
3221225472
1071867877
2147483648
1071694196
1073741824
1072507322
1073741824
1071806234
1073741824
1070281829
2147483648
1071137686
3221225472
1069934836
2147483648
1070001460
2147483648
1072586963
1073741824
1072606519
3221225472
1071330766
1073741824
1072168229
536870912
1071247712
0
1072071837
2684354560
1072338228
1610612736
1071142560
1073741824
1067857136
0
1072103604
3758096384
1070639710
3221225472
1071848442
536870912
1071991841
2684354560
1069270988
0
1071853989
1073741824
1070897726
0
1071741344
2147483648
1072657137
1610612736
1071230905
1073741824
1068029826
0
1068855360
0
1067791780
0
1072655135
3758096384
1072147200
536870912
1071715701
536870912
1069435125
0
1069238120
0
1069965332
2147483648
1071798905
1073741824
1067646454
0
1068745212
0
1071771270
1610612736
1069772446
2147483648
1071955018
3758096384
1072184211
3758096384
1069898919
2147483648
1072229343
0
1072003112
536870912
1070834923
2147483648
1071772593
536870912
1066649332
0
1071287811
1073741824
1072368398
2147483648
1071462049
0
1068531418
0
1072546000
2147483648
1071169121
3221225472
1072361158
3758096384
1070859264
3221225472
1070722519
2147483648
1070592061
2147483648
1069825247
0
1071461100
1073741824
1072693247
2684354560
7
