Uvec
2226355706
1070413252
2147483648
1071706615
2147483648
1071318697
1073741824
1072011636
1073741824
1071897337
3758096384
1071624277
2147483648
1070534579
2147483648
1071790110
1610612736
1067461802
0
1072015692
536870912
1072468858
3221225472
1072439000
3221225472
1071536033
0
1071775552
1610612736
1072196558
1610612736
1071851773
1073741824
1068250216
0
1070843382
0
1072196515
0
1071685596
1073741824
1072016778
2684354560
1063517408
0
1072392108
2147483648
1071050778
0
1072153142
1610612736
1070812143
0
1071823576
536870912
1071931310
3221225472
1072626471
1073741824
1072045076
1610612736
1069147390
0
1072527114
2147483648
1072176987
2147483648
1070891434
3221225472
1071349481
3221225472
1065190480
0
1071578366
1073741824
1069742860
0
1072369975
536870912
1070387613
0
1071623813
3221225472
1068938165
0
1068070326
0
1068345522
0
1069401427
0
1068083370
0
1072270510
536870912
1071253585
2147483648
1072632790
1073741824
1070599364
2147483648
1068531639
0
1072415129
536870912
1072673814
3221225472
1071334050
3221225472
1070750171
2147483648
1072477901
1610612736
1071870649
1073741824
1071681064
2684354560
1072095863
3758096384
1069705770
0
1072457877
2147483648
1071156539
2147483648
1069961301
0
1072163000
2684354560
1071775075
3758096384
1072286815
2684354560
1072521806
0
1066483960
0
1072455800
1073741824
1072162911
2684354560
1069950197
0
1071809363
1610612736
1072657041
3221225472
1071963029
0
1072400895
0
1071454340
1073741824
1069520574
0
1071571927
0
1071886330
3221225472
1070722674
1073741824
1071005198
1073741824
1067724152
0
1068783447
0
1072376007
536870912
1069336907
0
1072396875
1073741824
1072221983
1610612736
1068899190
0
1069913509
2147483648
1072511593
1073741824
1071857824
3758096384
1072025569
3758096384
1071806763
2684354560
1069619286
2147483648
1069743541
2147483648
1070513666
0
1070608879
3221225472
1068063518
0
1071461100
1073741824
1072693247
2684354560
18
