Uvec
2226355706
1070437515
0
1072460353
0
1071260889
1073741824
1070881601
2147483648
1069774387
2147483648
1070443084
0
1071821267
3221225472
1067717272
0
1072008460
1610612736
1069827805
0
1070847399
0
1072359356
0
1071743557
0
1072282451
2147483648
1072032124
3221225472
1071717101
536870912
1070744004
2147483648
1070025879
2147483648
1071741146
2684354560
1071941487
536870912
1070708246
3221225472
1072435607
2147483648
1071960500
3758096384
1072508584
1610612736
1071687473
1610612736
1071867703
0
1072449936
1073741824
1072454522
1073741824
1071187155
0
1071723836
3221225472
1070824592
3221225472
1072611224
1073741824
1070978134
3221225472
1072683805
2684354560
1071615881
1073741824
1069203972
0
1071810243
1610612736
1068877811
0
1071566859
1073741824
1070760832
3221225472
1071277954
1073741824
1072409961
1610612736
1072532882
0
1072405712
3221225472
1068580127
0
1070647735
1073741824
1068626218
0
1072442447
536870912
1072473850
2147483648
1071681532
3758096384
1071688746
3221225472
1071836884
2684354560
1071356666
0
1071754069
1073741824
1071387448
3221225472
1072065087
3221225472
1071791562
2684354560
1072207809
536870912
1071750250
3221225472
1071671132
1610612736
1070718232
0
1071076196
2147483648
1069208756
0
1072343762
3758096384
1072561493
3758096384
1072441571
2147483648
1072085904
3758096384
1070684016
1073741824
1067071020
0
1072186990
536870912
1071782124
1073741824
1071219629
0
1072390024
2684354560
1071981771
2684354560
1071712317
0
1072013174
1073741824
1072082231
2684354560
1070893189
3221225472
1071506200
2147483648
1071667456
0
1071013637
1073741824
1072326426
3758096384
1072200001
3221225472
1070769495
1073741824
1070997850
2147483648
1072566163
536870912
1071732907
3758096384
1070710447
1073741824
1071617222
2147483648
1070741199
1073741824
1070944646
2147483648
1068518090
0
1071501831
1073741824
1072267007
2684354560
1072304192
2684354560
1068913525
0
1070736374
2147483648
1072348376
1073741824
1071461100
1073741824
1072693247
2684354560
71
