Uvec
2226355706
1072368435
0
1071292868
1073741824
1071354075
2147483648
1068574514
0
1072521761
2147483648
1072556688
536870912
1071339950
2147483648
1069812785
2147483648
1072533051
536870912
1071721960
2684354560
1072512495
2147483648
1069659790
2147483648
1071476175
0
1072155326
2684354560
1071143548
0
1064632320
0
1070200561
0
1071906816
2684354560
1072308613
536870912
1068479218
0
1071958783
1610612736
1070382248
0
1071173970
0
1072240185
1610612736
1072523857
2684354560
1072442577
536870912
1070638909
0
1069471136
0
1069714948
2147483648
1072195694
3758096384
1070740369
1073741824
1069834151
0
1071550371
1073741824
1071765425
1073741824
1072196342
2147483648
1072690306
3758096384
1072110993
1073741824
1072218954
3758096384
1068697174
0
1070801741
3221225472
1069375026
0
1071249839
2147483648
1072152205
0
1070056337
0
1072078519
2684354560
1071008971
2147483648
1072638322
2147483648
1070802931
2147483648
1072142629
3221225472
1070939469
2147483648
1070031093
2147483648
1068568710
0
1072675903
2147483648
1070601502
2147483648
1072282147
1610612736
1070392761
2147483648
1071115714
3221225472
1071080341
0
1072586984
3221225472
1072308701
0
1072310525
2147483648
1071916545
536870912
1065389576
0
1072045387
1610612736
1071337093
2147483648
1071860119
536870912
1069555044
2147483648
1072612558
1610612736
1071905828
0
1071448691
3221225472
1072191013
3758096384
1069728348
0
1072547078
3221225472
1071522651
0
1071596799
2147483648
1072439256
536870912
1068582126
0
1072656396
1610612736
1071013201
0
1072159747
3758096384
1071876284
3221225472
1070329081
0
1072515456
3758096384
1067400396
0
1071462266
0
1071668490
536870912
1071880731
1610612736
1072134863
1073741824
1072064188
3221225472
1069526159
0
1071978067
1073741824
1072164436
0
1070700897
3221225472
1072613367
1073741824
1072031606
536870912
1071818704
1073741824
1072657386
2147483648
1072267453
0
1071461100
1073741824
1072693247
2684354560
83
