Uvec
2226355706
1072689676
2684354560
1072211628
3221225472
1070457428
2147483648
1072256390
2684354560
1070664308
1073741824
1070438681
2147483648
1072309237
3758096384
1072608736
2684354560
1072624125
536870912
1072062102
3758096384
1071817445
3758096384
1071913570
2147483648
1071812166
1610612736
1072289479
536870912
1070128763
2147483648
1071296008
1073741824
1072599775
0
1072414289
3758096384
1071003969
1073741824
1072187106
2147483648
1072654209
0
1071941902
0
1068847548
0
1070333657
0
1072234643
0
1071886626
1610612736
1072367719
3221225472
1072002981
3758096384
1070186282
2147483648
1070786257
0
1067970498
0
1072219815
536870912
1072176107
0
1070802558
0
1072635885
1610612736
1071690924
536870912
1068614821
0
1071546203
1073741824
1071809981
3221225472
1066002456
0
1072504814
1073741824
1070093993
0
1071718045
3758096384
1070609611
2147483648
1070931405
2147483648
1059260928
0
1066235224
0
1068558809
0
1069042396
0
1067901060
0
1071474243
0
1071154118
3221225472
1072169243
2147483648
1071950491
3221225472
1071471956
2147483648
1068966622
0
1071760820
1073741824
1071220714
0
1072429355
2684354560
1072159363
1073741824
1072547361
3221225472
1071426920
1073741824
1072606168
536870912
1071569879
1073741824
1069057437
0
1072495236
3221225472
1071051033
1073741824
1072662888
3221225472
1064664208
0
1072483882
0
1070151934
2147483648
1072298283
1610612736
1069426674
0
1070282001
2147483648
1071952819
1073741824
1071622432
0
1071024268
3221225472
1063296608
0
1071767933
536870912
1071541694
0
1072117333
1073741824
1071936483
1610612736
1070311249
0
1064747120
0
1072211497
2147483648
1072394621
2684354560
1070389974
2147483648
1071328282
0
1071979180
0
1069200317
0
1070031623
0
1072691882
536870912
1070738182
2147483648
1072408899
3758096384
1072270330
0
1072638825
2684354560
1071633031
3221225472
1071274331
2147483648
1071461100
1073741824
1072693247
2684354560
13
