Uvec
2226355706
1067559834
0
1072422451
1073741824
1072515416
1073741824
1072086805
3221225472
1071749690
1073741824
1071042782
0
1068634277
0
1072256579
536870912
1071395235
2147483648
1072522568
3221225472
1072476657
1610612736
1067526780
0
1071450785
3221225472
1071879533
1610612736
1072044388
2147483648
1072490425
3758096384
1072009665
3758096384
1069369360
0
1069673138
2147483648
1064045248
0
1072232759
2684354560
1069773413
2147483648
1071741192
3221225472
1064962416
0
1070962854
1073741824
1072479509
536870912
1072391773
1073741824
1072060743
2147483648
1071498583
0
1069720492
0
1072534434
3758096384
1071605683
3221225472
1072656418
1073741824
1071426569
0
1071795103
1610612736
1071873355
3221225472
1071687638
2684354560
1072015275
1610612736
1070759499
2147483648
1071667160
3758096384
1072575618
1610612736
1071290136
2147483648
1071792663
1073741824
1071951314
0
1071276265
2147483648
1067418380
0
1071903191
536870912
1071588578
2147483648
1072615371
3221225472
1071743536
3221225472
1069709211
0
1070669264
1073741824
1067506250
0
1069648645
0
1070797884
1073741824
1071659787
1073741824
1071717284
3221225472
1070779831
0
1072688126
2147483648
1072308744
1610612736
1068613515
0
1071966659
0
1072411210
0
1071982951
3221225472
1071557598
1073741824
1070319225
0
1072390008
1610612736
1072078074
2684354560
1072602903
2147483648
1070565270
0
1070728338
2147483648
1071473155
3221225472
1072295724
3758096384
1071665878
0
1066892480
0
1069297722
0
1070473266
2147483648
1072213004
1610612736
1069811397
0
1072043175
536870912
1071680430
3758096384
1071913258
1073741824
1072526980
2147483648
1071843337
3221225472
1071014869
1073741824
1071780409
2147483648
1072497034
2147483648
1071672184
3221225472
1072564162
3758096384
1070613051
3221225472
1071697339
3221225472
1070709083
1073741824
1071085245
1073741824
1071709145
0
1070306709
0
1070884909
0
1072265062
3758096384
1071519145
1073741824
1071461100
1073741824
1072693247
2684354560
48
