Uvec
2226355706
1071198090
3221225472
1068160274
0
1068091508
0
1072103699
1073741824
1067933356
0
1064440752
0
1072076215
1073741824
1068305276
0
1068697707
0
1070234252
0
1072265349
3221225472
1071009409
0
1072643379
3221225472
1072044161
536870912
1066086480
0
1072057369
0
1071311950
1073741824
1072477791
3758096384
1070817173
0
1071664209
2147483648
1070773064
1073741824
1072118151
1610612736
1070145579
2147483648
1071484693
2147483648
1070729251
3221225472
1068687148
0
1069539285
0
1072532300
1610612736
1071941740
3221225472
1072586474
3758096384
1072151782
536870912
1069893742
2147483648
1070443563
0
1071933668
3221225472
1069202491
0
1072116616
536870912
1071042912
1073741824
1071942176
3221225472
1070851139
1073741824
1072654202
3221225472
1071420374
0
1071892403
3758096384
1072380830
2684354560
1072089194
1073741824
1071808007
536870912
1072340336
1610612736
1072590604
536870912
1071938259
1610612736
1072669975
536870912
1072246889
3758096384
1072654830
2684354560
1071207606
2147483648
1069161660
0
1068623157
0
1072589675
3758096384
1071383998
1073741824
1071756584
0
1070544431
0
1071519742
0
1071816388
2684354560
1072293758
1610612736
1071809407
0
1072637036
536870912
1072045143
0
1071331245
2147483648
1072587053
1073741824
1071248547
3221225472
1071583958
0
1070037512
2147483648
1070420552
2147483648
1071716564
0
1071771297
0
1072180596
0
1071155213
2147483648
1072419395
1073741824
1072671418
2684354560
1070218915
2147483648
1072672788
1610612736
1070556650
0
1071042052
2147483648
1069769107
2147483648
1070613458
3221225472
1072450476
3758096384
1071675117
0
1072323483
1073741824
1071152475
1073741824
1072576835
0
1069596745
2147483648
1072643179
2684354560
1072635128
536870912
1072211960
2684354560
1072501120
0
1069637130
0
1071874646
0
1068436788
0
1071710650
3758096384
1072466944
2684354560
1071575750
1073741824
1071461100
1073741824
1072693247
2684354560
24
