Uvec
2226355706
1072275340
1610612736
1069069881
0
1070155947
0
1068036484
0
1072389229
2147483648
1071686496
536870912
1070480999
2147483648
1069538586
0
1072569110
2684354560
1071874158
536870912
1070870791
0
1069739963
2147483648
1072570638
3221225472
1070756085
1073741824
1071423518
2147483648
1067368912
0
1072409346
2684354560
1072480936
0
1072000063
536870912
1068037976
0
1071028512
3221225472
1071930380
2684354560
1071839475
3221225472
1072241364
3758096384
1069892473
2147483648
1072143136
0
1072035408
0
1071222375
1073741824
1071688015
0
1072386205
1610612736
1068026602
0
1072048182
1610612736
1072185796
0
1071313722
0
1071298310
2147483648
1069356445
0
1071738685
1610612736
1070918359
1073741824
1072556017
0
1071158201
1073741824
1070618941
0
1071004676
0
1072330472
1610612736
1069370236
0
1072456175
3758096384
1071858298
1073741824
1072256221
536870912
1072169941
2147483648
1066564760
0
1068633371
0
1072064375
2147483648
1068772429
0
1071697542
3758096384
1064730080
0
1072288311
3221225472
1068028960
0
1070703532
1073741824
1071453446
2147483648
1071670725
536870912
1071842083
2684354560
1068797794
0
1071597440
2147483648
1067467626
0
1072406520
536870912
1070875580
2147483648
1072568358
3221225472
1069901358
0
1071394325
0
1068743455
0
1070095773
0
1072252126
3221225472
1072598151
3221225472
1072459632
1073741824
1070615652
2147483648
1071653181
3221225472
1072403495
1610612736
1071642652
3221225472
1069604776
2147483648
1070745031
0
1070982998
2147483648
1069768109
0
1071318869
3221225472
1070487866
0
1070222907
0
1070640642
2147483648
1068611190
0
1071752116
3758096384
1072295658
1610612736
1068440140
0
1070868540
2147483648
1068967495
0
1071362737
0
1071895923
3221225472
1072347078
2147483648
1071992804
0
1071421445
2147483648
1071894426
0
1072505146
0
1071461100
1073741824
1072693247
2684354560
11
