Uvec
2226355706
1071835300
3221225472
1068531228
0
1072267588
3758096384
1069174627
0
1072441959
1610612736
1071823540
1073741824
1072193633
536870912
1072380986
1073741824
1071948183
1073741824
1066303272
0
1071086574
0
1070526310
0
1072042566
2684354560
1070040962
2147483648
1072164995
1610612736
1072344857
2147483648
1071840591
1073741824
1071809721
1073741824
1072088211
0
1072493297
3758096384
1069680514
0
1069299222
0
1072476674
3758096384
1070691838
1073741824
1071698423
0
1071041823
3221225472
1071483600
3221225472
1072022895
3758096384
1070743122
2147483648
1072081043
0
1072071247
0
1072081909
536870912
1072094163
0
1070259670
0
1071844851
2684354560
1071725536
1073741824
1068333064
0
1071054764
1073741824
1071734387
0
1070247482
2147483648
1071887139
3758096384
1071420637
3221225472
1072423017
1610612736
1071493314
2147483648
1072440117
536870912
1071283811
1073741824
1072040992
1610612736
1070654424
0
1071765578
2147483648
1069403289
0
1070725454
2147483648
1071731568
1073741824
1071085912
3221225472
1071766133
0
1069787535
0
1072594442
1073741824
1072577714
2684354560
1070864835
2147483648
1071061456
2147483648
1072276493
2147483648
1071730056
1073741824
1071898964
536870912
1071724181
1610612736
1072297996
2147483648
1071392935
1073741824
1069521649
0
1072187206
1073741824
1071531027
3221225472
1072191822
1610612736
1072656828
0
1072388021
3758096384
1070539805
2147483648
1072423830
3221225472
1071230401
0
1071887981
0
1072531274
1073741824
1071807509
3758096384
1072198914
536870912
1069553438
0
1070928619
2147483648
1072244179
1610612736
1072299591
536870912
1071730739
1073741824
1072483471
2147483648
1071399548
0
1072587438
3221225472
1072101473
3221225472
1071586134
1073741824
1071937490
2684354560
1072603272
3758096384
1071588660
1073741824
1072305128
1073741824
1071911945
3758096384
1072014352
2684354560
1070787593
0
1070174349
0
1071688714
1073741824
1072230308
2684354560
1071461100
1073741824
1072693247
2684354560
53
