Uvec
2226355706
1072200765
1073741824
1071300466
3221225472
1070382551
0
1072634403
1073741824
1071131820
0
1068509119
0
1070609043
2147483648
1071465884
0
1068727071
0
1072339253
3758096384
1066607820
0
1068101456
0
1070372256
0
1072393755
1073741824
1071011994
1073741824
1071984058
2147483648
1072165481
1073741824
1067244432
0
1071858794
0
1072331749
1073741824
1069838758
0
1067576690
0
1071865703
2147483648
1071837693
2147483648
1072020306
536870912
1068880293
0
1070775383
3221225472
1071145796
2147483648
1072337080
2684354560
1070533668
0
1069021186
0
1071914747
3221225472
1071984894
1610612736
1070750314
2147483648
1070718284
3221225472
1071578348
3221225472
1072427406
3221225472
1069216868
0
1071250522
0
1072630932
536870912
1069783445
2147483648
1061274496
0
1070303639
0
1072329490
3221225472
1071983618
3758096384
1068000710
0
1070788479
2147483648
1071804212
1610612736
1070616699
1073741824
1071628033
1073741824
1071540170
1073741824
1072058026
3758096384
1069735349
0
1070444797
0
1072238387
1073741824
1072245077
1610612736
1069692533
2147483648
1071120406
0
1071340519
3221225472
1071681564
3758096384
1071821755
2684354560
1072237447
3758096384
1064855072
0
1067883478
0
1069193914
0
1069740349
0
1072672620
3758096384
1070344572
0
1069924053
2147483648
1071800168
1073741824
1071737859
0
1069552652
2147483648
1072095086
1610612736
1071148081
1073741824
1071051530
3221225472
1070440131
2147483648
1068716595
0
1069159901
0
1070855273
1073741824
1072283238
1610612736
1071782927
2684354560
1068637821
0
1070934464
0
1071922600
3758096384
1071781312
536870912
1071182836
0
1072005070
3221225472
1071600534
3221225472
1069951398
0
1070605050
3221225472
1070575327
2147483648
1069668234
2147483648
1072617015
3221225472
1072022661
536870912
1066498836
0
1072495262
0
1071255041
1073741824
1071044339
0
1071461100
1073741824
1072693247
2684354560
63
