Uvec
2226355706
1072437074
0
1063833888
0
1070349337
2147483648
1067064316
0
1071925400
1610612736
1072111883
3221225472
1071379436
0
1072141759
2147483648
1072435164
0
1072496377
536870912
1068540506
0
1072639161
1073741824
1070227108
2147483648
1070143132
0
1071372126
3221225472
1072210307
3758096384
1071645517
536870912
1071198172
2147483648
1071728872
536870912
1072677021
1073741824
1072157294
0
1071245616
2147483648
1070892824
2147483648
1071642864
3221225472
1072030489
536870912
1071909976
536870912
1072226460
0
1069142505
0
1071584929
3221225472
1072217163
3221225472
1071887010
3221225472
1071907615
1610612736
1071522982
1073741824
1071332346
2147483648
1072179266
0
1072063920
1610612736
1068672158
0
1071023150
2147483648
1071605025
0
1071801323
3758096384
1071297103
3221225472
1071443612
2147483648
1072630937
536870912
1072453902
1073741824
1072012630
1073741824
1071028166
0
1066856120
0
1071956891
1610612736
1072211749
3758096384
1071099323
1073741824
1069060354
0
1070873624
2147483648
1066292368
0
1071055039
1073741824
1072206340
1610612736
1071430114
1073741824
1071350191
1073741824
1068650174
0
1071962576
2147483648
1072375858
1610612736
1071918310
1610612736
1070954763
3221225472
1070380303
0
1071690224
3221225472
1069592640
0
1070326487
0
1071205383
0
1072589203
1610612736
1070610370
3221225472
1071002480
0
1072606687
2147483648
1071831151
3221225472
1072515354
536870912
1070992451
1073741824
1071914541
2684354560
1072501376
1610612736
1071206845
1073741824
1070419306
2147483648
1070786510
2147483648
1072131579
3221225472
1067440732
0
1069427662
0
1071813264
1073741824
1071761046
2684354560
1072203131
536870912
1069652384
0
1071955589
536870912
1071923286
0
1072610065
0
1070255200
2147483648
1071857146
1073741824
1071752414
3221225472
1072051756
1610612736
1071656906
1073741824
1072127849
1610612736
1071368918
3221225472
1064758368
0
1070989044
0
1071461100
1073741824
1072693247
2684354560
17
