Uvec
2226355706
1067706374
0
1072549160
3221225472
1072515461
2684354560
1070724880
3221225472
1072392839
1610612736
1065901600
0
1071817033
0
1072154770
1073741824
1072103721
0
1072589937
2684354560
1071055014
0
1071783740
536870912
1069725319
0
1070676000
1073741824
1070817629
0
1069862946
2147483648
1070322423
0
1072273574
3221225472
1071961332
2147483648
1072204863
1610612736
1071712074
3758096384
1070605681
0
1069857991
0
1071621187
0
1071196315
2147483648
1070994490
1073741824
1069850095
0
1071881392
0
1070672074
3221225472
1072486518
1610612736
1071807564
0
1071848598
2684354560
1069333176
0
1072297334
2147483648
1068412470
0
1071587928
3221225472
1066723360
0
1069151415
0
1072119467
2684354560
1070950350
1073741824
1068422028
0
1071766216
536870912
1071379535
0
1071744915
536870912
1072422382
1610612736
1070942465
0
1071941142
3758096384
1072651095
3758096384
1072215944
3221225472
1071736012
3758096384
1071727444
536870912
1071828616
2147483648
1071071528
1073741824
1072287419
536870912
1072256708
2684354560
1069094854
0
1071655776
536870912
1071762954
3758096384
1071161479
3221225472
1072190054
2684354560
1071352566
3221225472
1070258393
2147483648
1071618123
3221225472
1071201538
2147483648
1072292877
2147483648
1072228849
2684354560
1071856616
0
1071342908
2147483648
1071185901
0
1068574927
0
1068857126
0
1070938281
2147483648
1071527314
0
1071755178
2147483648
1071709092
1073741824
1067854254
0
1071623898
2147483648
1072499414
2147483648
1070066865
0
1072019184
3221225472
1071051011
2147483648
1072022391
2147483648
1070318916
0
1072515088
3758096384
1072348828
1610612736
1072198059
3758096384
1071187540
0
1071868421
1073741824
1072236060
2684354560
1067642748
0
1068309930
0
1072245578
1073741824
1071226940
3221225472
1071577509
1073741824
1070844044
0
1070995905
2147483648
1070284810
0
1072316438
0
1071461100
1073741824
1072693247
2684354560
13
