Uvec
2226355706
1071362631
3221225472
1071996528
1610612736
1069264962
0
1071162455
2147483648
1070271941
2147483648
1072399492
2147483648
1072507895
3758096384
1071205564
2147483648
1070084870
0
1071706656
3221225472
1071765092
1073741824
1072562630
2147483648
1070900012
3221225472
1071991074
536870912
1071843592
3221225472
1069064633
0
1071050282
3221225472
1071500112
1073741824
1071098482
1073741824
1069098462
0
1066753416
0
1071926760
1610612736
1070721212
2147483648
1069736484
0
1072085574
1073741824
1065688432
0
1071807282
3221225472
1072554302
2684354560
1072416711
536870912
1071026165
3221225472
1071892952
1610612736
1071735181
2147483648
1072016498
2684354560
1070459710
2147483648
1069015228
0
1070698314
3221225472
1072163965
1073741824
1068005396
0
1071756793
2147483648
1071251696
3221225472
1071907714
0
1071715519
1073741824
1072522918
1073741824
1070172645
2147483648
1069684940
2147483648
1071163020
2147483648
1069029382
0
1072055599
3758096384
1069398547
0
1069230510
0
1069556226
2147483648
1069798651
0
1072495489
1610612736
1071987001
2147483648
1072336919
2147483648
1072204397
3758096384
1071775848
1073741824
1071898053
1073741824
1071900677
536870912
1071054380
0
1071983805
1073741824
1071484026
3221225472
1072066043
3221225472
1071779325
536870912
1072537418
536870912
1071609270
2147483648
1069983278
2147483648
1071052308
1073741824
1068610134
0
1071788195
3758096384
1071667995
1610612736
1071921918
2684354560
1070806123
1073741824
1066664156
0
1072011775
3758096384
1068572961
0
1072118193
1073741824
1072656470
0
1071747417
0
1070738747
1073741824
1072470716
2147483648
1070460238
0
1072199972
3758096384
1069105358
0
1068172076
0
1072194400
1610612736
1066995512
0
1068898432
0
1064266400
0
1071281527
1073741824
1070635813
1073741824
1072479628
536870912
1072306361
0
1071515699
1073741824
1072626077
1073741824
1072096259
0
1070100108
0
1071339221
3221225472
1071461100
1073741824
1072693247
2684354560
68
