Uvec
2226355706
1072306619
2684354560
1071708796
3221225472
1072445626
1073741824
1071674548
0
1072531111
0
1069027124
0
1070206077
0
1072614313
1073741824
1072084013
2684354560
1071901524
2147483648
1072283629
536870912
1071223509
3221225472
1072415952
3758096384
1072207516
0
1071721575
536870912
1070671065
0
1072380701
3221225472
1071986347
2684354560
1072024866
0
1072596588
2684354560
1071202806
3221225472
1071998475
3758096384
1071743859
3221225472
1071701012
2147483648
1069607661
0
1067155916
0
1068995487
0
1071744195
0
1071063655
3221225472
1071635943
2147483648
1071049447
3221225472
1071190280
0
1071836154
0
1072329680
3758096384
1072308686
2684354560
1070469418
2147483648
1071301120
3221225472
1072632236
1073741824
1071733652
3758096384
1072393383
2684354560
1071920706
2684354560
1072209697
2147483648
1069860158
0
1072212114
1610612736
1070982583
2147483648
1071906055
1610612736
1068944863
0
1072196703
536870912
1066412308
0
1070906091
0
1071845344
0
1071831260
3221225472
1071675120
3221225472
1072294105
1073741824
1071975384
3221225472
1069530295
0
1071283757
1073741824
1070596284
2147483648
1069922077
0
1069385118
0
1072037885
1073741824
1069220005
0
1072048097
3221225472
1071978879
1073741824
1071763910
3758096384
1071798323
536870912
1070193348
0
1071516425
1073741824
1072627923
1610612736
1071929208
2147483648
1070699691
0
1072682477
0
1072299307
3758096384
1072689755
1073741824
1071796992
536870912
1072215443
0
1069798484
0
1069172264
0
1071700011
3221225472
1070493062
2147483648
1065810056
0
1072078940
3221225472
1072146166
1610612736
1071441886
3221225472
1072486037
1073741824
1071838276
2684354560
1072684108
2147483648
1071263100
3221225472
1072307201
1073741824
1069848770
0
1071845596
2684354560
1071884929
3221225472
1072621704
3758096384
1070861650
3221225472
1071858620
3758096384
1071942904
536870912
1071471954
2147483648
1072520995
536870912
1071461100
1073741824
1072693247
2684354560
26
