Uvec
2226355706
1072243322
2684354560
1071400535
1073741824
1072547077
1073741824
1072578748
2684354560
1072084168
2147483648
1070204848
0
1067365636
0
1071668683
0
1072133154
2684354560
1070055913
2147483648
1071823028
1610612736
1071185105
1073741824
1070289765
2147483648
1072447249
536870912
1072512531
2684354560
1072673610
2147483648
1070505915
2147483648
1072625556
2684354560
1072663398
2684354560
1072072646
1610612736
1072512381
1610612736
1071117354
3221225472
1069673468
2147483648
1072370453
0
1071563479
2147483648
1071695099
2684354560
1070027788
0
1072516095
3758096384
1067804648
0
1071955210
3221225472
1071845550
1610612736
1069040838
0
1071939711
536870912
1072399258
3758096384
1072547296
3758096384
1072276746
1610612736
1070943861
3221225472
1070030606
2147483648
1072169210
2684354560
1071241135
3221225472
1071723943
536870912
1071523203
2147483648
1069597855
0
1071809047
1610612736
1070336510
0
1072101222
3758096384
1071504848
1073741824
1070401365
2147483648
1068363940
0
1069048278
0
1071780457
2147483648
1067090212
0
1071610532
2147483648
1071072695
2147483648
1065687544
0
1071897334
1073741824
1070221590
2147483648
1071048606
3221225472
1072160409
3221225472
1071950853
2147483648
1069880338
2147483648
1071619034
3221225472
1072215540
1073741824
1070684663
1073741824
1072619770
1073741824
1069526424
0
1070151406
2147483648
1072230748
3221225472
1071990653
2147483648
1071752146
2684354560
1071108252
3221225472
1071933209
1610612736
1070934911
1073741824
1068583496
0
1071645330
0
1071971750
536870912
1072600480
1073741824
1072289340
2147483648
1072114792
3758096384
1071950247
1610612736
1072348572
1073741824
1071788707
2147483648
1072129621
3221225472
1070841329
1073741824
1072040990
3758096384
1071730832
0
1071852873
536870912
1071777551
1610612736
1070938899
0
1070773489
0
1072310050
2684354560
1072078897
1610612736
1070011184
2147483648
1069872538
0
1072070990
1610612736
1070755449
2147483648
1072364022
1073741824
1069427641
0
1071461100
1073741824
1072693247
2684354560
31
