Uvec
2226355706
1070698435
3221225472
1070596159
0
1069487560
0
1071764564
2147483648
1067500294
0
1070011818
0
1072100246
1073741824
1072096283
1073741824
1071944730
2684354560
1071689783
536870912
1070774798
2147483648
1072431019
2147483648
1069063977
0
1071931549
2684354560
1071124278
1073741824
1068343570
0
1072321544
3758096384
1070115296
2147483648
1072202547
536870912
1071675816
536870912
1072625235
0
1069098987
0
1071366308
0
1070670141
3221225472
1071852332
2147483648
1072335752
2147483648
1070804222
1073741824
1070085658
2147483648
1070657565
2147483648
1071511556
3221225472
1070529553
2147483648
1071120322
1073741824
1072115911
0
1071886590
536870912
1069472869
0
1071053989
1073741824
1072669153
3758096384
1070766914
2147483648
1070394929
2147483648
1071921696
1073741824
1070940916
3221225472
1072658521
3221225472
1071675243
3758096384
1072164128
536870912
1072380106
2684354560
1071858560
536870912
1066661428
0
1070213776
0
1067557118
0
1071976255
2684354560
1071739961
3758096384
1071941773
0
1071739240
2684354560
1070342242
2147483648
1072067918
0
1071781104
536870912
1071916802
3758096384
1071249418
1073741824
1072163837
3758096384
1072125949
1610612736
1071355254
3221225472
1069348032
0
1071678841
1073741824
1068501939
0
1071316215
1073741824
1069756583
2147483648
1071338200
3221225472
1071161103
0
1071737720
2684354560
1070865792
1073741824
1072451510
1073741824
1072242545
1610612736
1072407600
0
1072476985
3221225472
1067410980
0
1071615631
0
1067558070
0
1072328711
3758096384
1069353822
0
1072679987
0
1072054099
3758096384
1072139723
3758096384
1072420042
2147483648
1072573555
536870912
1069553355
0
1071955307
3221225472
1071025351
2147483648
1071767203
1610612736
1072080667
3221225472
1072175207
0
1071073345
2147483648
1072169792
2684354560
1072629170
3758096384
1070882936
0
1072244002
2147483648
1069642872
2147483648
1070794500
3221225472
1072686068
2684354560
1071461100
1073741824
1072693247
2684354560
70
