Uvec
2226355706
1069295066
0
1072143879
536870912
1071361607
0
1072288046
0
1064200512
0
1069066838
0
1071257364
1073741824
1069754743
2147483648
1071604527
1073741824
1070817526
3221225472
1070460265
2147483648
1072001103
536870912
1070534535
0
1072226208
1610612736
1068651924
0
1072578852
3758096384
1072408647
3221225472
1069338388
0
1071545891
2147483648
1070909831
1073741824
1072025249
2147483648
1069797673
0
1071974425
2684354560
1071173066
1073741824
1072342966
1073741824
1072454835
536870912
1070315334
2147483648
1070198575
2147483648
1072643319
536870912
1071778458
3221225472
1071619843
0
1072190722
0
1071199937
1073741824
1064971312
0
1065975216
0
1071744883
3758096384
1072569447
1610612736
1072511825
3221225472
1068061360
0
1071299606
3221225472
1071429153
2147483648
1071984942
3221225472
1072440463
1610612736
1072680164
0
1071925982
0
1072278019
1610612736
1072239757
0
1072572242
1610612736
1071052714
1073741824
1072531071
2147483648
1070918260
2147483648
1069984683
2147483648
1071969679
0
1069790257
2147483648
1072656947
2147483648
1072152790
3221225472
1072572016
0
1072020795
1073741824
1072442693
0
1072001300
1073741824
1071661880
1610612736
1071846038
2147483648
1071793053
1610612736
1071292613
3221225472
1071057040
0
1069950891
0
1070560640
0
1072274571
3221225472
1069758742
0
1072331659
1073741824
1069876525
2147483648
1071579307
3221225472
1068758602
0
1071751793
0
1069789181
0
1072384224
1073741824
1070923759
1073741824
1070092586
2147483648
1069649095
0
1070096459
0
1070946695
1073741824
1069490130
0
1071781179
2147483648
1070875450
1073741824
1071601202
0
1071811569
2684354560
1070965693
1073741824
1071307083
3221225472
1071523025
1073741824
1072094224
3758096384
1072386391
1610612736
1069454587
0
1072131525
2684354560
1072047622
536870912
1071065546
0
1071761470
3758096384
1072023485
3221225472
1067846040
0
1071461100
1073741824
1072693247
2684354560
40
