Uvec
2226355706
1071845835
0
1071394101
1073741824
1068035614
0
1072008268
1610612736
1069268993
0
1069384223
0
1072194103
1610612736
1071564451
2147483648
1072302177
3221225472
1070149454
2147483648
1072327818
3221225472
1071715446
2147483648
1071785141
1073741824
1070727077
0
1071896343
0
1072669884
3221225472
1070630917
2147483648
1070659332
2147483648
1071718422
536870912
1070694650
0
1069312105
0
1070596390
3221225472
1070775345
0
1067699286
0
1071034658
3221225472
1071420847
1073741824
1071618127
0
1071163512
1073741824
1072023055
0
1069818319
2147483648
1071175733
0
1070549915
2147483648
1071344185
3221225472
1071383156
0
1072560851
3758096384
1072112957
3758096384
1071031223
2147483648
1071388351
1073741824
1071882218
2684354560
1072097081
0
1071742608
1073741824
1070126457
0
1072057898
2147483648
1071669284
3221225472
1072578225
536870912
1070049263
0
1072059466
3758096384
1071646133
536870912
1072313891
1073741824
1071114438
2147483648
1072112600
3221225472
1071483016
0
1072024149
0
1072363836
2147483648
1071923830
2147483648
1063943200
0
1072477028
2684354560
1072604721
3221225472
1069682110
2147483648
1070948385
3221225472
1072361443
3221225472
1070492276
2147483648
1070907689
3221225472
1071904667
1073741824
1071744532
1073741824
1069871136
2147483648
1070964742
2147483648
1071986741
1610612736
1070997671
1073741824
1072303420
2684354560
1062151808
0
1072631208
2684354560
1070869952
3221225472
1070870335
2147483648
1072579479
1610612736
1072066538
3221225472
1071279642
1073741824
1070630928
2147483648
1072330430
3758096384
1072526452
3221225472
1071110175
0
1072608522
2147483648
1071377436
1073741824
1071804240
3221225472
1072191937
1073741824
1069220186
0
1070176130
2147483648
1071666187
1610612736
1071097732
0
1072593215
3758096384
1072269057
0
1072004744
3221225472
1071788383
2684354560
1071026637
2147483648
1071831691
0
1069646848
2147483648
1070988057
2147483648
1069697021
2147483648
1071461100
1073741824
1072693247
2684354560
56
