Uvec
2226355706
1071593132
3221225472
1072073909
536870912
1070628873
2147483648
1071494111
0
1070963440
0
1071839378
3758096384
1071700319
536870912
1071649543
3221225472
1070906649
2147483648
1072641418
3221225472
1068146178
0
1070931063
2147483648
1070117450
2147483648
1071644234
0
1068396518
0
1071385577
2147483648
1065309904
0
1072506408
0
1072239074
3758096384
1070631122
0
1071305560
0
1071651869
2684354560
1068161690
0
1072273302
2147483648
1071091638
2147483648
1072451076
536870912
1071762091
3221225472
1072555080
0
1071678956
3758096384
1071856598
0
1072551240
1073741824
1072597492
3221225472
1072424880
0
1072312733
1073741824
1069990295
2147483648
1069084976
0
1072324796
2684354560
1071907431
1073741824
1070850555
0
1070380979
2147483648
1071725172
3758096384
1071235264
1073741824
1071317197
1073741824
1072537768
2684354560
1072102483
2147483648
1072604231
536870912
1072485661
3221225472
1072642841
1073741824
1070806788
1073741824
1070538820
2147483648
1071232386
3221225472
1072321472
536870912
1072181811
2684354560
1071254668
3221225472
1071344269
0
1070598817
1073741824
1072438324
2147483648
1072673630
2147483648
1070830855
3221225472
1072230323
1073741824
1071894174
0
1069890600
2147483648
1068706469
0
1071350604
3221225472
1072233163
1073741824
1070655829
2147483648
1071027435
3221225472
1071720628
3758096384
1070604955
3221225472
1071742719
3758096384
1071845313
1073741824
1069839498
2147483648
1072557724
0
1072341875
1610612736
1071990858
1610612736
1072281324
2684354560
1071135624
2147483648
1072421425
0
1071144016
1073741824
1069316901
0
1069760029
0
1071459524
3221225472
1068932275
0
1072153891
2147483648
1068397840
0
1072326998
1610612736
1072098306
0
1072423803
1073741824
1069665035
2147483648
1071529307
1073741824
1070090391
2147483648
1071002577
3221225472
1071837478
0
1072511667
2684354560
1071441721
3221225472
1071783085
2147483648
1072501728
3758096384
1069245312
0
1071461100
1073741824
1072693247
2684354560
81
