Uvec
2226355706
1071833487
536870912
1070082708
0
1072235589
3758096384
1070137773
2147483648
1072131993
3758096384
1072113592
3758096384
1072518629
3221225472
1072441485
0
1072152945
3221225472
1066166984
0
1068691936
0
1072527752
1610612736
1072270748
3221225472
1071239846
2147483648
1071352635
3221225472
1071102005
2147483648
1068655609
0
1069734039
2147483648
1070445969
0
1072582262
1073741824
1071961985
1610612736
1072680124
3758096384
1071806353
2147483648
1069587510
2147483648
1070860146
2147483648
1070888008
0
1064609808
0
1071702996
2147483648
1071689376
2684354560
1071210745
0
1072438325
3758096384
1071855228
1073741824
1072112445
536870912
1072515009
3758096384
1072537981
536870912
1072492638
536870912
1072261119
0
1072530676
2147483648
1070383060
0
1069908190
0
1067554706
0
1071492677
2147483648
1072383734
3221225472
1070768903
2147483648
1065904648
0
1068542360
0
1067010960
0
1072461265
1073741824
1071669224
3758096384
1072481138
3758096384
1071552437
3221225472
1072318152
1610612736
1071875118
3221225472
1067919720
0
1067577126
0
1072117399
1073741824
1072224080
1073741824
1070860114
2147483648
1072492166
1073741824
1072686447
2684354560
1067223892
0
1071277818
3221225472
1072341917
1610612736
1071413899
0
1071045032
3221225472
1072217086
2684354560
1071575954
1073741824
1071048052
0
1069918940
0
1067324756
0
1064723648
0
1070757799
0
1071928176
2684354560
1070855625
1073741824
1071098494
2147483648
1072674306
0
1072078157
2147483648
1071995107
3758096384
1069200134
0
1072047825
3758096384
1072584139
3758096384
1068105314
0
1071427243
1073741824
1071126655
2147483648
1072321316
3758096384
1071820905
2684354560
1070496673
0
1067856906
0
1071287035
1073741824
1071748436
3758096384
1069412148
0
1071079034
0
1071922892
1610612736
1072160299
2684354560
1072545279
1073741824
1069156522
0
1071099193
1073741824
1069675132
0
1071461100
1073741824
1072693247
2684354560
87
