Uvec
2226355706
1072142823
2684354560
1071728719
0
1072092221
1610612736
1068893099
0
1072534193
3221225472
1071151666
1073741824
1071862303
1610612736
1072495352
3221225472
1071015885
1073741824
1072194351
1073741824
1070721529
3221225472
1071283019
2147483648
1071769235
3758096384
1068577550
0
1067933426
0
1072619788
1073741824
1070434297
0
1070881079
3221225472
1072588791
2147483648
1067603730
0
1072022272
3221225472
1067896584
0
1071985383
2684354560
1072505686
3758096384
1069291995
0
1070470447
0
1072353969
3221225472
1070072679
2147483648
1069707095
2147483648
1072240569
1073741824
1070349402
0
1071115661
0
1072305816
2684354560
1070936885
1073741824
1071737181
536870912
1069833957
0
1071965456
3758096384
1072209934
1610612736
1071091941
1073741824
1067552806
0
1072502732
3758096384
1070524161
0
1072512087
3221225472
1071087171
1073741824
1071964746
1610612736
1069999201
0
1072534836
1073741824
1071771213
2147483648
1072165195
1073741824
1072049543
3221225472
1072541284
0
1069232927
0
1070582656
0
1071953831
2684354560
1072224114
536870912
1070662753
2147483648
1072071258
3758096384
1072235686
3758096384
1071849821
1073741824
1070722307
2147483648
1070378969
2147483648
1067661622
0
1072618250
3221225472
1066238664
0
1067063084
0
1071973065
3758096384
1069820965
2147483648
1070855063
2147483648
1069674962
2147483648
1071100590
1073741824
1067795830
0
1068725025
0
1066625720
0
1072515017
1073741824
1070796587
3221225472
1072611358
0
1070877693
1073741824
1072434912
536870912
1072124298
1073741824
1069335696
0
1071860561
1610612736
1072550353
1073741824
1072368647
2147483648
1072412682
1073741824
1072661723
536870912
1071916200
2147483648
1072592707
3758096384
1070693167
3221225472
1070978542
2147483648
1068853298
0
1072447799
1610612736
1067481902
0
1071971340
1073741824
1069746943
0
1070590504
0
1071128596
3221225472
1069650809
2147483648
1072426393
1610612736
1071461100
1073741824
1072693247
2684354560
50
