Uvec
2226355706
1072196679
3221225472
1069997249
0
1068279738
0
1071912861
3758096384
1069003190
0
1071715544
3758096384
1070597245
3221225472
1071223254
1073741824
1071696684
3758096384
1066742272
0
1072545881
3221225472
1072362571
1073741824
1070770093
3221225472
1071741116
0
1068149052
0
1071744968
536870912
1072089734
0
1070120973
0
1070018526
2147483648
1069990357
0
1072356192
1073741824
1071598928
1073741824
1068740290
0
1072634119
3758096384
1071921904
1610612736
1070951992
1073741824
1071918499
2147483648
1071269210
2147483648
1071059786
2147483648
1069648024
2147483648
1070871914
2147483648
1072500664
2684354560
1072034589
1073741824
1070963628
0
1071810876
536870912
1072083339
536870912
1072669339
2684354560
1072591009
536870912
1071370972
3221225472
1072264634
3221225472
1072396178
0
1071789359
2147483648
1071786835
0
1069549166
0
1071122951
2147483648
1071453095
0
1072420972
536870912
1072004077
0
1072536083
3758096384
1071710136
536870912
1072024929
0
1069574264
0
1072443554
1610612736
1071846129
1073741824
1071760688
2684354560
1070433447
2147483648
1071525283
1073741824
1069724328
2147483648
1072516849
1610612736
1072290028
3221225472
1070828781
3221225472
1072346345
3221225472
1071648259
3221225472
1072132162
3758096384
1072563379
1610612736
1069735169
0
1072632800
3221225472
1069276769
0
1072091291
3758096384
1068513050
0
1070031428
2147483648
1072133963
2684354560
1071163904
3221225472
1070498880
2147483648
1069831937
0
1066970720
0
1067979394
0
1069097777
0
1069748757
0
1071743900
2684354560
1070018650
0
1067722724
0
1072571571
2684354560
1070186762
2147483648
1072527518
536870912
1069574399
2147483648
1072439979
3758096384
1070579891
2147483648
1070333690
0
1068371588
0
1072349480
1610612736
1072162457
3758096384
1072639170
1610612736
1072266154
2147483648
1071249431
2147483648
1071539686
1073741824
1067559830
0
1071159455
1073741824
1071461100
1073741824
1072693247
2684354560
33
