Uvec
2226355706
1068276858
0
1071683554
1073741824
1069695670
0
1071678426
536870912
1071711559
2684354560
1072049299
3758096384
1071679062
1073741824
1067065836
0
1072399656
1610612736
1072175175
2684354560
1072194696
1073741824
1072102574
2684354560
1071951582
2684354560
1069834591
2147483648
1070312471
0
1071647187
3221225472
1070439720
2147483648
1071206596
0
1071174173
3221225472
1070544138
0
1071293530
0
1072168776
0
1068997457
0
1070719627
1073741824
1072085652
1610612736
1070720041
0
1072322520
0
1070820693
1073741824
1072251108
1610612736
1071806077
1073741824
1070631709
1073741824
1072139350
1073741824
1070223667
0
1071430932
0
1071814158
2684354560
1072436744
3758096384
1070048648
2147483648
1064830912
0
1068937881
0
1069501311
0
1069499436
0
1072218305
2684354560
1069929613
0
1072547066
2684354560
1070532740
0
1070378239
0
1071525663
2147483648
1071961288
536870912
1071402213
1073741824
1071719632
536870912
1068657994
0
1072046610
3221225472
1072534112
536870912
1068409808
0
1068979786
0
1072041459
3758096384
1072311124
1073741824
1071939755
1073741824
1072670986
2684354560
1068543961
0
1070902771
1073741824
1069871276
2147483648
1072274761
0
1070620333
2147483648
1068750848
0
1071060115
1073741824
1072078749
3221225472
1069090506
0
1071523950
3221225472
1071001476
1073741824
1072270113
2147483648
1072027785
2684354560
1071814342
2684354560
1072167894
3221225472
1071689533
1610612736
1069640551
2147483648
1070772886
2147483648
1070148825
0
1070123670
2147483648
1072614486
0
1067468632
0
1072140377
536870912
1070792990
2147483648
1069663853
0
1072376535
0
1071874055
536870912
1072208038
3221225472
1072212380
3758096384
1071752817
2147483648
1071906389
2147483648
1072648161
2684354560
1071200572
2147483648
1064339664
0
1071842001
2684354560
1068714172
0
1071652255
536870912
1072605809
2147483648
1069101441
0
1071461100
1073741824
1072693247
2684354560
10
