Uvec
2226355706
1069912252
0
1070056831
2147483648
1071441775
3221225472
1072506445
1073741824
1072449660
1073741824
1072093041
536870912
1072316473
1610612736
1068171198
0
1067804378
0
1069784581
2147483648
1068975758
0
1069699618
2147483648
1071768860
0
1066986388
0
1068239282
0
1072681365
536870912
1072421629
1610612736
1071360090
1073741824
1071317693
3221225472
1069285893
0
1071645723
536870912
1069704375
0
1067330348
0
1066873668
0
1069219667
0
1071457259
2147483648
1071879646
2684354560
1071917222
2147483648
1072501147
2684354560
1069718217
2147483648
1071006714
2147483648
1070044009
0
1070897872
0
1070634410
3221225472
1072585663
1610612736
1071678548
1073741824
1071702967
536870912
1071819872
1073741824
1071857577
1610612736
1071921657
1073741824
1072351108
3758096384
1069978844
0
1072599191
1610612736
1070674717
1073741824
1071697216
536870912
1069063651
0
1071749654
2147483648
1072279424
3221225472
1072016224
2684354560
1068897110
0
1072189350
3758096384
1072369786
2147483648
1071422738
1073741824
1069634616
2147483648
1071107538
1073741824
1071778586
0
1071507904
3221225472
1071348034
3221225472
1069611326
2147483648
1071625331
3221225472
1072283979
3221225472
1071930888
3221225472
1070189268
0
1072625841
1073741824
1068011490
0
1070849364
0
1070663117
3221225472
1071716249
3221225472
1069944388
0
1070657198
1073741824
1072022787
536870912
1072304341
0
1070669789
1073741824
1071640912
2147483648
1071828440
2147483648
1070753248
3221225472
1072481522
2147483648
1067172096
0
1070734273
1073741824
1071972118
1610612736
1072292560
3758096384
1072480912
1073741824
1072634894
3758096384
1072599980
1073741824
1067989370
0
1072618762
0
1071867003
2147483648
1072510495
1610612736
1071096723
3221225472
1071355308
0
1072000880
3758096384
1072333062
1610612736
1072017517
2684354560
1071992710
1073741824
1068895569
0
1070611582
3221225472
1070239549
2147483648
1072431313
0
1071461100
1073741824
1072693247
2684354560
83
