Uvec
2226355706
1071077195
3221225472
1072123998
2684354560
1070574531
2147483648
1071873943
0
1071946874
1073741824
1072504868
3221225472
1069868595
2147483648
1072350964
0
1072389296
0
1072361800
2684354560
1070751779
3221225472
1072216319
2684354560
1070545968
2147483648
1070077527
0
1070644548
1073741824
1070007863
0
1072598391
1610612736
1069646298
2147483648
1072206061
3221225472
1071309015
2147483648
1071808898
2147483648
1072484540
1073741824
1071825231
1610612736
1071858532
3758096384
1071342523
3221225472
1072399757
3758096384
1070002448
0
1071677614
1610612736
1072004238
3221225472
1070213251
0
1070401859
2147483648
1068996827
0
1072181499
1073741824
1072567822
1073741824
1071678058
1610612736
1071014812
1073741824
1071548128
1073741824
1069511123
0
1071934435
3758096384
1071776614
2684354560
1070526781
2147483648
1070775011
0
1069567342
2147483648
1072561011
2147483648
1072686964
2684354560
1071796502
2147483648
1072247648
1610612736
1071058611
3221225472
1071199896
2147483648
1072547286
0
1072159217
3221225472
1072634477
0
1072414220
2147483648
1070721684
3221225472
1068620861
0
1071793206
3758096384
1072231873
3758096384
1072270421
3758096384
1071732071
3221225472
1071895272
2684354560
1066340056
0
1072526129
2147483648
1071776646
2684354560
1072135839
3221225472
1070699526
3221225472
1071342921
0
1071156904
3221225472
1071753243
2147483648
1072558050
1610612736
1072131040
2684354560
1071647798
2147483648
1067492060
0
1070513972
2147483648
1070848754
3221225472
1072140444
1610612736
1072105595
2147483648
1071557851
1073741824
1072051383
1073741824
1072250071
3758096384
1069949533
0
1071920294
3221225472
1070961988
0
1071093195
3221225472
1072154337
3221225472
1071459795
0
1070780515
1073741824
1071635552
3221225472
1069190359
0
1069537084
0
1070272889
0
1071153952
0
1071736738
1610612736
1072182246
1610612736
1065293584
0
1072032221
1073741824
1071972786
3221225472
1070011102
0
1072341072
3758096384
1071461100
1073741824
1072693247
2684354560
14
