Uvec
2226355706
1068954403
0
1068318256
0
1071295657
0
1068575086
0
1069760501
0
1072348677
1610612736
1071800667
2684354560
1072347235
0
1072132143
1073741824
1071383922
3221225472
1069373210
0
1071624430
0
1069770818
2147483648
1069655566
2147483648
1072173370
3758096384
1067172640
0
1069998717
0
1072374366
2147483648
1070393895
0
1072636531
2147483648
1072477692
2147483648
1070873248
2147483648
1072486455
0
1072646036
1610612736
1072519027
2147483648
1070997214
1073741824
1072029835
2147483648
1071989927
3221225472
1071489066
0
1067733042
0
1071540274
3221225472
1071508217
2147483648
1071150253
2147483648
1068676193
0
1071791203
1610612736
1070440046
0
1072403685
3758096384
1071785383
536870912
1071921008
2684354560
1072058947
3758096384
1071083969
0
1069224124
0
1072274751
1610612736
1072594935
1610612736
1066300688
0
1072648313
1073741824
1071517151
2147483648
1072233057
1073741824
1071869480
2684354560
1072014591
2684354560
1069924422
2147483648
1065457448
0
1071924908
3758096384
1071138208
0
1071827196
1610612736
1072072761
1610612736
1071858066
536870912
1067680644
0
1071090767
3221225472
1069681994
2147483648
1072074260
536870912
1071495119
2147483648
1072095106
1610612736
1072036132
0
1071971381
1073741824
1070237534
0
1071546124
0
1072189837
0
1068723329
0
1068153074
0
1070630000
1073741824
1070754122
3221225472
1072640516
536870912
1071752835
3758096384
1071863025
0
1070461818
2147483648
1068744164
0
1071167629
1073741824
1070965582
1073741824
1070855807
0
1070793380
3221225472
1072241924
2147483648
1069045280
0
1071378440
2147483648
1071608718
1073741824
1070642798
2147483648
1070919897
3221225472
1069587148
2147483648
1072162367
1073741824
1069655170
2147483648
1069832362
2147483648
1071190396
2147483648
1069588210
2147483648
1072395576
0
1072012268
3758096384
1071196500
0
1069113977
0
1072669495
0
1071461100
1073741824
1072693247
2684354560
75
