Uvec
2226355706
1072565065
3221225472
1068016072
0
1072322672
1073741824
1072023337
0
1072269831
3221225472
1070428297
0
1071621248
1073741824
1069902987
2147483648
1070611414
2147483648
1068543380
0
1069605318
2147483648
1068213824
0
1072395614
3221225472
1071698069
0
1069495679
0
1071833362
2684354560
1071073663
3221225472
1070950432
2147483648
1070842556
2147483648
1070280163
0
1071477988
0
1071892149
1610612736
1071333038
0
1071181053
2147483648
1071959154
3758096384
1063208192
0
1072026165
0
1070382010
2147483648
1072482165
1610612736
1071956310
3221225472
1071082841
2147483648
1071505612
2147483648
1070033535
0
1071750443
2684354560
1072402844
1073741824
1071532198
0
1072686356
3221225472
1071990948
536870912
1072457396
2147483648
1071411514
1073741824
1071539989
3221225472
1071817163
1073741824
1072465305
2684354560
1072270709
3221225472
1069438117
0
1072053305
3758096384
1071079014
3221225472
1068596928
0
1071312718
1073741824
1070812268
0
1070732875
3221225472
1070187244
2147483648
1069601589
2147483648
1069824295
2147483648
1070806467
0
1071264474
2147483648
1071721347
2684354560
1070764860
3221225472
1071170932
3221225472
1070572088
2147483648
1072075822
3758096384
1071928379
536870912
1069930211
2147483648
1071148477
2147483648
1072000621
1073741824
1071983079
0
1072168176
2147483648
1071716354
2684354560
1071231009
1073741824
1069896802
0
1069272016
0
1071165475
1073741824
1070750768
1073741824
1069145834
0
1071687302
0
1068556070
0
1071820654
3221225472
1070157168
0
1072617592
1073741824
1070101640
2147483648
1070435916
0
1070596787
0
1072014441
536870912
1071670544
536870912
1072654006
3221225472
1070866474
2147483648
1072063180
2147483648
1064658128
0
1070840137
2147483648
1071990723
0
1072227570
3221225472
1069295592
0
1070718668
2147483648
1072363010
3758096384
1072311443
2684354560
1071217574
1073741824
1069656339
0
1072265722
1610612736
1071461100
1073741824
1072693247
2684354560
1
