Uvec
2226355706
1072257832
0
1072333738
0
1071166712
3221225472
1068712172
0
1072399328
3221225472
1069403322
0
1072623414
2684354560
1071806148
1073741824
1069884786
2147483648
1069610675
0
1072500436
536870912
1071947232
1073741824
1071433862
2147483648
1070467732
0
1067882646
0
1072265981
3758096384
1071033928
2147483648
1072070280
1073741824
1069564470
0
1071492211
3221225472
1071327608
2147483648
1072680793
3221225472
1067802374
0
1070625810
1073741824
1072255331
2684354560
1072590901
1073741824
1071083393
1073741824
1066654212
0
1072144493
3758096384
1069996585
2147483648
1070724740
1073741824
1071904446
1073741824
1071138662
2147483648
1069132161
0
1065322368
0
1072048409
0
1070047701
0
1072614515
2684354560
1070932039
1073741824
1072689615
3221225472
1072127046
1073741824
1071980137
2684354560
1071322582
1073741824
1072659049
3758096384
1069237345
0
1070824753
2147483648
1070090057
2147483648
1072030104
3221225472
1072153270
1610612736
1071378550
1073741824
1072479405
1610612736
1072217640
2684354560
1071302114
1073741824
1070232144
2147483648
1072565701
1073741824
1071808446
2147483648
1067657806
0
1071757267
1073741824
1071241885
0
1070897866
1073741824
1071379053
3221225472
1072615527
3221225472
1072010527
1610612736
1072274420
2147483648
1070903864
1073741824
1072538705
0
1071718678
3221225472
1071259870
0
1072471090
0
1071906088
3758096384
1071368232
2147483648
1070546419
0
1071330015
3221225472
1072245654
536870912
1070293205
2147483648
1071732474
0
1069474323
0
1071477612
2147483648
1072064059
1610612736
1072431702
1073741824
1069668158
2147483648
1070964170
3221225472
1072103593
1610612736
1072156613
1610612736
1071366038
1073741824
1072111825
0
1071712977
1610612736
1072042379
0
1071303396
0
1070756086
0
1072596075
1610612736
1072539276
0
1070695206
1073741824
1071859176
3758096384
1072331367
1073741824
1071849006
3758096384
1071921826
1073741824
1071753497
536870912
1071461100
1073741824
1072693247
2684354560
51
