Uvec
2226355706
1070900167
1073741824
1072107048
536870912
1071132023
0
1070769811
2147483648
1070809679
2147483648
1072039779
3758096384
1071962986
1610612736
1071332961
3221225472
1071953823
2147483648
1069996885
0
1072429203
2684354560
1070077816
2147483648
1070528716
2147483648
1069223955
0
1072441816
0
1069951731
2147483648
1071555339
3221225472
1072602793
0
1071847952
1073741824
1072363068
2147483648
1070262772
0
1071558921
3221225472
1067139984
0
1072373060
536870912
1072400791
1610612736
1070829135
2147483648
1072330517
2684354560
1069539337
0
1071172628
2147483648
1067568028
0
1069766327
0
1072473195
3758096384
1069695823
0
1071424257
2147483648
1070659196
1073741824
1068289640
0
1067676274
0
1072231565
1073741824
1071874685
1610612736
1071686372
3221225472
1070604461
1073741824
1072082791
536870912
1068549914
0
1070977112
1073741824
1071171825
1073741824
1071712633
536870912
1071935709
2684354560
1072180678
1073741824
1072106826
1073741824
1071411684
2147483648
1069327076
0
1072106086
0
1069640034
2147483648
1072630645
3221225472
1065496696
0
1071730064
3221225472
1072491888
3758096384
1069399187
0
1071936291
2147483648
1072516659
2147483648
1072314391
0
1072114459
2147483648
1069321811
0
1071709088
2147483648
1071918418
3758096384
1067899416
0
1072353453
2147483648
1072336386
1073741824
1072130962
3221225472
1072204553
0
1072119868
0
1071530702
0
1071871709
3221225472
1072685793
1073741824
1072015429
1610612736
1072667197
3221225472
1070907346
3221225472
1071921177
536870912
1072630004
536870912
1070760752
0
1071675590
2147483648
1071394022
1073741824
1072121912
1073741824
1069689307
0
1072493018
1073741824
1071700249
2684354560
1069631021
2147483648
1072107062
3221225472
1071645692
2147483648
1072155323
2147483648
1071227921
3221225472
1072329229
3758096384
1072172220
1610612736
1071710647
2684354560
1072279966
0
1071724181
3221225472
1072174603
3758096384
1069727445
2147483648
1071461100
1073741824
1072693247
2684354560
54
