Uvec
2226355706
1071764702
0
1071420032
0
1069064855
0
1069216588
0
1072244528
536870912
1063755104
0
1065838224
0
1068218578
0
1071848810
1610612736
1072304625
1073741824
1071088670
1073741824
1072637382
0
1071697250
536870912
1070223923
2147483648
1072365077
536870912
1071696313
2147483648
1072611796
3221225472
1070015789
2147483648
1072526502
2147483648
1071685382
1073741824
1072178128
536870912
1072202122
2147483648
1068907308
0
1070504013
2147483648
1072122464
3758096384
1070606245
2147483648
1072487417
0
1071083011
2147483648
1072215099
2147483648
1071231734
0
1072223570
1610612736
1071996994
2147483648
1069616927
2147483648
1071405216
2147483648
1072377704
536870912
1072287286
2684354560
1070668138
2147483648
1072357351
0
1072150279
3758096384
1070319573
2147483648
1070814714
0
1072500983
3221225472
1069483874
0
1072446097
3758096384
1072652192
0
1071831935
1610612736
1072281587
1610612736
1071204786
1073741824
1072545769
2684354560
1071906492
536870912
1071575053
0
1071740304
536870912
1072087103
2147483648
1071536439
0
1071286861
0
1072188026
0
1072477825
3221225472
1070058785
0
1071097341
1073741824
1068720365
0
1072517420
536870912
1072184421
3221225472
1072551494
1073741824
1070849993
2147483648
1068658452
0
1066773164
0
1071784403
3758096384
1071444769
1073741824
1068042610
0
1071643029
0
1072620893
3758096384
1071666185
3758096384
1072318735
1073741824
1071861025
2147483648
1071885554
3758096384
1070916001
1073741824
1071753129
536870912
1071434365
3221225472
1072077246
3758096384
1071020175
0
1071938947
3221225472
1069654407
0
1070793420
2147483648
1067867026
0
1071168647
0
1072675954
3221225472
1072157612
1610612736
1068409948
0
1072042328
3758096384
1072371677
536870912
1071392025
0
1072267467
1610612736
1070958516
1073741824
1072222692
536870912
1072178429
2684354560
1071004146
1073741824
1071661738
0
1070756824
3221225472
1071461100
1073741824
1072693247
2684354560
28
