Uvec
2226355706
1071803484
3221225472
1070797118
2147483648
1071774514
1610612736
1070945212
3221225472
1071807980
536870912
1071799795
2684354560
1071086160
3221225472
1069953014
0
1071902561
3221225472
1072273517
1610612736
1071243719
1073741824
1071674640
3221225472
1071284832
3221225472
1071938896
2147483648
1068923480
0
1072075912
2684354560
1072075348
1610612736
1072332672
536870912
1072525701
3758096384
1072412741
2147483648
1072269497
3758096384
1070255136
0
1070576504
2147483648
1070273034
0
1071280733
2147483648
1071687471
536870912
1072370058
1610612736
1071790873
2147483648
1071271774
0
1070054350
0
1067660140
0
1068582089
0
1071388425
3221225472
1071981728
2147483648
1072584890
1073741824
1069603399
2147483648
1072569261
3758096384
1071740716
2684354560
1068696793
0
1070962289
3221225472
1071006216
0
1069121956
0
1072022001
1610612736
1072360067
0
1072491228
3221225472
1068306850
0
1068722584
0
1071330239
2147483648
1072637348
0
1071596133
2147483648
1072070600
536870912
1072356543
2147483648
1067603846
0
1072389358
0
1071996790
536870912
1071530642
0
1070017886
2147483648
1071246263
1073741824
1071880429
536870912
1071155290
0
1069621757
0
1072511618
2147483648
1069779699
2147483648
1072183144
2684354560
1071028496
2147483648
1071969118
2147483648
1071793563
1610612736
1072196329
0
1072284933
3758096384
1071884505
2147483648
1071696480
2147483648
1070129313
2147483648
1071676068
2147483648
1072073406
3221225472
1072159982
1073741824
1071333915
3221225472
1072413053
3758096384
1072349667
536870912
1072493308
2147483648
1072164164
2684354560
1072183022
2684354560
1071751760
3758096384
1070596103
0
1072138007
3221225472
1067056080
0
1072295904
1610612736
1072308378
0
1070860392
2147483648
1071933775
536870912
1069408894
0
1072398040
2147483648
1071210913
0
1072477222
0
1070622777
1073741824
1070659064
1073741824
1068905722
0
1072309977
536870912
1071618018
0
1071461100
1073741824
1072693247
2684354560
56
