Uvec
2226355706
1070638679
3221225472
1069921287
2147483648
1072427566
3221225472
1072437953
3758096384
1070863273
3221225472
1070015550
0
1071107463
1073741824
1070806373
0
1070501180
0
1072221192
1610612736
1070625703
2147483648
1071295728
3221225472
1071992101
0
1072607297
1073741824
1071170811
0
1070823765
2147483648
1071479662
2147483648
1070872330
2147483648
1072130425
2147483648
1068356492
0
1071416010
2147483648
1071252103
1073741824
1069584758
0
1071514365
1073741824
1072158886
1610612736
1072339708
0
1070365511
0
1072175477
2684354560
1070791685
0
1070693062
1073741824
1072119032
2147483648
1071858944
3758096384
1072051747
1073741824
1068671054
0
1072567651
536870912
1068055444
0
1071798645
2684354560
1072607327
2147483648
1072266275
3758096384
1070289122
2147483648
1072199870
536870912
1072095069
2684354560
1071405456
1073741824
1071014506
0
1068813417
0
1066390872
0
1070421537
2147483648
1069517055
0
1072050087
2684354560
1071295750
0
1067741484
0
1072050404
536870912
1069303683
0
1070867722
0
1072545811
3758096384
1072427729
0
1069991093
2147483648
1072122174
3758096384
1072487617
2684354560
1071553425
2147483648
1070575810
0
1071237402
1073741824
1071862004
3221225472
1071178203
2147483648
1068826070
0
1071842817
0
1072538400
2684354560
1071180655
1073741824
1070265682
0
1071101619
3221225472
1072504509
2684354560
1072678716
2147483648
1071199837
0
1070792551
0
1072102390
2684354560
1072069168
1610612736
1060311040
0
1070422653
2147483648
1072524180
3758096384
1071202006
0
1069947589
0
1072396575
1073741824
1071373168
0
1072309645
1610612736
1069880641
2147483648
1072246756
1073741824
1070029972
2147483648
1068980797
0
1071442895
0
1071743534
3221225472
1071818345
1610612736
1070462448
2147483648
1071658746
2147483648
1070857787
0
1070898421
2147483648
1071992242
2147483648
1070418969
2147483648
1068481384
0
1071461100
1073741824
1072693247
2684354560
25
