Uvec
2226355706
1069773327
2147483648
1070624180
2147483648
1067403608
0
1071848874
0
1070424542
0
1072366005
2684354560
1071371793
3221225472
1072194712
3758096384
1072448421
3221225472
1071910430
1610612736
1072538246
536870912
1071857783
0
1072495567
2147483648
1068876580
0
1071688059
2147483648
1072193905
3221225472
1072078666
3221225472
1072632085
1610612736
1066216120
0
1070744446
0
1066350552
0
1069555350
2147483648
1072148466
1073741824
1070304879
0
1071316102
0
1072022078
3221225472
1072601121
1073741824
1071490396
0
1072690406
0
1071805454
0
1067043316
0
1070529301
0
1069901946
2147483648
1071961327
1610612736
1070226010
0
1072072954
2684354560
1072067550
536870912
1072574130
0
1072001835
2147483648
1070434065
0
1071051455
1073741824
1072548730
2147483648
1066227416
0
1071912838
3758096384
1071679552
536870912
1071701856
2147483648
1069472565
0
1072113988
536870912
1071302692
2147483648
1071686273
2684354560
1071667773
1610612736
1072205377
536870912
1072669239
3221225472
1072452184
1610612736
1072430376
3758096384
1072519632
1073741824
1072105414
536870912
1072403798
3758096384
1070479450
2147483648
1071946043
0
1070759458
2147483648
1072504765
1073741824
1071805925
3221225472
1070427280
0
1072562886
1610612736
1070771923
0
1071126238
2147483648
1072417242
1073741824
1072031401
536870912
1065230352
0
1070010239
0
1067571294
0
1068788850
0
1072407524
1073741824
1069828747
0
1072341798
1073741824
1072658031
3221225472
1072522504
1610612736
1072675143
1610612736
1070362326
2147483648
1072643901
2684354560
1072321722
2684354560
1070510748
2147483648
1069813945
2147483648
1072581304
3758096384
1072630950
2684354560
1070660567
2147483648
1072090942
2684354560
1071957036
2684354560
1070686413
2147483648
1067812232
0
1072631048
1610612736
1072555437
1073741824
1071842245
2147483648
1072059172
536870912
1072043161
1073741824
1072428771
2684354560
1070916392
0
1071461100
1073741824
1072693247
2684354560
6
