Uvec
2226355706
1072561443
0
1069899244
2147483648
1071198812
2147483648
1072116995
3758096384
1072460014
536870912
1067199488
0
1072676743
536870912
1069628042
2147483648
1072670331
0
1072592271
3221225472
1072654623
1610612736
1072556757
1610612736
1070264637
2147483648
1072127233
1073741824
1071859223
0
1071683683
2147483648
1072593152
1610612736
1070840415
2147483648
1072371406
1610612736
1072084190
536870912
1071272980
1073741824
1072029716
2147483648
1071006724
0
1072261518
2147483648
1070675013
2147483648
1071939948
3221225472
1072636113
1610612736
1071602427
3221225472
1066791052
0
1071067623
3221225472
1071357003
2147483648
1069663738
2147483648
1069933569
2147483648
1071095854
0
1072676759
536870912
1069521459
0
1071658887
3221225472
1069539524
0
1072318624
536870912
1069656130
2147483648
1072233283
1073741824
1068560318
0
1070626469
2147483648
1071836578
2684354560
1072398148
2684354560
1071866893
1073741824
1072364841
3221225472
1072282402
1073741824
1067967394
0
1071266334
1073741824
1071725551
3758096384
1072019381
1610612736
1072186582
536870912
1068185268
0
1071990047
1610612736
1069265081
0
1070975850
0
1071481168
2147483648
1070604810
0
1071585573
0
1071940528
2684354560
1072430612
3221225472
1072298735
1610612736
1071437378
0
1071814806
3758096384
1072082965
1610612736
1072017013
3221225472
1068069500
0
1072224732
3758096384
1071377805
3221225472
1071994513
2147483648
1071971356
2147483648
1072606516
1073741824
1072526288
3221225472
1072142911
1610612736
1070034419
2147483648
1070113213
2147483648
1070080662
2147483648
1069035085
0
1072299578
1073741824
1068594710
0
1071947910
2147483648
1072607043
1610612736
1070599707
1073741824
1072398221
1610612736
1066623492
0
1070063450
0
1071129523
1073741824
1070054470
2147483648
1069832059
0
1067954262
0
1072248525
3221225472
1070132132
2147483648
1071184739
3221225472
1072285148
1073741824
1071913795
2684354560
1072692165
2147483648
1072030445
536870912
1071461100
1073741824
1072693247
2684354560
23
