Uvec
2226355706
1071547467
2147483648
1066465844
0
1068882565
0
1072431735
3221225472
1072426146
2147483648
1069570026
2147483648
1072364224
3221225472
1072614498
3221225472
1070725497
1073741824
1072207507
536870912
1063734560
0
1071916060
536870912
1072505302
2684354560
1072489033
536870912
1070919524
1073741824
1071213046
2147483648
1071827703
536870912
1066350920
0
1071378513
1073741824
1070818023
2147483648
1072275991
536870912
1072006397
536870912
1071820567
536870912
1069330914
0
1071516410
3221225472
1071084431
1073741824
1071764544
1610612736
1072320866
3221225472
1071055550
3221225472
1071744712
536870912
1072628902
2147483648
1068991941
0
1071478339
0
1068118510
0
1071087806
2147483648
1069850986
2147483648
1069568190
0
1072641717
1610612736
1072176554
1073741824
1070143569
0
1071229766
3221225472
1068630087
0
1069894180
2147483648
1070475371
0
1071851954
0
1072176817
3221225472
1070837733
2147483648
1071129607
1073741824
1072240553
3758096384
1072000736
536870912
1071594875
0
1070889750
0
1071254607
1073741824
1072432364
2147483648
1070618049
2147483648
1068810758
0
1072408617
536870912
1068828267
0
1071943805
2147483648
1065807312
0
1068896334
0
1071697577
536870912
1067629654
0
1068126604
0
1071454999
0
1070987196
0
1072650762
3221225472
1072419478
2147483648
1068787719
0
1069659950
0
1071393249
3221225472
1071861087
0
1071689518
0
1072492334
1073741824
1071171944
2147483648
1072244598
3758096384
1072584320
3758096384
1072298600
1073741824
1072494777
2684354560
1072337686
1610612736
1062335296
0
1071746289
0
1069707854
2147483648
1072210981
0
1071095421
3221225472
1072468394
2684354560
1069977824
2147483648
1070375629
0
1071799862
1610612736
1072653885
3221225472
1071899498
3221225472
1071914126
0
1069958962
0
1070418144
0
1069548436
0
1071949660
0
1070057117
2147483648
1071105335
0
1071461100
1073741824
1072693247
2684354560
24
