Uvec
2226355706
1072534154
0
1071096512
3221225472
1072545492
2147483648
1072617378
2147483648
1070211139
0
1072345332
2147483648
1071778063
3758096384
1071909324
2684354560
1071955178
1073741824
1070662121
1073741824
1071419513
0
1070892334
1073741824
1072160266
1073741824
1072250774
536870912
1071792055
2684354560
1071909551
2684354560
1072143486
3758096384
1071876806
2684354560
1072179504
3221225472
1072360583
3758096384
1070609868
3221225472
1069389863
0
1072340326
3758096384
1071740776
3221225472
1070535837
0
1072568729
3758096384
1069866831
0
1069727073
2147483648
1072337482
2684354560
1068853184
0
1069371533
0
1069685501
0
1072081034
3221225472
1070318818
0
1071897027
3221225472
1070946821
2147483648
1067988738
0
1072004044
0
1069838231
2147483648
1071810419
3758096384
1071841685
536870912
1072089545
1073741824
1072678018
536870912
1071698394
1610612736
1071691806
2684354560
1070806829
2147483648
1072667098
0
1072602438
2147483648
1072104006
1610612736
1071757706
2684354560
1069577196
2147483648
1071698700
0
1072319348
1610612736
1072494008
3758096384
1072286122
1610612736
1071984321
0
1071748746
0
1070757189
2147483648
1069464091
0
1071760437
3758096384
1071327493
1073741824
1070113765
2147483648
1071030022
3221225472
1072065735
2147483648
1068509606
0
1071879044
3221225472
1072345458
3221225472
1072640702
3221225472
1071711507
3221225472
1069430505
0
1072115360
0
1072348616
1610612736
1072304231
0
1072024801
536870912
1072286397
0
1072398919
2684354560
1066561096
0
1068277138
0
1069966148
0
1071554753
1073741824
1071950314
1073741824
1072594062
2684354560
1071875099
536870912
1071743385
2684354560
1071847795
3221225472
1072207780
536870912
1071631436
0
1070854689
2147483648
1072469217
2147483648
1071864458
0
1069408787
0
1068263342
0
1070260724
0
1071065586
2147483648
1072671100
2147483648
1072353188
2684354560
1072543781
0
1068825899
0
1071461100
1073741824
1072693247
2684354560
18
