Uvec
2226355706
1072441526
3758096384
1071278909
2147483648
1071782067
1073741824
1068839620
0
1072285548
0
1072076354
536870912
1070615234
0
1069619748
2147483648
1072267660
2684354560
1068597965
0
1070325203
2147483648
1072006462
536870912
1070840681
1073741824
1071438552
3221225472
1070664318
2147483648
1071803852
0
1070936184
0
1066702456
0
1070146276
2147483648
1071871384
3758096384
1071042558
2147483648
1068673066
0
1072375681
2147483648
1070980606
3221225472
1071899061
2684354560
1071538719
0
1072185064
2147483648
1072099953
2684354560
1070603101
1073741824
1069195313
0
1069391053
0
1071449037
2147483648
1071539517
2147483648
1072236112
3221225472
1072643138
1073741824
1071183307
3221225472
1069276904
0
1071756754
3221225472
1071797178
1610612736
1072623332
1073741824
1071402945
0
1072201017
1073741824
1072382842
0
1072451850
1610612736
1066433236
0
1070822260
0
1072111236
2147483648
1069256569
0
1070183346
0
1071544554
3221225472
1071942523
2684354560
1072257365
3221225472
1067776500
0
1065403520
0
1071078216
1073741824
1071565121
3221225472
1068618734
0
1071287648
3221225472
1071848070
1610612736
1071942970
2147483648
1071732146
2684354560
1070049763
2147483648
1072617365
1610612736
1071988639
536870912
1072375004
3221225472
1071933619
0
1072437348
1073741824
1072255813
2147483648
1071376717
3221225472
1070592533
2147483648
1069234250
0
1071805212
2147483648
1071922890
0
1072094690
536870912
1071505253
1073741824
1072610520
3221225472
1071998800
2684354560
1069772089
0
1069327023
0
1072107037
2147483648
1071297424
1073741824
1070560406
2147483648
1070796894
0
1070783160
2147483648
1071682573
1610612736
1072125778
0
1071334097
0
1070908824
0
1071770009
1610612736
1071675019
3758096384
1071263881
0
1070624235
2147483648
1070309501
0
1072041177
536870912
1071532873
3221225472
1070017136
0
1072682513
3221225472
1066558320
0
1071461100
1073741824
1072693247
2684354560
26
