Uvec
2226355706
1071721345
1610612736
1070470608
2147483648
1072429214
2147483648
1068747474
0
1071092257
0
1072217481
3758096384
1072200427
2147483648
1068304284
0
1069758682
0
1070332891
2147483648
1072224860
1073741824
1072095987
3221225472
1070851366
0
1071764359
1073741824
1068113626
0
1070707573
3221225472
1072381284
2147483648
1070393589
2147483648
1071563181
2147483648
1071332749
2147483648
1071747477
3221225472
1070788799
1073741824
1071696962
3221225472
1072491696
2684354560
1072129725
1073741824
1071779071
1073741824
1072327278
2684354560
1071129727
0
1071112125
0
1071514895
2147483648
1072457034
2684354560
1071212323
0
1070405502
0
1072332529
2147483648
1068679778
0
1072527154
536870912
1067352376
0
1070780956
0
1068011456
0
1071723898
3758096384
1071863009
1610612736
1064717328
0
1072017609
2147483648
1071645812
0
1068647483
0
1068261822
0
1071174020
1073741824
1072214259
2147483648
1071698738
2684354560
1068844028
0
1070071753
0
1072668759
2684354560
1070271890
2147483648
1069544543
0
1070679911
3221225472
1070788264
1073741824
1069204944
0
1072590662
2147483648
1071741522
3221225472
1072449824
0
1072125685
1610612736
1072064051
3758096384
1072300477
0
1072524469
1610612736
1072381365
3221225472
1072165978
1073741824
1071663415
0
1071469470
3221225472
1070956316
3221225472
1072046455
2684354560
1068632421
0
1070784053
2147483648
1071558069
3221225472
1068733711
0
1070856401
3221225472
1071783847
0
1071243713
2147483648
1072610547
2147483648
1072289869
0
1072295596
3221225472
1071152926
2147483648
1070866131
0
1070885012
1073741824
1068736280
0
1071046270
3221225472
1071915417
1073741824
1071624444
1073741824
1071668541
3221225472
1071139268
2147483648
1071609322
1073741824
1071574009
1073741824
1071879882
1610612736
1071090723
3221225472
1068922384
0
1071975683
1073741824
1069884514
2147483648
1070450369
2147483648
1070836952
2147483648
1071461100
1073741824
1072693247
2684354560
18
