Uvec
2226355706
1072497755
3221225472
1070777684
0
1069797522
2147483648
1072589564
1610612736
1071584401
0
1072517704
536870912
1069218100
0
1072453916
1610612736
1070614775
0
1072448516
2147483648
1072431777
3221225472
1072662529
1073741824
1070325002
2147483648
1068889182
0
1071789916
1073741824
1072516979
1073741824
1065516240
0
1072119056
3221225472
1068358840
0
1071087173
1073741824
1071687219
536870912
1069897777
2147483648
1071952858
1610612736
1072120178
2684354560
1070402645
2147483648
1069211777
0
1072587109
0
1071544079
1073741824
1071712744
1610612736
1070787099
2147483648
1071096182
2147483648
1072218378
0
1072024006
536870912
1071765751
1073741824
1069779465
2147483648
1071225621
0
1072512067
536870912
1071682899
0
1071661286
536870912
1071655945
3758096384
1071214126
3221225472
1071850940
1610612736
1071397669
1073741824
1072562486
3758096384
1069607514
2147483648
1067481760
0
1070875109
2147483648
1066467796
0
1070978376
1073741824
1071922946
2684354560
1070923956
3221225472
1068582993
0
1072415214
2684354560
1070663790
3221225472
1071174113
1073741824
1072008360
0
1071058309
1073741824
1072466517
3758096384
1072434207
1610612736
1072372262
2684354560
1070884579
2147483648
1072646542
0
1072492208
1073741824
1071046061
3221225472
1070814616
1073741824
1072445699
2684354560
1070535186
0
1070160851
2147483648
1071108661
1073741824
1071110122
1073741824
1072346687
536870912
1070545888
2147483648
1071736784
2684354560
1070610116
2147483648
1070521707
2147483648
1072201998
536870912
1070890449
0
1070147931
2147483648
1070841898
2147483648
1069533691
0
1071395721
0
1072584693
3221225472
1072260763
3758096384
1068256704
0
1071666291
2684354560
1072213052
0
1069837751
2147483648
1072531393
3221225472
1071548294
0
1070469777
2147483648
1070162015
2147483648
1066685152
0
1071844974
1610612736
1070909676
1073741824
1072017864
3221225472
1072492002
536870912
1068759985
0
1072605197
3221225472
1071461100
1073741824
1072693247
2684354560
58
