Uvec
2226355706
1072472460
3758096384
1071763589
3758096384
1072298922
3221225472
1068722194
0
1071912068
1610612736
1070820707
0
1071960101
536870912
1070614345
1073741824
1068612045
0
1069840075
0
1070733406
1073741824
1069493524
0
1072309954
1610612736
1072196183
3221225472
1069853711
2147483648
1070922419
3221225472
1069221226
0
1071917143
1073741824
1071051516
2147483648
1071770191
3221225472
1072206209
3221225472
1071382797
3221225472
1070208373
2147483648
1071282176
2147483648
1072249431
2147483648
1070983530
0
1072075875
1073741824
1071890812
3221225472
1072411036
0
1070618847
0
1070695767
3221225472
1070187747
2147483648
1072376415
1073741824
1072664044
0
1067427864
0
1071246282
1073741824
1071368070
1073741824
1071820403
536870912
1071901754
0
1071211076
0
1072543068
0
1072525258
2147483648
1072049677
3758096384
1071693007
1073741824
1071564117
2147483648
1072270667
2147483648
1071607149
2147483648
1072038450
1073741824
1071012758
3221225472
1069982416
0
1072492650
536870912
1072478133
1610612736
1072314661
1073741824
1071294438
2147483648
1066377064
0
1070668732
0
1072041002
0
1072291812
3758096384
1072197301
3221225472
1070525830
0
1068092178
0
1071913835
3221225472
1071231141
2147483648
1069664934
0
1071769507
0
1069550538
0
1071888216
3758096384
1071770680
2147483648
1072288397
3221225472
1070703695
1073741824
1072667664
1073741824
1070841153
2147483648
1071598212
3221225472
1072211330
2147483648
1071878569
2147483648
1068092494
0
1069406295
0
1071704650
2147483648
1066389680
0
1071169587
1073741824
1071564209
0
1069729172
2147483648
1070848889
1073741824
1072513022
2147483648
1071790389
2147483648
1071461463
3221225472
1072630131
2684354560
1071883061
1073741824
1070588564
2147483648
1071868893
3221225472
1072660111
3221225472
1070004059
0
1071893026
3758096384
1072528441
2684354560
1072049889
2684354560
1071060408
2147483648
1072220452
1073741824
1070308309
0
1071461100
1073741824
1072693247
2684354560
71
