Uvec
2226355706
1070071583
2147483648
1072436698
536870912
1071978728
3221225472
1072153438
3758096384
1071605794
3221225472
1072298370
2147483648
1072298923
536870912
1069874032
2147483648
1072201864
1610612736
1071662444
3221225472
1072196674
3221225472
1072319298
3758096384
1072138670
1610612736
1072546031
2147483648
1071578589
0
1072089555
2147483648
1072471114
3221225472
1072544878
0
1071944137
3758096384
1072069539
0
1071594278
2147483648
1072495378
1073741824
1071115871
3221225472
1071315174
1073741824
1071650804
3221225472
1071910137
0
1071650564
536870912
1072677855
3758096384
1070886857
2147483648
1071802987
0
1072561928
1073741824
1071817342
1610612736
1072675347
0
1070771667
0
1068871186
0
1071881256
3758096384
1069991031
0
1070019689
2147483648
1072218582
1610612736
1072374207
3758096384
1070429705
0
1071876907
1610612736
1072103954
0
1068275142
0
1070921177
0
1072683298
2684354560
1071876633
0
1071933545
536870912
1071646747
0
1071956147
3221225472
1072007620
2147483648
1072654045
3758096384
1071158312
0
1072306304
2684354560
1072461286
2147483648
1071155729
0
1069570414
0
1072529479
2147483648
1072192173
1610612736
1070702619
1073741824
1070802694
3221225472
1072209594
536870912
1071999480
2147483648
1068685946
0
1072407489
1073741824
1069873069
2147483648
1072641809
536870912
1072670836
1610612736
1066163816
0
1069984395
2147483648
1071160241
3221225472
1071286805
0
1071934564
3758096384
1072543938
2147483648
1070163477
0
1071349902
2147483648
1072554185
1610612736
1072057740
1073741824
1068088574
0
1071834727
3758096384
1071143916
3221225472
1071516704
3221225472
1072102932
3758096384
1072408378
536870912
1071718712
2684354560
1071694634
536870912
1072448408
1610612736
1072456624
1610612736
1070878833
1073741824
1071551378
1073741824
1069476099
0
1072126065
2147483648
1072616516
2147483648
1072391366
536870912
1071029531
3221225472
1068571300
0
1072479170
3758096384
1072462909
0
1071461100
1073741824
1072693247
2684354560
37
