Uvec
2226355706
1068473792
0
1072188730
3221225472
1071828837
1610612736
1072533309
1610612736
1071317737
3221225472
1071204112
1073741824
1071189924
2147483648
1070939071
1073741824
1070367088
2147483648
1071832003
2684354560
1071372888
3221225472
1071171718
3221225472
1070678274
0
1072094159
536870912
1072625755
0
1072093936
1610612736
1071709891
0
1071759717
3221225472
1068983193
0
1072198044
2684354560
1070652148
1073741824
1072558022
2147483648
1072126245
1610612736
1069771418
0
1070702805
1073741824
1072675217
3221225472
1065377864
0
1072230156
2147483648
1071687373
2684354560
1071192912
3221225472
1071005032
1073741824
1065540952
0
1067464512
0
1071913190
3221225472
1072037235
3758096384
1071764955
0
1071416545
2147483648
1071401448
0
1071301562
0
1071877094
0
1072632342
1073741824
1072326098
1610612736
1071700810
3221225472
1069701832
0
1068347738
0
1072104209
3758096384
1069625985
0
1072447394
536870912
1068880620
0
1069686876
0
1071574103
2147483648
1072027769
2684354560
1071601698
0
1072489573
1610612736
1069666959
0
1070744984
1073741824
1069162088
0
1071297250
3221225472
1071717387
1610612736
1071984767
0
1072275514
1610612736
1071730622
1073741824
1072068979
536870912
1070648986
1073741824
1070595580
2147483648
1071981100
1610612736
1070659696
3221225472
1069008575
0
1068276804
0
1071730549
3758096384
1071430802
3221225472
1067383836
0
1072269027
3758096384
1071509000
3221225472
1072516860
3221225472
1069447439
0
1070718754
1073741824
1072587653
536870912
1070108849
0
1070876854
0
1071824569
0
1072447847
2684354560
1071249905
0
1069616925
2147483648
1072036837
2684354560
1071069240
3221225472
1070359669
2147483648
1072200281
2147483648
1071233538
2147483648
1067562480
0
1069466303
0
1072575768
2147483648
1070770560
1073741824
1072389001
0
1070924962
2147483648
1071227666
0
1071234090
0
1067438484
0
1071461100
1073741824
1072693247
2684354560
2
