Uvec
2226355706
1072205493
2147483648
1072386003
3221225472
1071772670
1610612736
1072313705
536870912
1071775004
0
1070299028
0
1072587527
1073741824
1071959270
536870912
1066682440
0
1071981098
2147483648
1071231670
3221225472
1072687770
2684354560
1068695569
0
1072448750
2147483648
1071774855
0
1071545853
0
1070744801
0
1068163272
0
1071655298
2684354560
1070690233
1073741824
1072030296
2684354560
1070794121
0
1072250761
2684354560
1070221632
0
1071753390
536870912
1072594993
2684354560
1070799527
0
1070628502
3221225472
1072584204
536870912
1072009350
2147483648
1071754426
1610612736
1071165619
1073741824
1069590856
2147483648
1069450435
0
1072291016
536870912
1072307147
2147483648
1071961675
536870912
1072122704
1610612736
1067598434
0
1071958184
3758096384
1070615714
2147483648
1071486358
1073741824
1068526385
0
1071825792
536870912
1068045550
0
1071979206
2147483648
1071915587
3221225472
1072414770
1073741824
1070908739
3221225472
1069547168
0
1068863682
0
1070576356
2147483648
1066851740
0
1071902565
1610612736
1070844531
3221225472
1071100454
0
1070778826
3221225472
1071245783
0
1071143807
2147483648
1072352574
3758096384
1071139972
0
1070790559
1073741824
1070686649
1073741824
1072290821
3221225472
1072413686
536870912
1072218528
1073741824
1071028397
1073741824
1071421711
2147483648
1068772636
0
1071873699
1610612736
1069277841
0
1070030271
2147483648
1071037214
1073741824
1072001973
2684354560
1072470226
536870912
1071839833
1610612736
1071182743
0
1068084672
0
1072491473
3221225472
1069342830
0
1071223250
1073741824
1071922860
0
1071908369
536870912
1072595532
3758096384
1070756205
3221225472
1071569831
0
1070781317
0
1071342927
1073741824
1072128604
0
1072234490
1073741824
1070944846
0
1071795854
536870912
1071397245
1073741824
1070921735
0
1071676535
1610612736
1071820212
3221225472
1071870207
1610612736
1071707964
0
1071461100
1073741824
1072693247
2684354560
33
