Uvec
2226355706
1072357381
1610612736
1072533366
3221225472
1072692913
1073741824
1071843249
3758096384
1067587836
0
1072478973
2147483648
1070725040
1073741824
1069658197
0
1071744561
3221225472
1068531409
0
1071636978
2147483648
1070608300
0
1072086975
1073741824
1069646604
0
1071699606
3758096384
1072684322
2147483648
1071757528
0
1070139584
2147483648
1070750159
0
1071043049
0
1070779563
0
1072676494
2684354560
1072666597
2147483648
1070769391
3221225472
1071774468
0
1072333343
3758096384
1070948472
3221225472
1072379455
3221225472
1070972188
1073741824
1071481762
0
1071160076
3221225472
1071232796
3221225472
1072549065
1073741824
1072600243
3221225472
1070535039
2147483648
1066439864
0
1071817002
1610612736
1071027951
2147483648
1072437468
536870912
1072627479
1073741824
1071287938
3221225472
1069102024
0
1070811817
1073741824
1071579307
0
1071773042
1073741824
1072005946
3221225472
1071862750
0
1071702448
3758096384
1071417472
2147483648
1070712300
2147483648
1071593639
1073741824
1070968057
3221225472
1072303400
1073741824
1072367955
536870912
1072144446
536870912
1072380455
2147483648
1071935556
0
1072186560
1610612736
1070476981
0
1071326013
2147483648
1071106307
0
1070146941
2147483648
1071575751
2147483648
1072428634
3758096384
1067270572
0
1072357605
3758096384
1069581523
0
1071174578
3221225472
1072403099
2684354560
1066708132
0
1071829022
1610612736
1072222617
2147483648
1069449056
0
1071937815
2147483648
1071286534
2147483648
1064337104
0
1072684059
3758096384
1069727497
2147483648
1071928405
2684354560
1068528403
0
1071128422
1073741824
1072450560
1610612736
1071783226
3758096384
1071531609
2147483648
1072066397
2147483648
1071906337
1073741824
1072428872
2684354560
1071922518
3758096384
1067244884
0
1072569604
3758096384
1068225726
0
1071740225
2684354560
1070861735
2147483648
1068170322
0
1072324318
1073741824
1071782952
2684354560
1071945326
2684354560
1072445947
536870912
1071461100
1073741824
1072693247
2684354560
69
