Uvec
2226355706
1069905762
0
1066073456
0
1071199151
3221225472
1071467490
2147483648
1072547961
1610612736
1072207375
3758096384
1072520493
3221225472
1072098095
0
1072055373
2147483648
1071890909
1610612736
1072084070
2684354560
1071390344
3221225472
1070645785
1073741824
1067073172
0
1071801778
3221225472
1070842851
3221225472
1071651036
1610612736
1069693100
2147483648
1072437091
3758096384
1071584573
3221225472
1072074432
536870912
1072644152
2147483648
1070228172
2147483648
1072691440
2684354560
1072439481
536870912
1071293121
1073741824
1071069974
2147483648
1071141904
2147483648
1072611340
2147483648
1072370135
536870912
1072155189
1610612736
1072409021
3758096384
1071856515
2147483648
1069424249
0
1072506205
0
1071733514
1073741824
1071253177
1073741824
1071215998
1073741824
1068788406
0
1071676816
3758096384
1071852378
2684354560
1071756589
1073741824
1071791447
3758096384
1071013246
2147483648
1068904542
0
1070687061
2147483648
1065582688
0
1072646089
0
1072551181
1610612736
1070832674
2147483648
1072600429
0
1070809492
1073741824
1072591805
1073741824
1067756556
0
1072381662
3221225472
1072607421
1610612736
1072574613
0
1072309554
1610612736
1071179243
1073741824
1072334010
1073741824
1071660672
3758096384
1072661631
0
1069467143
0
1071064806
2147483648
1070290790
0
1072043207
1610612736
1070555605
2147483648
1072586541
2147483648
1071860508
2684354560
1072299513
1073741824
1069406976
0
1071708637
0
1072396233
536870912
1071017824
0
1072607556
1610612736
1071849800
3221225472
1071978993
3758096384
1071487677
1073741824
1072553025
3758096384
1070930289
2147483648
1072489148
2684354560
1070242622
2147483648
1071676913
0
1070657505
3221225472
1072662946
2684354560
1072663507
3758096384
1070249664
2147483648
1071999644
536870912
1071810444
1073741824
1072134071
3758096384
1070694336
1073741824
1067258592
0
1071741582
536870912
1069006081
0
1071921583
1610612736
1069711715
0
1071083593
2147483648
1069758651
0
1071461100
1073741824
1072693247
2684354560
19
