Uvec
2226355706
1071691829
2684354560
1071584544
0
1071994732
1610612736
1069062366
0
1071432231
2147483648
1072163866
536870912
1072276712
3758096384
1069412331
0
1071731687
1073741824
1071781176
1073741824
1072201823
536870912
1072676649
3221225472
1072134724
3758096384
1068637900
0
1070893692
0
1069903457
0
1072185923
536870912
1071441287
1073741824
1072076627
1073741824
1071961493
1610612736
1069088825
0
1072293794
536870912
1071040318
2147483648
1072251772
0
1071122553
1073741824
1070356450
2147483648
1072591579
536870912
1070320432
0
1071165672
2147483648
1071722232
0
1069568817
0
1071158272
1073741824
1071318049
1073741824
1066089648
0
1072071714
2147483648
1072034134
2684354560
1072114424
0
1072607042
3758096384
1072321912
3221225472
1070030555
0
1071702414
3221225472
1071888889
0
1071810731
2684354560
1070228074
2147483648
1068579455
0
1072106344
2147483648
1071920901
2147483648
1070598077
3221225472
1072162252
3221225472
1072473468
536870912
1069806060
2147483648
1070792200
3221225472
1071553507
2147483648
1071863260
2684354560
1070180281
0
1071779262
3221225472
1070398900
2147483648
1069377020
0
1072127309
0
1072219946
1610612736
1071803569
3221225472
1072674002
3221225472
1071428445
2147483648
1064534704
0
1072142972
3758096384
1070914331
1073741824
1071715293
1610612736
1072536487
3758096384
1069329686
0
1071355330
1073741824
1065859568
0
1071616464
2147483648
1072667161
2147483648
1072522224
536870912
1068670333
0
1072219964
2684354560
1072554981
1073741824
1071689882
2147483648
1071835927
2147483648
1071138098
3221225472
1070107857
0
1070100212
2147483648
1071561522
0
1072188488
2147483648
1069262565
0
1072025798
1610612736
1072503298
1610612736
1067174768
0
1070489960
0
1072438733
2147483648
1072616366
1073741824
1072290156
2684354560
1072442931
3758096384
1071193922
2147483648
1072282229
0
1072509399
3758096384
1071346808
1073741824
1068996221
0
1071461100
1073741824
1072693247
2684354560
95
