Uvec
2226355706
1070746646
0
1071506044
3221225472
1071881157
1073741824
1070760896
3221225472
1069846936
2147483648
1072362054
536870912
1071150523
3221225472
1072182103
2147483648
1070262256
2147483648
1070494218
0
1071249277
3221225472
1072160861
3221225472
1072171919
536870912
1072382428
3221225472
1072243327
3221225472
1072144659
536870912
1069151045
0
1071752520
3758096384
1071185389
1073741824
1072332566
2147483648
1069814492
2147483648
1071965386
536870912
1071959779
1073741824
1072505509
0
1072339297
2147483648
1072157045
1610612736
1072593061
2147483648
1071103963
0
1072639475
1610612736
1070328640
0
1069792338
0
1072155424
3221225472
1072486305
536870912
1072435789
2684354560
1072136680
2684354560
1070348633
0
1071233173
0
1071820829
1073741824
1068609234
0
1069541331
0
1070663738
2147483648
1071133028
0
1071787750
536870912
1071587569
3221225472
1072612293
1073741824
1072539319
3758096384
1071808013
1073741824
1072420521
536870912
1072522225
2147483648
1071718506
3758096384
1065366688
0
1069688122
2147483648
1072650030
1610612736
1072658749
3758096384
1071895710
3221225472
1072368832
3758096384
1071088813
2147483648
1063386080
0
1070887264
0
1071922568
2684354560
1071902955
1073741824
1072429236
536870912
1072601625
536870912
1070920779
3221225472
1072468114
1073741824
1071120848
1073741824
1071902337
536870912
1072062555
2147483648
1071865163
0
1070676436
0
1071366924
1073741824
1070717136
3221225472
1071703439
0
1069143701
0
1069050341
0
1072342361
0
1071554067
0
1071770408
1610612736
1070898966
3221225472
1071187537
1073741824
1071688944
2147483648
1072225328
536870912
1071956480
1610612736
1071655755
1073741824
1070874319
3221225472
1071773749
1610612736
1069206578
0
1069024958
0
1070134718
2147483648
1069079879
0
1072625962
0
1072392434
536870912
1072346679
3758096384
1072610241
3221225472
1072302905
3758096384
1071000435
1073741824
1071039515
0
1071452742
0
1071461100
1073741824
1072693247
2684354560
48
