Uvec
2226355706
1067491624
0
1069087328
0
1066525344
0
1070535495
0
1069551331
2147483648
1070739104
0
1072240517
3758096384
1071135067
3221225472
1070315738
2147483648
1072188768
0
1071700129
1610612736
1071729194
3221225472
1070201924
0
1072545315
536870912
1069656203
2147483648
1064207680
0
1072333679
2147483648
1069941621
2147483648
1071868539
1073741824
1072242694
2684354560
1072115112
2684354560
1069629415
2147483648
1071532865
1073741824
1068899521
0
1071704047
0
1072353151
0
1071792635
1610612736
1072025541
3758096384
1068429550
0
1071884430
1073741824
1072363091
536870912
1070994661
1073741824
1072210771
536870912
1072624203
3221225472
1070764904
0
1071956214
0
1070812237
3221225472
1071880135
3758096384
1070946283
3221225472
1070177873
0
1071424840
2147483648
1072534842
536870912
1071455824
0
1071062439
1073741824
1071783571
3758096384
1071906438
1073741824
1071757786
3221225472
1072004794
1610612736
1072373492
3758096384
1072496015
2684354560
1068592087
0
1070808501
0
1068635967
0
1071019546
2147483648
1068831097
0
1070368630
2147483648
1072222888
1610612736
1071963192
1610612736
1072029550
2147483648
1070082095
0
1067570966
0
1069153076
0
1072567176
536870912
1070762431
0
1069584360
0
1071362223
2147483648
1066562412
0
1072238501
3221225472
1071312503
3221225472
1070904073
3221225472
1071913733
0
1070835607
0
1069443566
0
1072098916
3221225472
1070464525
0
1067413672
0
1072354204
2147483648
1071488607
1073741824
1072534185
1073741824
1071462367
2147483648
1071256732
2147483648
1071589858
0
1072594430
1610612736
1070389641
2147483648
1070649676
1073741824
1072540297
2684354560
1069867112
0
1072230903
536870912
1068658418
0
1072639575
1073741824
1071827351
2684354560
1071959770
2684354560
1067908832
0
1069499410
0
1069748522
2147483648
1071841887
1073741824
1071829769
536870912
1070149900
0
1071461100
1073741824
1072693247
2684354560
12
