Uvec
2226355706
1071450357
0
1070747034
3221225472
1070717614
0
1067723136
0
1070602635
3221225472
1067415060
0
1071668444
536870912
1071624808
1073741824
1064435328
0
1070293027
2147483648
1072230306
0
1072377515
536870912
1068002498
0
1071892907
536870912
1072184914
1610612736
1070606025
0
1071272041
1073741824
1068561708
0
1072337129
1610612736
1071029060
1073741824
1071953692
0
1071074283
2147483648
1069459659
0
1072183646
536870912
1070600695
3221225472
1072487714
2147483648
1072670700
0
1069021514
0
1071693670
1610612736
1071145730
2147483648
1072537145
1610612736
1071635995
3221225472
1072104873
2684354560
1068332450
0
1072080721
1610612736
1064639088
0
1071216665
2147483648
1071099115
1073741824
1072584432
1073741824
1071313422
2147483648
1070450906
2147483648
1066448436
0
1072523682
1073741824
1065770336
0
1072517941
2684354560
1071564406
0
1071882745
3221225472
1072131116
2684354560
1071664220
0
1070257041
0
1071555696
0
1071569414
3221225472
1071755027
1610612736
1072655010
1073741824
1071142457
1073741824
1071690150
1610612736
1070729382
3221225472
1071949507
0
1069547654
2147483648
1069372804
0
1071611765
3221225472
1070259047
2147483648
1072617903
1073741824
1072028511
1073741824
1072133309
536870912
1070953309
0
1071492599
0
1070961189
2147483648
1072048340
1073741824
1072055268
536870912
1066659432
0
1067841000
0
1072586615
3221225472
1070602524
2147483648
1067779382
0
1070668574
3221225472
1072280820
1610612736
1070099231
2147483648
1072047973
1610612736
1070257682
0
1071945669
2147483648
1072644236
536870912
1069815448
2147483648
1068536555
0
1071578706
0
1070532252
2147483648
1072530046
2147483648
1071925484
536870912
1072679386
1610612736
1064381088
0
1070949749
0
1069123310
0
1071634358
2147483648
1070210932
0
1069149783
0
1071531138
2147483648
1070703648
3221225472
1071293190
0
1071461100
1073741824
1072693247
2684354560
80
