Uvec
2226355706
1070635431
0
1071010361
0
1071976447
536870912
1071678643
1073741824
1071666344
3221225472
1072188593
1610612736
1070210238
2147483648
1068100700
0
1069625815
0
1072204616
536870912
1069637906
2147483648
1071493134
1073741824
1068673756
0
1072042917
1073741824
1070138773
0
1070682026
0
1070761287
0
1072587710
0
1072335322
2684354560
1072046043
2684354560
1072070972
1610612736
1071906072
1610612736
1072295780
536870912
1070759282
0
1072246594
1073741824
1069489499
0
1072036194
3758096384
1071947774
2684354560
1072158320
3221225472
1072312966
3758096384
1071389559
3221225472
1072674026
3221225472
1072222305
1610612736
1070259557
2147483648
1071974296
1073741824
1068473300
0
1068310360
0
1071876839
2684354560
1071957701
2147483648
1072669986
2684354560
1066319128
0
1072612052
2147483648
1069873749
2147483648
1071700648
536870912
1072187804
1610612736
1068421172
0
1072274834
3758096384
1068726458
0
1072294710
3758096384
1070974521
2147483648
1068792871
0
1071662755
1073741824
1068825361
0
1069967504
0
1072061036
0
1072681798
0
1071458824
3221225472
1071746747
1610612736
1072097597
1073741824
1071754535
1610612736
1071973726
1073741824
1070257568
0
1070430607
2147483648
1070630928
2147483648
1072100097
2147483648
1070810046
3221225472
1071799474
1073741824
1071819067
1073741824
1071805820
2684354560
1071197888
2147483648
1069541567
0
1069098563
0
1072300852
1073741824
1072548858
1073741824
1071397485
1073741824
1072252905
1073741824
1071841851
2684354560
1069073057
0
1072524668
2147483648
1071727311
1610612736
1071987211
2147483648
1071416291
1073741824
1072185400
1073741824
1069805467
0
1071980292
2147483648
1069738752
2147483648
1071915018
2684354560
1070973538
0
1070807341
3221225472
1070833593
1073741824
1071724128
3221225472
1071377820
1073741824
1071842376
1610612736
1072425373
536870912
1072467571
2684354560
1071190276
1073741824
1069600528
2147483648
1069033172
0
1071461100
1073741824
1072693247
2684354560
52
