Uvec
2226355706
1071019279
0
1070843768
3221225472
1072409623
3221225472
1071001448
1073741824
1069717927
2147483648
1070912330
2147483648
1069135737
0
1069753270
2147483648
1070911335
1073741824
1070699233
1073741824
1070904687
0
1072274186
3758096384
1072325341
3758096384
1071842199
1610612736
1071098682
2147483648
1071839367
2147483648
1068023284
0
1072057862
536870912
1072043488
536870912
1071246541
0
1068212292
0
1070764514
3221225472
1072094766
536870912
1070777668
2147483648
1071313197
0
1072574421
536870912
1071680871
0
1071089711
3221225472
1071829723
1610612736
1071619611
3221225472
1072405505
536870912
1072378289
3221225472
1066957180
0
1071525943
0
1069816982
2147483648
1071177527
3221225472
1069030133
0
1071594317
1073741824
1069965840
0
1072175356
3221225472
1072415268
1610612736
1071907843
3221225472
1071942541
3221225472
1068893232
0
1070489772
0
1070873693
2147483648
1071978965
0
1070380338
0
1071705861
1073741824
1071716162
0
1070108793
2147483648
1072335579
3221225472
1072222084
3758096384
1072168311
2684354560
1071725807
3758096384
1068169942
0
1071413172
2147483648
1069711159
0
1067778908
0
1069687472
2147483648
1070755171
1073741824
1070607897
0
1071061325
3221225472
1071601441
3221225472
1071953823
2147483648
1072127764
2684354560
1071678852
0
1068967865
0
1069967433
2147483648
1068614303
0
1072501816
2147483648
1071280650
1073741824
1072426796
2684354560
1070114982
0
1071257530
1073741824
1072008563
2684354560
1070605636
0
1071274861
0
1067914138
0
1072553245
1610612736
1071219287
2147483648
1072211045
2147483648
1071697940
1610612736
1071794715
3758096384
1072209443
2684354560
1072007923
3758096384
1072650962
3221225472
1070644786
2147483648
1072619158
0
1071815842
2147483648
1070822366
0
1072045529
1073741824
1069779494
2147483648
1072481204
0
1072314357
0
1070906119
1073741824
1070732910
3221225472
1072610747
2147483648
1071461100
1073741824
1072693247
2684354560
64
