Uvec
2226355706
1072053294
3221225472
1070983190
3221225472
1071422044
3221225472
1069558201
0
1068124896
0
1072226055
0
1072686997
3221225472
1071025289
0
1072012531
1073741824
1072271215
2147483648
1067637720
0
1072475120
2684354560
1068329944
0
1072009416
0
1072102665
0
1070788919
0
1071052828
1073741824
1072073307
536870912
1072360822
536870912
1071804104
3221225472
1066707384
0
1071889281
1073741824
1070706474
3221225472
1070926203
2147483648
1072057188
2684354560
1072679911
0
1070754527
1073741824
1071514094
1073741824
1070923010
3221225472
1072472342
2684354560
1072455738
3758096384
1070271686
0
1070431361
0
1069982721
2147483648
1068531405
0
1071898944
3221225472
1072573048
2147483648
1071445831
3221225472
1071316914
1073741824
1070622944
0
1071174073
2147483648
1070663908
3221225472
1070789092
3221225472
1072054746
536870912
1072366340
1610612736
1071398812
2147483648
1070303906
2147483648
1071140761
2147483648
1068572190
0
1072483948
3221225472
1070214865
0
1067215620
0
1072353209
3758096384
1072666013
1073741824
1072545432
2684354560
1072228341
2147483648
1072304203
2684354560
1072257184
0
1071714845
3758096384
1072553816
536870912
1072170815
1073741824
1070878110
3221225472
1072472968
0
1070794154
3221225472
1069856179
0
1068389342
0
1070616379
2147483648
1072615012
3221225472
1072061799
2147483648
1071734244
1610612736
1071697432
2147483648
1072553307
2147483648
1067249796
0
1072038701
2684354560
1072291060
0
1071108281
2147483648
1072045586
1073741824
1071566384
0
1072061648
1073741824
1070270273
0
1070825922
0
1071066464
2147483648
1072353986
1073741824
1071677484
1073741824
1069797211
2147483648
1072595327
1073741824
1070021080
0
1070889120
2147483648
1069567358
2147483648
1072467670
536870912
1072160873
536870912
1071755525
0
1069693370
0
1070299358
0
1071905721
536870912
1070964134
3221225472
1071673001
2147483648
1072185246
0
1071461100
1073741824
1072693247
2684354560
59
