Uvec
2226355706
1071733595
0
1071343677
1073741824
1070664250
2147483648
1072492683
536870912
1072300904
1073741824
1071518242
1073741824
1069878747
0
1072309110
3221225472
1070078815
2147483648
1070680155
1073741824
1072038065
1610612736
1071440358
2147483648
1069716356
2147483648
1071366543
2147483648
1071709973
0
1071535159
0
1071735062
1610612736
1072647482
536870912
1072143455
3221225472
1072159487
536870912
1070849841
2147483648
1071757084
3221225472
1071722410
2147483648
1071673626
1073741824
1072589137
3758096384
1072318465
3758096384
1071274590
3221225472
1068873874
0
1070830627
2147483648
1070825831
3221225472
1071143583
2147483648
1072437926
2147483648
1072588011
2147483648
1071384675
0
1072681967
2147483648
1071243369
1073741824
1072016951
2684354560
1072639757
2684354560
1070972619
1073741824
1071859253
1610612736
1071982021
536870912
1071440116
3221225472
1072246358
3221225472
1071451929
2147483648
1070878617
1073741824
1069702263
0
1072571626
3221225472
1072607468
3221225472
1070517219
2147483648
1067277888
0
1071889179
3221225472
1069822649
0
1067759604
0
1072457989
3221225472
1072154397
3221225472
1072476311
536870912
1071756427
0
1070105305
2147483648
1069540754
0
1071570800
1073741824
1071711073
3758096384
1072355934
2147483648
1071760298
2684354560
1068599187
0
1072219260
2147483648
1071416978
2147483648
1072414998
2684354560
1071761156
1073741824
1072204172
3221225472
1070191557
2147483648
1071999269
3221225472
1070604162
1073741824
1072530407
536870912
1070165971
0
1070649598
0
1072312485
536870912
1070599809
3221225472
1068787730
0
1072189923
536870912
1070993595
2147483648
1070928920
1073741824
1070968228
0
1069825998
0
1070272657
0
1072380238
2147483648
1071222905
2147483648
1071761338
1610612736
1072586371
1073741824
1068131334
0
1072416616
3758096384
1072103834
2147483648
1070999935
2147483648
1067916174
0
1071774765
2684354560
1071570316
3221225472
1071808818
2147483648
1072224801
3758096384
1069184347
0
1071461100
1073741824
1072693247
2684354560
54
