Uvec
2226355706
1070275740
2147483648
1072290798
2147483648
1070866287
1073741824
1072467736
2147483648
1070662886
3221225472
1072642649
2684354560
1071738502
3221225472
1069640626
0
1072383417
1610612736
1071501078
2147483648
1069857095
2147483648
1070947717
3221225472
1072139602
1610612736
1072338446
2147483648
1071371121
3221225472
1071748960
2147483648
1069795153
2147483648
1072256620
3221225472
1072653972
3221225472
1071101785
1073741824
1070951345
0
1072168712
3221225472
1072499412
1610612736
1071903346
1073741824
1070685045
2147483648
1070205971
0
1071594685
2147483648
1072375244
1073741824
1071188316
2147483648
1068122794
0
1071886135
3758096384
1072533937
1073741824
1072506763
2684354560
1069340651
0
1072549588
1610612736
1071361044
1073741824
1070175781
0
1071141805
0
1071378635
3221225472
1071759548
1073741824
1072599056
1073741824
1071747709
1073741824
1070107750
0
1072625724
0
1071685717
1073741824
1072367586
3758096384
1068330870
0
1072390710
1073741824
1071621183
1073741824
1071786561
2684354560
1069281797
0
1071703414
2147483648
1072147969
3758096384
1071011547
0
1071608680
3221225472
1068805233
0
1071930681
2147483648
1072004862
536870912
1071641393
2147483648
1071067697
3221225472
1070556811
2147483648
1072441460
1610612736
1072070624
3221225472
1071790440
1073741824
1065521568
0
1071310252
0
1071871028
1073741824
1071656074
3221225472
1069089933
0
1071139730
0
1070730324
0
1070865082
1073741824
1071779927
3221225472
1071111101
3221225472
1072605424
1073741824
1072013998
3758096384
1071264959
0
1070632920
1073741824
1072547909
1610612736
1072404124
2684354560
1071665778
3758096384
1071304895
2147483648
1070167596
2147483648
1072004440
3221225472
1072681762
2684354560
1069648408
0
1069666013
2147483648
1072027375
1610612736
1071213799
1073741824
1072239029
3758096384
1068857183
0
1072098651
1610612736
1068867181
0
1068630534
0
1069565497
2147483648
1072463415
2147483648
1072563829
3221225472
1071555474
2147483648
1071461100
1073741824
1072693247
2684354560
83
