Uvec
2226355706
1072054052
0
1068058506
0
1070630223
3221225472
1072230398
536870912
1069948269
0
1072573264
1073741824
1072427331
2147483648
1072143426
3221225472
1071731934
0
1072052660
1073741824
1072652771
0
1071979128
3758096384
1067866260
0
1071547046
0
1072002666
1610612736
1072599305
3221225472
1070797495
3221225472
1072419322
2684354560
1072156984
0
1072387837
1073741824
1071837117
1610612736
1071930248
2147483648
1068414556
0
1072118268
0
1072118637
2684354560
1071144785
1073741824
1072507166
3221225472
1072506991
0
1070379340
0
1072607947
3758096384
1072297667
1073741824
1070359749
0
1068541768
0
1069887264
0
1072351693
2147483648
1070003498
0
1071287903
1073741824
1071186262
0
1071423851
1073741824
1071268409
3221225472
1072311032
1610612736
1071812082
536870912
1070842984
0
1072384581
1073741824
1069620395
0
1068852632
0
1071333764
2147483648
1070575078
0
1071889143
536870912
1071590371
0
1072391421
3758096384
1067509662
0
1072513348
0
1072652510
0
1069955484
2147483648
1066213520
0
1069367768
0
1071968362
3221225472
1069948582
0
1071050122
1073741824
1070635893
2147483648
1072016098
1073741824
1071731373
3758096384
1070036427
0
1068607041
0
1066128928
0
1072053126
2147483648
1071907649
1073741824
1068727696
0
1071686587
1610612736
1072164138
2684354560
1072024954
2147483648
1071636053
2147483648
1071859371
2684354560
1070067122
0
1071849184
3758096384
1071874931
536870912
1072611432
3221225472
1072039229
1073741824
1072326540
3758096384
1072525094
1073741824
1072103864
1073741824
1072119167
536870912
1067639444
0
1070477637
2147483648
1068696964
0
1071597211
0
1070093089
0
1072164979
2684354560
1072663931
2684354560
1070998968
1073741824
1072157212
3221225472
1072127349
2147483648
1070565903
0
1072023533
2684354560
1070740347
0
1070222209
2147483648
1061406592
0
1071461100
1073741824
1072693247
2684354560
77
