Uvec
2226355706
1069746527
0
1072407048
536870912
1072243832
1073741824
1071311665
0
1071573753
1073741824
1069715034
0
1071973855
0
1070674414
3221225472
1071051665
2147483648
1070899515
2147483648
1072654688
2684354560
1071696959
3221225472
1072592780
1073741824
1072573087
3221225472
1071687796
2147483648
1071584442
0
1072235243
3758096384
1072034793
0
1072304757
0
1072332269
0
1071506616
2147483648
1069867778
2147483648
1070839009
3221225472
1072266442
2147483648
1072378684
0
1068908001
0
1071951485
1610612736
1071135404
1073741824
1071738683
1073741824
1072118191
3221225472
1067458454
0
1071443779
0
1069370449
0
1070712823
2147483648
1072380988
3758096384
1072191920
1073741824
1070670239
3221225472
1070298367
0
1071232654
0
1070645813
3221225472
1066064824
0
1072230055
536870912
1071820546
2684354560
1072639714
536870912
1069999411
2147483648
1071742879
3221225472
1072421609
1073741824
1070558422
2147483648
1069992450
2147483648
1069750384
0
1072351975
3758096384
1071177412
0
1071776508
1073741824
1072210574
2684354560
1072130387
536870912
1072008144
0
1071389140
0
1071580650
0
1071034489
2147483648
1070667838
0
1067651096
0
1071906362
2147483648
1072629046
536870912
1072412349
1610612736
1072602193
3221225472
1071755313
2684354560
1070987117
0
1065783632
0
1072351453
1073741824
1072073016
3221225472
1072463159
3221225472
1070284856
0
1071492268
2147483648
1071380526
2147483648
1068722999
0
1072404797
1073741824
1071797093
3221225472
1071722713
1073741824
1072549133
1073741824
1066505368
0
1072607734
0
1071048772
0
1071735385
1610612736
1071441196
2147483648
1068900425
0
1072504398
1073741824
1071026312
3221225472
1069820704
2147483648
1072383977
1073741824
1069735910
0
1071507274
1073741824
1069263632
0
1071724108
0
1071895871
536870912
1072564017
1610612736
1067962960
0
1072662186
2684354560
1072608499
0
1071461100
1073741824
1072693247
2684354560
82
