Uvec
2226355706
1071740515
1073741824
1069278870
0
1071302980
0
1070337791
2147483648
1072350575
2684354560
1072114507
1610612736
1072512286
0
1071378276
2147483648
1069641401
2147483648
1072607634
1610612736
1066017136
0
1071835317
1610612736
1070341573
0
1072676855
3758096384
1067525624
0
1070759372
3221225472
1072241223
3758096384
1072623106
2684354560
1071827791
3221225472
1072454266
536870912
1071031668
0
1072600883
536870912
1071996545
3758096384
1071043686
2147483648
1072643013
1073741824
1072686762
3758096384
1070245889
0
1072168960
1610612736
1071709002
3758096384
1071214400
1073741824
1072684865
3221225472
1070302605
2147483648
1070996887
2147483648
1072322896
0
1071014313
2147483648
1070196376
0
1069457543
0
1071682892
536870912
1071821568
3221225472
1072592884
3758096384
1070316779
2147483648
1071743211
0
1072672258
3221225472
1072074319
3221225472
1072064239
2684354560
1067807974
0
1071066280
3221225472
1071012969
1073741824
1072216169
2684354560
1072310752
0
1070132980
2147483648
1072397907
2684354560
1071928910
536870912
1072270780
3221225472
1070045980
0
1072354861
1073741824
1071729094
2684354560
1065119408
0
1069502958
0
1067120352
0
1068893028
0
1072409240
3221225472
1072374475
3758096384
1071761638
2147483648
1069299131
0
1070820646
1073741824
1072584000
0
1070854888
0
1071461120
1073741824
1071864696
3221225472
1072408483
536870912
1070326898
0
1072620817
1073741824
1071371737
2147483648
1072151291
3221225472
1071734942
2684354560
1071812893
2684354560
1072566674
2684354560
1069141053
0
1068824649
0
1072431063
2684354560
1070957939
2147483648
1070257238
0
1071416729
1073741824
1072170869
1610612736
1067794218
0
1066591676
0
1071069722
0
1070678458
3221225472
1071492342
3221225472
1070792170
3221225472
1071390183
2147483648
1071670819
2147483648
1072229441
1610612736
1070150091
2147483648
1068701734
0
1072564442
2684354560
1072226351
3221225472
1071461100
1073741824
1072693247
2684354560
2
