Uvec
2226355706
1072362816
1073741824
1071578620
1073741824
1065586080
0
1068124410
0
1072217360
1073741824
1070994503
0
1070645427
1073741824
1072475349
3758096384
1070192212
0
1069954863
2147483648
1072616332
2147483648
1070418847
0
1069654014
2147483648
1072510230
0
1071785349
1610612736
1071968873
3758096384
1072546119
1073741824
1072676507
1610612736
1070699458
0
1072598689
2147483648
1071429309
1073741824
1068567122
0
1071403126
0
1072327418
2684354560
1072204055
1073741824
1071376299
3221225472
1071736914
1073741824
1070805121
2147483648
1072498111
2684354560
1071034667
3221225472
1070520706
0
1069689214
2147483648
1071215336
1073741824
1070440394
2147483648
1072603214
536870912
1065187040
0
1071746693
3221225472
1071025031
1073741824
1068870384
0
1072548357
536870912
1071173592
0
1071159691
0
1071150256
0
1072024266
3758096384
1071470690
1073741824
1070201860
0
1072274104
3758096384
1070751071
1073741824
1067760100
0
1071246351
0
1071149614
1073741824
1070776228
2147483648
1072676091
1610612736
1069069747
0
1070968588
1073741824
1072216184
3221225472
1072095620
2684354560
1072568099
1610612736
1069686693
0
1072217489
1073741824
1071974259
3758096384
1071662424
1073741824
1072669731
1610612736
1072190737
2147483648
1071563814
1073741824
1069168934
0
1071325692
3221225472
1072389074
1610612736
1071723685
536870912
1072150854
536870912
1071771150
1610612736
1071943127
2147483648
1072550208
3221225472
1072616440
1610612736
1070866395
3221225472
1071049677
1073741824
1070817227
1073741824
1072387304
536870912
1068978063
0
1071679056
3758096384
1067516538
0
1070859618
0
1072610680
2147483648
1071610781
1073741824
1070042539
0
1070426231
0
1070077273
0
1072353509
1610612736
1071660259
1073741824
1072502853
2684354560
1069758063
0
1071349584
2147483648
1066761216
0
1071290397
2147483648
1072568346
3758096384
1071703362
3221225472
1072593138
2684354560
1072345581
1073741824
1071461100
1073741824
1072693247
2684354560
67
