Uvec
2226355706
1072258663
3221225472
1072493797
3758096384
1069706038
0
1072608413
2684354560
1071768557
3221225472
1071677600
536870912
1071091166
3221225472
1067093288
0
1072526531
3758096384
1072233605
1073741824
1070953123
1073741824
1072264507
3221225472
1071929317
536870912
1072327033
1073741824
1072102226
536870912
1070362505
0
1069207956
0
1071773834
3221225472
1068437678
0
1072289772
536870912
1071825646
0
1071586955
1073741824
1070791536
1073741824
1071959456
3221225472
1071124136
0
1071767231
0
1072148120
3758096384
1071897000
2684354560
1071647964
3758096384
1070034639
0
1070147758
2147483648
1071114178
1073741824
1071272701
0
1070188427
2147483648
1070739154
1073741824
1071312296
1073741824
1072317054
1610612736
1069595435
0
1067304196
0
1071679946
0
1070320717
0
1071371875
0
1071728153
536870912
1071779036
2147483648
1069388111
0
1071444360
2147483648
1069919343
0
1070834875
0
1072427806
0
1070777419
0
1072173764
2684354560
1072663335
1610612736
1071205339
2147483648
1068865697
0
1070163502
2147483648
1071763126
3221225472
1071934842
1610612736
1070632768
1073741824
1071711723
2147483648
1068269974
0
1070415160
0
1072441313
3221225472
1071203003
2147483648
1069070417
0
1069355501
0
1068919890
0
1070769465
0
1071593860
0
1072460380
1073741824
1072144126
1610612736
1071678787
3221225472
1071485273
3221225472
1072588654
3221225472
1069992250
0
1071491921
1073741824
1068939226
0
1071124737
0
1072274047
2684354560
1071070246
0
1072218773
0
1071516502
1073741824
1071451149
3221225472
1072378334
2684354560
1071866690
3221225472
1068858011
0
1071840352
3221225472
1071435726
1073741824
1072502745
2684354560
1068478502
0
1072211981
2684354560
1071658222
3758096384
1072422763
1073741824
1071705851
2684354560
1070724117
0
1071613862
3221225472
1069046379
0
1066932644
0
1072566281
3221225472
1071461100
1073741824
1072693247
2684354560
44
