Uvec
2226355706
1070181007
0
1069056313
0
1072250034
1073741824
1070259455
0
1069803604
0
1071015001
3221225472
1070691107
0
1071760537
1073741824
1070935353
2147483648
1064400352
0
1072265449
1610612736
1071572977
3221225472
1071720749
1610612736
1071060041
0
1072404804
1610612736
1069638478
2147483648
1069951348
2147483648
1069778071
0
1070967664
3221225472
1072290562
3758096384
1070643133
1073741824
1069759724
0
1071993932
1073741824
1071813985
1610612736
1072489617
3758096384
1067113068
0
1069665086
0
1070746325
0
1072608284
3758096384
1072271311
3221225472
1071530947
3221225472
1071645949
2684354560
1070824173
2147483648
1070811969
3221225472
1071284663
2147483648
1072568848
2147483648
1070221158
0
1071063433
0
1070119132
2147483648
1069183988
0
1071550449
2147483648
1071959769
2147483648
1072683219
2147483648
1069669246
0
1070560499
2147483648
1072065454
536870912
1072530786
3758096384
1072047790
1073741824
1072066594
2684354560
1070793630
0
1072319195
3221225472
1069702978
0
1072470822
3758096384
1071481354
1073741824
1071800264
0
1069999327
0
1072331266
1073741824
1070765681
1073741824
1070262230
2147483648
1071899175
0
1072046395
2147483648
1072429134
2684354560
1072002495
536870912
1072225721
536870912
1071967366
1073741824
1072007801
3221225472
1072448919
2147483648
1072175931
3758096384
1071719158
1073741824
1072001333
3221225472
1069512313
0
1071788942
3758096384
1066508364
0
1070560571
2147483648
1072333113
3758096384
1071796968
1073741824
1071925007
1610612736
1071728504
2684354560
1072652643
536870912
1072278535
536870912
1072072783
1073741824
1072302776
3758096384
1072296488
3758096384
1072223200
1610612736
1072389767
2147483648
1072113738
2147483648
1072549786
2147483648
1069158364
0
1072078341
3221225472
1069771408
0
1072303220
2684354560
1072010857
1610612736
1072064869
1610612736
1072511176
3221225472
1071978833
1610612736
1072015377
2147483648
1071876331
3221225472
1072573963
536870912
1071461100
1073741824
1072693247
2684354560
14
