Uvec
2226355706
1069632226
2147483648
1072105588
1073741824
1070074086
2147483648
1072478908
2147483648
1070132152
2147483648
1068705715
0
1070543396
2147483648
1066882640
0
1072121556
536870912
1070886917
1073741824
1072017668
536870912
1071621735
1073741824
1071414715
1073741824
1072345893
1073741824
1069992704
2147483648
1069579072
0
1072086608
2147483648
1071687493
2147483648
1072165743
1073741824
1071763643
536870912
1072691820
2147483648
1071410787
0
1071801909
2147483648
1070080186
0
1065639400
0
1071389104
2147483648
1072174781
1073741824
1071045994
1073741824
1068998349
0
1071876111
0
1071772831
536870912
1070648747
3221225472
1071461734
1073741824
1065087552
0
1071029958
2147483648
1072394541
3221225472
1070740840
1073741824
1071770072
1073741824
1070019188
0
1070877621
2147483648
1069804819
0
1071233054
0
1070768222
0
1071697841
1610612736
1072380949
3758096384
1071779268
1610612736
1072541685
0
1072447990
0
1071909081
2147483648
1071382700
0
1071905951
2147483648
1067719688
0
1072654577
3221225472
1071736600
2147483648
1070458412
0
1070611190
3221225472
1068627101
0
1069912455
0
1070724971
0
1069768903
0
1072012784
3758096384
1072352807
3221225472
1072591114
3221225472
1071204051
3221225472
1072050875
2147483648
1071792054
3221225472
1071852217
1073741824
1071741285
1073741824
1065663952
0
1070958393
1073741824
1070276013
2147483648
1072404188
2147483648
1069585567
2147483648
1071939739
2147483648
1071735249
1610612736
1072665541
0
1071961711
2147483648
1072417331
2147483648
1071672926
1610612736
1072428025
0
1071132495
0
1071992304
2684354560
1072237997
3221225472
1072625321
2684354560
1065654232
0
1071219149
1073741824
1071988071
1073741824
1070953881
2147483648
1069962083
0
1069697067
2147483648
1072054349
0
1072023584
3758096384
1070719604
1073741824
1069368204
0
1070657069
3221225472
1071807793
2684354560
1072657852
2147483648
1072640003
0
1071461100
1073741824
1072693247
2684354560
65
