Uvec
2226355706
1072152968
3758096384
1072343429
2147483648
1071748067
3758096384
1072687532
0
1070085149
0
1067453910
0
1072508757
2147483648
1071675560
2684354560
1070873918
0
1070925961
2147483648
1068191350
0
1070799881
2147483648
1067673396
0
1070078280
2147483648
1072089497
2147483648
1072011421
1610612736
1071742296
3758096384
1072290118
1610612736
1072352613
0
1070107802
2147483648
1072513642
536870912
1072088373
3221225472
1072498660
1073741824
1070902963
1073741824
1072598579
536870912
1071949180
536870912
1072547165
3758096384
1069677709
2147483648
1072451544
2684354560
1070081351
2147483648
1071455223
2147483648
1072092537
2147483648
1071981317
2684354560
1071366201
0
1072469453
1073741824
1070204994
0
1069836314
2147483648
1071696980
0
1072506837
536870912
1071791920
2684354560
1070439526
2147483648
1071957988
536870912
1072339989
536870912
1071846326
2147483648
1071833645
2147483648
1071100573
2147483648
1072222343
1610612736
1070476356
2147483648
1071261939
3221225472
1072138181
1610612736
1071235425
1073741824
1071434130
0
1068441934
0
1070814516
1073741824
1072108781
3758096384
1070225189
0
1071657976
3758096384
1072136795
2684354560
1071920733
536870912
1071190992
3221225472
1069750160
2147483648
1069660681
0
1072611348
0
1072284702
536870912
1070699370
1073741824
1070151939
0
1071877723
3758096384
1072324399
0
1072119578
0
1072640310
3758096384
1072233605
3758096384
1071590032
1073741824
1072689761
2684354560
1072605040
3221225472
1068669762
0
1072572998
2684354560
1072532804
2147483648
1071873755
2147483648
1072572607
2147483648
1071997234
3221225472
1072177899
3221225472
1071965893
1610612736
1072491726
1610612736
1071718358
2147483648
1071976916
3221225472
1070176912
0
1070264744
0
1072134732
536870912
1072053246
1073741824
1070923938
2147483648
1072093958
1073741824
1072157262
0
1064690656
0
1072574827
3758096384
1070233365
0
1071723533
536870912
1072130905
3221225472
1069553525
2147483648
1071461100
1073741824
1072693247
2684354560
26
