Uvec
2226355706
1072218160
2147483648
1071409860
0
1072630636
3758096384
1071694760
3221225472
1071538233
0
1069572073
2147483648
1071942799
3221225472
1071154026
2147483648
1071853136
1073741824
1071941923
536870912
1072384998
2147483648
1070055713
0
1071773785
1073741824
1072029552
3221225472
1071699855
536870912
1071275344
2147483648
1071350937
2147483648
1072692424
1073741824
1070745942
0
1072004038
1610612736
1071453426
3221225472
1071834657
2147483648
1071881846
2684354560
1072248593
1073741824
1072213344
2147483648
1072075440
0
1071760553
3221225472
1072083056
3221225472
1068007540
0
1071124449
3221225472
1072308474
3221225472
1070263497
0
1069290895
0
1072308716
536870912
1072245624
1610612736
1070012082
2147483648
1072241470
2684354560
1071778602
536870912
1071538349
0
1071700535
3221225472
1072674240
3758096384
1070449210
0
1072120580
1610612736
1071925528
0
1068692077
0
1070777161
2147483648
1071128978
2147483648
1071072257
1073741824
1072591024
3758096384
1070443450
2147483648
1072246510
1073741824
1072298131
3758096384
1072147544
3221225472
1071925893
3221225472
1070522703
2147483648
1072003395
0
1069721684
0
1072240120
1610612736
1072300016
536870912
1068637669
0
1071648827
2147483648
1068430608
0
1072529137
3221225472
1071872987
2684354560
1072326276
1073741824
1070619129
0
1072004641
0
1072141591
1073741824
1071106915
1073741824
1072676974
2147483648
1071959436
3221225472
1070945425
1073741824
1071955784
0
1071788109
536870912
1072636528
3758096384
1072668120
3221225472
1072376447
536870912
1072139236
2147483648
1072171864
2684354560
1066464000
0
1072358596
1073741824
1072467878
2147483648
1071967424
0
1071841428
3758096384
1070335465
2147483648
1071998916
536870912
1072150274
3758096384
1070315050
0
1071674509
536870912
1069366493
0
1069177643
0
1072165132
0
1071179559
1073741824
1067038424
0
1070367599
0
1071137467
1073741824
1071724204
2147483648
1071957992
1073741824
1071461100
1073741824
1072693247
2684354560
44
