Uvec
2226355706
1067751846
0
1071719297
1073741824
1070209943
2147483648
1071722757
536870912
1072609665
536870912
1066214704
0
1071014492
0
1071063921
2147483648
1072586736
2147483648
1070746800
1073741824
1071507525
0
1068778871
0
1069874355
0
1072373234
2147483648
1069083236
0
1071650401
0
1072534653
0
1070606681
2147483648
1072030744
3221225472
1072535162
3221225472
1065984640
0
1069868739
2147483648
1067070680
0
1071864932
3758096384
1071911345
536870912
1071527407
2147483648
1072097410
536870912
1072334259
2684354560
1070046395
2147483648
1072671186
3758096384
1072415394
2684354560
1072466886
2147483648
1071978915
1610612736
1072655706
1073741824
1072158188
3758096384
1072623728
2147483648
1072546591
1073741824
1072138494
2684354560
1070148316
0
1072331936
3221225472
1070903770
2147483648
1070984979
0
1070411697
0
1072053798
0
1072563731
1610612736
1071791179
0
1071059810
2147483648
1071891397
0
1068252080
0
1069385369
0
1070684178
2147483648
1072598232
0
1070251190
2147483648
1072476173
3221225472
1072060077
1610612736
1072656161
3221225472
1069993541
2147483648
1072372517
1073741824
1072251482
536870912
1069574351
0
1072649663
3758096384
1072174538
1073741824
1072232899
3221225472
1071309915
2147483648
1070771657
1073741824
1072443141
0
1071551105
0
1072471329
536870912
1071666367
2147483648
1071647095
536870912
1069232465
0
1069934721
2147483648
1071652661
1610612736
1072624476
3221225472
1071439751
2147483648
1071228131
2147483648
1071797634
0
1067871744
0
1071904408
0
1072512498
1073741824
1068362516
0
1072390251
536870912
1071453231
2147483648
1072691386
536870912
1070965952
0
1072531821
2147483648
1070464006
2147483648
1071366293
1073741824
1072410545
0
1072437743
1073741824
1071874111
0
1072249408
3221225472
1070587162
0
1072221141
536870912
1072213300
3758096384
1070244168
2147483648
1072342748
2684354560
1071465113
0
1071461100
1073741824
1072693247
2684354560
64
