Uvec
2226355706
1070772638
3221225472
1070535396
2147483648
1072252206
2147483648
1072494301
3221225472
1069599780
2147483648
1072068138
3758096384
1071862759
536870912
1071755853
2684354560
1071760901
1610612736
1071804739
3221225472
1072680953
3221225472
1071976501
0
1069276041
0
1072397997
0
1071279196
3221225472
1072154873
536870912
1069107854
0
1069855427
0
1069491038
0
1071585213
3221225472
1068826618
0
1068278004
0
1072179516
3221225472
1071984753
3221225472
1072467400
1610612736
1072053391
1610612736
1072137739
1073741824
1071984876
1610612736
1070923066
1073741824
1070847892
2147483648
1072454352
536870912
1072608427
1610612736
1068512724
0
1071905677
1610612736
1072548471
2147483648
1072375005
2684354560
1072615579
3758096384
1068219218
0
1072413755
536870912
1072642984
3221225472
1071848368
3758096384
1070456646
2147483648
1072541995
1073741824
1071933004
1073741824
1072516449
1610612736
1072427988
3758096384
1071956723
2684354560
1071626583
0
1072084934
0
1071489601
1073741824
1071766495
3221225472
1072588748
1073741824
1068148200
0
1070211835
2147483648
1071180203
1073741824
1072038328
2147483648
1072457152
2684354560
1072598028
536870912
1071824096
2684354560
1070685836
3221225472
1068130344
0
1072550126
2147483648
1071002197
0
1071372663
2147483648
1071906120
3221225472
1072433168
3221225472
1069960844
0
1072305861
1073741824
1071471909
2147483648
1068046902
0
1070986161
3221225472
1068787417
0
1072229333
3221225472
1071909734
3221225472
1072528928
2684354560
1072230018
3221225472
1066725028
0
1072291564
1073741824
1071843517
3758096384
1072524637
2684354560
1070908742
1073741824
1072663923
2684354560
1072136780
3221225472
1068706985
0
1072309567
536870912
1066019936
0
1072661853
1610612736
1072363286
2684354560
1071885893
2147483648
1072272915
2684354560
1071322326
2147483648
1070924451
2147483648
1069809306
2147483648
1070881891
3221225472
1070807506
1073741824
1072471702
1073741824
1069564979
2147483648
1065517952
0
1071461100
1073741824
1072693247
2684354560
82
