Uvec
2226355706
1071452653
1073741824
1071499833
0
1072601351
3221225472
1071136303
3221225472
1069575326
0
1072527695
536870912
1067382012
0
1072410997
3758096384
1072652988
2684354560
1072159139
536870912
1069588105
0
1070827438
0
1067500936
0
1071605871
2147483648
1069950202
0
1071723664
0
1069296039
0
1071710826
2147483648
1072503129
3758096384
1071132953
3221225472
1071870997
2684354560
1072085557
3221225472
1072326883
3221225472
1072243476
536870912
1070860702
3221225472
1071512092
1073741824
1072464017
1073741824
1071479771
3221225472
1072514836
2147483648
1072013454
2684354560
1071913751
2684354560
1070262830
2147483648
1072009452
2684354560
1071498039
0
1072520192
536870912
1068455564
0
1072018999
2684354560
1072556763
1073741824
1070920643
3221225472
1066361776
0
1069813963
0
1071898834
3221225472
1071013147
3221225472
1072048627
536870912
1072164980
3221225472
1071753142
536870912
1070783795
3221225472
1070017574
0
1072326206
0
1072359711
0
1071362361
0
1072514711
0
1071264286
2147483648
1070592058
0
1071958102
2684354560
1072444569
0
1072051510
1610612736
1069654082
0
1072603465
2684354560
1071775017
3758096384
1071325609
3221225472
1071533512
1073741824
1072285115
1073741824
1071343138
3221225472
1069590351
0
1072059510
1610612736
1070289265
2147483648
1070882429
2147483648
1070967724
1073741824
1072359991
3758096384
1072642714
536870912
1072373500
0
1072683230
1073741824
1069992383
0
1068688938
0
1072648444
3221225472
1071561956
3221225472
1071626345
2147483648
1072016213
536870912
1071787824
1610612736
1071897736
3221225472
1071949758
0
1072374005
3221225472
1068873372
0
1072390362
3221225472
1071091916
1073741824
1071664537
3221225472
1071792475
1610612736
1071106647
0
1072537123
2684354560
1072315810
536870912
1072190819
3221225472
1072647380
2147483648
1072016550
2684354560
1072215300
3758096384
1071618466
1073741824
1072104499
536870912
1070012435
2147483648
1071461100
1073741824
1072693247
2684354560
23
