Uvec
2226355706
1069771454
2147483648
1068915792
0
1070945738
3221225472
1071306194
3221225472
1069806169
0
1071664871
0
1071438974
3221225472
1072575935
2684354560
1072596071
1610612736
1072583209
2147483648
1069863243
2147483648
1072222371
3758096384
1071795115
1073741824
1070623312
0
1071692338
1610612736
1072467478
1073741824
1072047026
2147483648
1072356568
2684354560
1069975644
0
1071234066
2147483648
1070187241
2147483648
1070276009
0
1071746236
2147483648
1071543116
1073741824
1067584604
0
1069704508
0
1071216564
2147483648
1071371207
0
1072094397
0
1070434490
2147483648
1072274261
536870912
1071714207
3221225472
1068890282
0
1071377243
0
1070833551
1073741824
1072607078
3221225472
1071405421
0
1070296145
0
1072128607
536870912
1072455781
3758096384
1072522447
0
1071553395
2147483648
1072498027
536870912
1069710502
0
1071731131
536870912
1070974939
2147483648
1069847634
0
1071383124
2147483648
1072078237
3758096384
1071491601
3221225472
1072166859
3758096384
1070599473
2147483648
1070953348
0
1072523667
1073741824
1069937743
0
1069173429
0
1071222172
0
1072166448
3221225472
1068323946
0
1072677458
3221225472
1071385674
3221225472
1072052363
1610612736
1071635224
3221225472
1071231829
1073741824
1072043814
2147483648
1071561012
1073741824
1067476924
0
1071271717
3221225472
1068270228
0
1072017461
1610612736
1071858814
0
1072599387
3758096384
1071699134
2684354560
1071033234
2147483648
1070093811
0
1068729254
0
1067535238
0
1071649004
536870912
1071679199
536870912
1072680517
3221225472
1071948429
1073741824
1071818514
3758096384
1067961160
0
1072538037
3758096384
1070533956
2147483648
1072655416
0
1071712060
1073741824
1071336074
3221225472
1072400314
0
1071705888
2147483648
1071665537
536870912
1070795394
2147483648
1071566874
3221225472
1072673449
2147483648
1070851542
0
1067008992
0
1070158229
2147483648
1070785908
0
1071461100
1073741824
1072693247
2684354560
96
