Uvec
2226355706
1071010152
1073741824
1072418770
1610612736
1068610954
0
1070792151
1073741824
1072470426
0
1068718813
0
1072354035
1610612736
1067163232
0
1072157530
1073741824
1071499262
3221225472
1072471853
0
1070734694
2147483648
1070971839
1073741824
1071343662
1073741824
1070738733
3221225472
1071886419
2684354560
1071054439
3221225472
1069895185
2147483648
1072211909
1073741824
1072192512
2684354560
1070442465
0
1072547276
1073741824
1071282472
3221225472
1072336797
3221225472
1072410188
3758096384
1070678819
3221225472
1068087414
0
1070634097
3221225472
1072445519
3221225472
1072053864
3221225472
1072243782
2684354560
1070235553
2147483648
1063275776
0
1072118572
0
1071847979
2684354560
1067072300
0
1072092165
0
1071930410
2684354560
1069934098
2147483648
1071598651
2147483648
1072273364
1073741824
1070370644
0
1072111384
1610612736
1071926706
3221225472
1072465561
3758096384
1072678050
3758096384
1071037173
0
1070151800
2147483648
1071661524
536870912
1071593986
2147483648
1072226779
3758096384
1071051971
1073741824
1069452968
0
1072623949
2147483648
1071975712
3758096384
1069839163
2147483648
1071727296
2684354560
1072366778
3221225472
1068880902
0
1068273100
0
1069996654
0
1070619470
2147483648
1072488573
2147483648
1070469874
0
1072162070
1610612736
1072411234
0
1071983575
2684354560
1071696450
1610612736
1070521407
0
1071458579
1073741824
1071514446
2147483648
1070278972
0
1072263925
3758096384
1072126974
1610612736
1072339341
3758096384
1070651945
0
1067941586
0
1071646621
536870912
1071749768
1610612736
1072610749
536870912
1070969557
1073741824
1071933129
2147483648
1071050145
1073741824
1070308831
0
1071219815
3221225472
1072062083
2147483648
1070237237
2147483648
1071439639
3221225472
1070836442
3221225472
1071304052
3221225472
1070326668
2147483648
1068975853
0
1072523858
1610612736
1069368064
0
1072101395
536870912
1072230862
536870912
1072017789
3221225472
1072214436
2147483648
1071461100
1073741824
1072693247
2684354560
93
