Uvec
2226355706
1071031899
3221225472
1072550203
2684354560
1071761991
3758096384
1071758812
2684354560
1071944539
2147483648
1072531929
1073741824
1071909656
1610612736
1072442861
536870912
1072586728
2147483648
1071197073
0
1072359121
1073741824
1071626880
3221225472
1072467587
536870912
1071442412
0
1071756240
3221225472
1071554372
1073741824
1066486204
0
1072051210
536870912
1071828729
3758096384
1071093945
3221225472
1069407832
0
1070693194
1073741824
1071800638
0
1072084155
2684354560
1071861444
2684354560
1070318624
2147483648
1071845602
0
1071756641
2684354560
1069176977
0
1069102600
0
1072206749
3758096384
1071403134
2147483648
1070773726
3221225472
1071571227
0
1072475036
1610612736
1072608991
0
1071842026
3221225472
1068266304
0
1070863207
1073741824
1072099678
2147483648
1071574132
0
1072177981
3758096384
1072638985
2684354560
1072399467
3221225472
1072366251
3221225472
1072078432
536870912
1070667213
0
1072092163
2147483648
1071520581
1073741824
1068903631
0
1072407752
3221225472
1070867853
1073741824
1070607513
0
1071025914
2147483648
1072543613
2147483648
1072415594
1610612736
1072342284
2147483648
1072454184
3758096384
1070796190
0
1072432192
3221225472
1072012913
3758096384
1072513137
2684354560
1072095496
3758096384
1068971534
0
1071870000
536870912
1067478404
0
1057462272
0
1072509204
3221225472
1068945854
0
1071809133
2147483648
1071861292
3221225472
1070769456
1073741824
1071646902
3221225472
1070717474
2147483648
1070589750
2147483648
1068265298
0
1071815651
1073741824
1072149477
1610612736
1071857108
536870912
1068961687
0
1072246627
536870912
1071847362
2147483648
1072429786
536870912
1070455366
0
1072616059
536870912
1071873647
0
1072125596
2147483648
1066811124
0
1071803514
2684354560
1070018570
0
1072477454
1610612736
1066419980
0
1070960792
1073741824
1071210701
1073741824
1069725718
2147483648
1072279047
2147483648
1072468387
2684354560
1072432910
3758096384
1071461100
1073741824
1072693247
2684354560
30
