Uvec
2226355706
1068808479
0
1070067186
0
1072442326
3221225472
1069379435
0
1072153104
1073741824
1066299280
0
1072402802
1610612736
1071644664
1073741824
1070897798
3221225472
1072128480
1610612736
1071136317
3221225472
1072213906
1073741824
1071449133
2147483648
1071758570
1073741824
1071653578
2684354560
1071706435
3758096384
1071334855
1073741824
1071364340
2147483648
1072388913
0
1071719998
3758096384
1072670794
3758096384
1070233644
0
1068816104
0
1071161016
0
1072264759
3221225472
1070096473
0
1071809687
536870912
1072159062
2147483648
1072165169
0
1070860730
0
1072585897
2147483648
1071624625
2147483648
1071777788
0
1072344668
3758096384
1070414027
0
1072001396
3221225472
1071689136
0
1072621298
3221225472
1072372632
0
1069020290
0
1072028535
3758096384
1071667656
2684354560
1069889665
0
1071714204
1073741824
1067981716
0
1071750424
3758096384
1072601709
3221225472
1071740529
1073741824
1068647948
0
1072538704
536870912
1071534486
0
1072084966
2147483648
1072079726
2147483648
1072349583
2684354560
1066754636
0
1071253161
0
1070184090
2147483648
1072056636
1073741824
1070549049
2147483648
1071870209
2684354560
1071887008
2147483648
1071697042
3758096384
1071171769
1073741824
1072224816
1610612736
1069267349
0
1072357547
3221225472
1071652846
1610612736
1072659781
3221225472
1070897923
3221225472
1071778243
536870912
1067027596
0
1071872595
0
1072341557
3221225472
1072542673
2147483648
1069115433
0
1072590373
1073741824
1072217406
536870912
1070493355
2147483648
1068533166
0
1071176165
1073741824
1072599508
1073741824
1070809140
1073741824
1070895620
2147483648
1071688224
1073741824
1071193603
0
1065144736
0
1071253987
2147483648
1069922605
0
1070669428
0
1070908619
2147483648
1071848614
0
1072539673
536870912
1072102426
3758096384
1071717153
1610612736
1070607249
3221225472
1072329267
1610612736
1072679211
1073741824
1070681425
0
1071461100
1073741824
1072693247
2684354560
10
