Uvec
2226355706
1072555475
3221225472
1072193494
0
1071723055
536870912
1072315048
1610612736
1071267435
2147483648
1072037665
3758096384
1072053957
2684354560
1070897940
3221225472
1071948580
0
1072380884
2147483648
1072196227
3758096384
1072592557
536870912
1071863933
3758096384
1071933907
1073741824
1071013844
1073741824
1071821901
1073741824
1072041344
2684354560
1072513393
2147483648
1072158093
1073741824
1070925674
1073741824
1072482410
536870912
1072348923
1073741824
1072545564
3758096384
1070298996
2147483648
1072456137
0
1071784781
2684354560
1071266903
0
1071826910
2684354560
1071800380
3758096384
1072603831
2147483648
1072472133
1610612736
1072656734
2684354560
1071667596
536870912
1070253129
2147483648
1069422821
0
1072623807
2684354560
1067803902
0
1071206895
1073741824
1071295764
3221225472
1070976328
1073741824
1071249249
1073741824
1071225028
0
1066443236
0
1070111550
0
1072270882
0
1072088496
3758096384
1072614919
2684354560
1072689286
3758096384
1072588694
2684354560
1071917785
2147483648
1072661043
2684354560
1071322628
1073741824
1068735272
0
1071875192
1073741824
1072624932
0
1066811432
0
1070707353
3221225472
1071533983
0
1072592002
1610612736
1072629559
1610612736
1071983338
536870912
1071043213
0
1071314205
0
1071124964
2147483648
1071772949
1610612736
1069684505
2147483648
1072216676
3758096384
1072407897
1610612736
1072255033
3758096384
1069679971
0
1069018217
0
1072663947
3758096384
1069490859
0
1069261477
0
1072137812
2147483648
1071165006
1073741824
1070902799
0
1069324145
0
1071159691
1073741824
1071724352
3221225472
1070273629
0
1071827098
2684354560
1071757493
2684354560
1072022339
2684354560
1069014419
0
1072206970
0
1066684516
0
1070004067
0
1070477631
0
1072022008
2147483648
1070296419
2147483648
1071820120
1610612736
1072599030
0
1071044792
0
1071975784
1073741824
1072475108
3758096384
1072379923
1610612736
1064716304
0
1071461100
1073741824
1072693247
2684354560
50
