Uvec
2226355706
1072483633
536870912
1070871701
1073741824
1068694617
0
1072200414
0
1071153925
2147483648
1072053711
1610612736
1070383709
2147483648
1071754742
2147483648
1071518845
1073741824
1071810599
1073741824
1071763362
3221225472
1072432789
1610612736
1071966927
1610612736
1068214828
0
1071891483
0
1070154314
0
1071781378
536870912
1067850966
0
1071922985
0
1072238485
536870912
1070310182
0
1072379030
1610612736
1070718613
2147483648
1072535830
0
1071672693
2684354560
1071360249
2147483648
1070695934
1073741824
1070688843
3221225472
1068622884
0
1067814470
0
1072104564
3221225472
1071665737
3758096384
1067528172
0
1072010499
2684354560
1072113288
3221225472
1070822764
0
1072015904
1610612736
1071676906
1610612736
1070399636
0
1071512415
1073741824
1070887414
2147483648
1072339717
3221225472
1071353751
1073741824
1069608292
0
1072676458
1073741824
1070926554
3221225472
1071849920
1073741824
1071007368
0
1071277935
0
1072437043
536870912
1072215943
536870912
1069706879
2147483648
1068722232
0
1070738392
1073741824
1066714444
0
1071578280
2147483648
1071432714
0
1071594937
1073741824
1070932628
0
1067403840
0
1071060050
2147483648
1072659483
3221225472
1072138034
2684354560
1071158882
3221225472
1070591072
2147483648
1072126107
2684354560
1071022193
3221225472
1069558346
2147483648
1072640366
3758096384
1072307562
1073741824
1069432261
0
1071716517
0
1072536802
0
1071210884
1073741824
1071528936
2147483648
1072657116
1610612736
1071274830
2147483648
1072518426
2684354560
1071773631
0
1071588390
2147483648
1072231760
2684354560
1070652419
3221225472
1071065264
0
1071592292
1073741824
1072398057
3221225472
1072495399
3221225472
1072386709
0
1068937075
0
1072373662
1610612736
1071646405
0
1066876512
0
1069477058
0
1069486965
0
1070936621
1073741824
1072579468
536870912
1071971098
0
1070701741
1073741824
1069209485
0
1071461100
1073741824
1072693247
2684354560
16
