Uvec
2226355706
1068962627
0
1072155675
3221225472
1068115364
0
1071865238
2147483648
1070761811
3221225472
1071098256
1073741824
1071732864
536870912
1068548178
0
1072409031
1610612736
1072364012
0
1072354356
2147483648
1071851516
2684354560
1070851070
1073741824
1071631491
3221225472
1071770329
0
1069801100
0
1071435305
2147483648
1070051171
0
1071938755
2684354560
1071859689
2147483648
1072069434
1610612736
1070951229
1073741824
1071694354
2684354560
1071800581
2684354560
1071705809
0
1071937949
1073741824
1071543538
3221225472
1072009046
2684354560
1069785246
0
1071446334
0
1070965609
0
1072041400
3221225472
1072254244
1610612736
1070939340
2147483648
1072621197
1073741824
1072687512
3758096384
1068764542
0
1068756102
0
1071225080
2147483648
1070937795
0
1072238977
1073741824
1071191155
3221225472
1072272470
536870912
1072062448
536870912
1071872841
2684354560
1072273896
2684354560
1070849488
0
1069904652
2147483648
1071956366
0
1070051737
2147483648
1070546493
2147483648
1071495077
2147483648
1072230498
3758096384
1072655010
3758096384
1068805909
0
1070283227
0
1072333524
3221225472
1071783361
536870912
1072541967
536870912
1071212942
0
1072330638
2147483648
1069138813
0
1070811220
2147483648
1071170549
1073741824
1072563244
1610612736
1071998099
3758096384
1072327855
2684354560
1072078967
1073741824
1070818282
1073741824
1072517509
0
1071895718
1610612736
1070847783
0
1072143558
3221225472
1071450617
0
1070295181
0
1072084567
536870912
1072237434
3758096384
1072673157
2147483648
1071361365
2147483648
1067999040
0
1071180797
2147483648
1070870645
2147483648
1071705580
1610612736
1070995039
0
1072188740
3758096384
1072095811
3758096384
1072119151
1610612736
1067733430
0
1072444993
1073741824
1072071907
0
1072318750
3758096384
1072658862
1073741824
1069952385
2147483648
1072540507
536870912
1072016476
536870912
1069045304
0
1071070821
2147483648
1070386644
0
1071461100
1073741824
1072693247
2684354560
14
