Uvec
2226355706
1068901101
0
1067485002
0
1067695832
0
1071031751
0
1072457051
3221225472
1072332050
536870912
1071003120
0
1071459781
1073741824
1071100528
0
1072420100
1073741824
1072670565
1610612736
1071610105
2147483648
1070820692
3221225472
1068536642
0
1072243955
1073741824
1071714549
1610612736
1071100614
1073741824
1071571199
2147483648
1071830480
0
1071645571
2684354560
1071186924
2147483648
1070031828
2147483648
1069663123
2147483648
1070804552
1073741824
1072489544
1610612736
1069560459
2147483648
1072340183
1610612736
1072098746
3221225472
1068471928
0
1072353513
1073741824
1072119411
2684354560
1068952713
0
1071940111
1073741824
1063321344
0
1069963793
2147483648
1072288531
2684354560
1070768692
3221225472
1071980892
3221225472
1070275199
2147483648
1072611429
2147483648
1071045160
0
1072180985
2147483648
1072147361
0
1071753699
2147483648
1072081194
2147483648
1068136184
0
1072388326
2684354560
1070438665
0
1069336219
0
1072618188
2147483648
1072455176
3221225472
1071899779
2147483648
1072581250
2147483648
1072433022
3221225472
1071799255
1610612736
1072616886
0
1070713715
3221225472
1072354229
1610612736
1069853678
2147483648
1072219276
0
1071765218
3758096384
1071891881
3221225472
1070590415
0
1072372232
0
1068742309
0
1070192461
2147483648
1071041789
1073741824
1071917474
2147483648
1071972224
3221225472
1072457892
0
1070247721
2147483648
1071628604
3221225472
1070247093
0
1068402172
0
1072272048
2147483648
1072651610
2684354560
1068954800
0
1069737220
2147483648
1069291783
0
1071714866
1610612736
1070611697
2147483648
1071326024
1073741824
1070113235
0
1072118245
0
1072465953
2147483648
1067543550
0
1071986973
1610612736
1071715037
1610612736
1068728404
0
1071964183
3758096384
1071994054
2147483648
1070977676
3221225472
1067972150
0
1072203546
536870912
1071276725
2147483648
1072078813
0
1072473232
3758096384
1071503782
3221225472
1071461100
1073741824
1072693247
2684354560
23
