Uvec
2226355706
1071995581
1610612736
1071648340
2147483648
1065725896
0
1069794318
0
1070253037
0
1069703446
2147483648
1071951876
536870912
1071693503
536870912
1070593295
2147483648
1072153420
2147483648
1070948714
3221225472
1071563725
3221225472
1072208063
3221225472
1070965565
0
1072563097
3758096384
1071967008
1610612736
1071181022
2147483648
1072435347
0
1065907784
0
1069923798
2147483648
1071832297
3221225472
1072616197
0
1070206425
0
1069839660
0
1072557435
536870912
1069954018
0
1071769956
2147483648
1070724571
3221225472
1070274227
0
1070712256
1073741824
1071733217
3758096384
1070523838
0
1071756430
1610612736
1069473213
0
1072305839
1610612736
1072461752
3221225472
1071017114
1073741824
1072094506
0
1072314788
1073741824
1072352337
536870912
1071889306
1073741824
1072010183
536870912
1072624385
2147483648
1070783476
2147483648
1071874903
3221225472
1071919028
0
1072176579
2147483648
1071832502
3758096384
1071800601
1073741824
1072655158
536870912
1072113000
1073741824
1070777356
1073741824
1069335803
0
1064079712
0
1066534084
0
1071797989
3758096384
1068835855
0
1070320351
0
1072266173
1610612736
1068920614
0
1072570738
2147483648
1071993688
1073741824
1072399544
1610612736
1072081780
536870912
1072241788
3758096384
1071933172
2147483648
1069361319
0
1071683661
2147483648
1071524641
0
1071006271
0
1072642703
1073741824
1071342319
0
1069303979
0
1066922256
0
1071663300
3221225472
1072164298
2684354560
1071785571
1073741824
1071884500
2147483648
1072075536
1610612736
1069903193
0
1071554050
1073741824
1072639672
3221225472
1071892164
1073741824
1072335263
3758096384
1071646591
2147483648
1072566506
3758096384
1071556323
3221225472
1071782434
1610612736
1072234621
1610612736
1069810011
0
1071896369
3758096384
1072077488
1610612736
1064574272
0
1072672907
3221225472
1070850989
2147483648
1069110202
0
1072157008
2147483648
1072330162
2147483648
1071461100
1073741824
1072693247
2684354560
54
