Uvec
2226355706
1071104494
3221225472
1071647724
1610612736
1071675975
2684354560
1066266176
0
1068384014
0
1071434868
3221225472
1071995077
2147483648
1071801585
1610612736
1071703864
0
1070439556
2147483648
1071964034
2147483648
1071996014
3758096384
1072441607
1610612736
1072358687
3221225472
1072296510
3758096384
1070366825
0
1071642577
0
1071819297
0
1072522984
536870912
1070003893
2147483648
1071333778
3221225472
1070807224
3221225472
1071711141
2684354560
1072386096
536870912
1071861247
2684354560
1071450173
0
1072480399
2684354560
1072393759
2684354560
1071569390
1073741824
1071563403
3221225472
1071501537
0
1071013190
3221225472
1065609552
0
1072148060
2684354560
1067657560
0
1070880038
1073741824
1072348397
2684354560
1070199360
0
1071092353
0
1071003224
3221225472
1072603465
3758096384
1069582583
2147483648
1070794474
3221225472
1072074717
1610612736
1069912877
0
1071958453
1610612736
1069733800
2147483648
1072429856
3758096384
1071941343
3758096384
1071631547
3221225472
1067813594
0
1071756725
1073741824
1072349746
536870912
1072214549
2147483648
1072160945
1610612736
1070440164
2147483648
1068691700
0
1063900096
0
1072321058
0
1069367022
0
1072418799
1073741824
1070113731
0
1071239454
2147483648
1071995976
2684354560
1072101659
3221225472
1067000700
0
1070046053
2147483648
1071458494
3221225472
1071719897
1610612736
1069883195
0
1071074704
0
1071745016
1610612736
1070801907
3221225472
1070982059
3221225472
1071463520
2147483648
1071995255
3221225472
1071905581
1073741824
1069681471
0
1071415225
3221225472
1072337569
1073741824
1064557776
0
1072483467
3758096384
1069325761
0
1069806527
2147483648
1072612620
536870912
1070695763
1073741824
1071751542
3221225472
1070022959
2147483648
1067629858
0
1071315573
3221225472
1071971751
3221225472
1072146623
536870912
1072259855
2684354560
1068989469
0
1072031117
1610612736
1072058555
2684354560
1072039613
1073741824
1069469327
0
1071461100
1073741824
1072693247
2684354560
52
