Uvec
2226355706
1071384778
3221225472
1069512148
0
1069643852
0
1072063945
3221225472
1072076546
2147483648
1067910488
0
1072554563
3221225472
1070869316
1073741824
1072667249
1073741824
1071495015
0
1072060221
3221225472
1069817614
0
1071797166
3758096384
1071892245
2684354560
1072463875
3758096384
1069680852
0
1071787555
1073741824
1072159807
1073741824
1072183060
1073741824
1072509303
1073741824
1071768548
3221225472
1072572721
1073741824
1071790145
1073741824
1069595727
0
1067821328
0
1071155803
3221225472
1070784068
2147483648
1072052729
2684354560
1072253491
2684354560
1070864750
3221225472
1071873665
536870912
1072476254
536870912
1072423770
0
1072055676
2684354560
1072011518
2147483648
1072277095
1610612736
1072011788
3758096384
1072669074
3221225472
1071523397
3221225472
1070503891
0
1072062987
3221225472
1070780173
3221225472
1072195550
536870912
1072379040
0
1071268212
3221225472
1071896209
2147483648
1072353498
0
1072002216
0
1070023750
2147483648
1071448682
1073741824
1072087442
2684354560
1070655282
2147483648
1070896058
3221225472
1072347174
3221225472
1072287277
536870912
1068089748
0
1068541032
0
1070961813
0
1072577458
2684354560
1070943318
3221225472
1068353832
0
1071699015
3221225472
1072254098
2684354560
1070886973
3221225472
1071453023
3221225472
1072665437
2147483648
1067000496
0
1071148688
0
1068921573
0
1072003213
2147483648
1070683894
2147483648
1072495088
3758096384
1072161324
536870912
1071452892
1073741824
1070900710
1073741824
1072104898
2147483648
1072423002
3758096384
1072274260
2147483648
1072394899
3221225472
1069811693
2147483648
1072504683
1610612736
1072263948
2147483648
1065926600
0
1071618499
3221225472
1069762879
2147483648
1072233868
3221225472
1072634336
1073741824
1072176350
3758096384
1071479463
2147483648
1072156177
0
1066901768
0
1069083826
0
1070596007
0
1071010912
3221225472
1071832703
2147483648
1069578156
0
1071914631
0
1071862150
3221225472
1071461100
1073741824
1072693247
2684354560
39
