Uvec
2226355706
1066076392
0
1067002288
0
1072624005
3221225472
1071796483
3221225472
1070837370
1073741824
1072493495
536870912
1071838543
1610612736
1072153649
0
1067044264
0
1071748120
1610612736
1071720942
536870912
1071259688
2147483648
1070432238
0
1069924659
0
1072097760
0
1072173387
3758096384
1072518897
1610612736
1072546949
2147483648
1071927039
2147483648
1067970532
0
1072595785
3758096384
1070763773
0
1068718354
0
1072561556
536870912
1072040273
2147483648
1070622216
1073741824
1072243807
3221225472
1072578408
0
1071007126
2147483648
1072399368
0
1072619537
3221225472
1071141430
1073741824
1072481768
1073741824
1072391674
2147483648
1070299166
0
1071921011
2684354560
1071381988
2147483648
1065706680
0
1070615995
1073741824
1070302755
2147483648
1071631799
0
1071940054
2147483648
1072514682
1610612736
1069967989
2147483648
1072038160
536870912
1071031409
1073741824
1071988899
1610612736
1071284427
3221225472
1071650726
0
1071840410
3758096384
1070369501
2147483648
1067739720
0
1070773371
1073741824
1072038294
3758096384
1072307963
1610612736
1071504102
2147483648
1071757499
2147483648
1071567131
0
1070380878
2147483648
1072312421
0
1072485269
2147483648
1071742428
0
1071785016
2684354560
1071874160
1610612736
1072351002
1073741824
1067761550
0
1071647490
2147483648
1070082424
0
1072584841
1610612736
1072200804
3758096384
1072499294
2684354560
1072347064
3758096384
1069875786
2147483648
1070551905
0
1067494136
0
1072052592
1610612736
1070491539
2147483648
1071352494
0
1067167124
0
1070192377
0
1072533576
0
1068753856
0
1072167327
1073741824
1071793546
536870912
1071812159
2147483648
1072401298
0
1072092887
3758096384
1072060418
1610612736
1072070593
1610612736
1068566148
0
1071654198
2147483648
1067515570
0
1072092737
3758096384
1072032462
2147483648
1072093253
1610612736
1071484855
0
1071708563
2684354560
1072064845
0
1071461100
1073741824
1072693247
2684354560
5
