Uvec
2226355706
1071859634
0
1072234349
536870912
1070869634
2147483648
1072177327
2684354560
1072041851
3758096384
1072520132
2147483648
1071946987
2147483648
1070963587
1073741824
1072657452
3221225472
1071224265
2147483648
1072202782
2684354560
1070838947
3221225472
1069500350
0
1071988445
536870912
1068385186
0
1070926927
2147483648
1072668827
536870912
1072109054
536870912
1072155634
1073741824
1072546716
2684354560
1066475516
0
1069742643
0
1071800466
2684354560
1070720312
0
1069567603
2147483648
1071919613
1610612736
1072566565
0
1072669134
3758096384
1071177059
0
1070657209
1073741824
1072165306
2684354560
1070867887
0
1072658796
3221225472
1072206756
2147483648
1070910866
0
1071732409
2147483648
1072286911
2684354560
1072126041
0
1072386793
1073741824
1072545886
0
1072203896
1073741824
1072552758
2147483648
1072682771
0
1068166414
0
1072259382
1610612736
1069210560
0
1071453785
2147483648
1071310107
2147483648
1071313742
1073741824
1072140136
3758096384
1070045170
0
1070991862
3221225472
1072340019
1073741824
1067008620
0
1071121848
1073741824
1071730182
2147483648
1067468162
0
1069765386
0
1069661332
0
1070302212
2147483648
1072146883
1073741824
1071417885
2147483648
1067904106
0
1072199134
1610612736
1070432394
0
1069587166
0
1072335258
536870912
1071959025
3758096384
1070767863
2147483648
1072246381
2147483648
1072343412
2684354560
1072668805
2147483648
1069835497
2147483648
1070574786
0
1068103916
0
1068116798
0
1069036503
0
1068882937
0
1069663123
2147483648
1071748469
1073741824
1071864428
3758096384
1071877316
3758096384
1072023337
1610612736
1071675446
3758096384
1072654121
536870912
1069479422
0
1072158026
536870912
1070721424
0
1068977332
0
1071972680
536870912
1071381804
2147483648
1071883903
3758096384
1070596975
1073741824
1072442529
1073741824
1070735395
2147483648
1070856434
0
1071011469
3221225472
1068101842
0
1071461100
1073741824
1072693247
2684354560
39
