Uvec
2226355706
1072190325
2684354560
1070485428
2147483648
1071706884
3221225472
1071669828
2147483648
1069147341
0
1071759157
2684354560
1072618605
2147483648
1071192494
0
1070589586
2147483648
1071170094
0
1067984874
0
1069424089
0
1072361643
2684354560
1071341946
0
1067855164
0
1072598290
3758096384
1072492116
3758096384
1070983526
3221225472
1071122203
0
1071390525
0
1072267556
536870912
1072294984
1610612736
1071920404
536870912
1071535434
0
1072500283
1610612736
1070530680
0
1067214056
0
1071253732
2147483648
1070895380
2147483648
1072342052
2147483648
1071700043
3758096384
1071954496
1073741824
1071158522
0
1071186460
1073741824
1070881774
2147483648
1071574584
3221225472
1072686135
3221225472
1071687005
2147483648
1070090030
2147483648
1071838085
3758096384
1068790407
0
1072086872
2684354560
1071039829
2147483648
1072592836
1610612736
1071909636
1610612736
1072380442
2684354560
1071756124
2684354560
1072214993
536870912
1071307301
1073741824
1072100171
1610612736
1072663862
1073741824
1070263815
0
1071742604
3758096384
1072206883
3758096384
1072589647
1610612736
1071886390
0
1071739750
0
1072674365
0
1071095339
3221225472
1070821186
3221225472
1071772473
2147483648
1072491896
0
1070789231
1073741824
1072466206
1073741824
1070783196
0
1072254525
0
1072589657
2147483648
1072295592
536870912
1072196645
0
1072394520
1610612736
1071959570
3758096384
1070121605
2147483648
1072181809
1610612736
1071858861
1073741824
1072144850
0
1072539374
1073741824
1069809498
0
1071072493
2147483648
1069682313
2147483648
1071944849
1610612736
1071381935
0
1072306895
2147483648
1072248019
0
1070683807
2147483648
1071948162
3758096384
1071464088
3221225472
1070333098
2147483648
1071963930
1073741824
1071590143
2147483648
1072163588
1610612736
1071215545
1073741824
1071981949
1073741824
1072128972
536870912
1072275816
2147483648
1070405966
0
1070897162
2147483648
1072257013
536870912
1072110493
0
1071461100
1073741824
1072693247
2684354560
5
