Uvec
2226355706
1072056929
0
1069320664
0
1072495644
3221225472
1071907484
536870912
1070568163
0
1071888771
3758096384
1072461253
2684354560
1070989033
2147483648
1069837468
2147483648
1071484541
1073741824
1071682634
2684354560
1072330896
1610612736
1069882981
2147483648
1067379596
0
1070962175
1073741824
1071881637
536870912
1070502311
0
1072471554
2684354560
1071706567
2147483648
1072398879
2147483648
1066593676
0
1070816676
1073741824
1071200857
3221225472
1072091019
3758096384
1071958294
536870912
1069671223
0
1072558904
3221225472
1064323632
0
1071923102
3758096384
1072516215
1610612736
1070135341
2147483648
1072638857
536870912
1069342522
0
1071770215
3221225472
1069462290
0
1071613908
0
1072345841
2684354560
1069164338
0
1069638587
2147483648
1072134167
3758096384
1072389863
3221225472
1072608304
536870912
1069814644
2147483648
1069972206
2147483648
1072074664
536870912
1071119573
1073741824
1067717308
0
1072628240
536870912
1072119386
536870912
1071373967
0
1072415974
2147483648
1068283510
0
1070338756
0
1071273123
2147483648
1072313442
1073741824
1071394215
2147483648
1072089613
3758096384
1072160335
536870912
1071974153
2147483648
1071551006
2147483648
1071776845
1610612736
1072390549
3221225472
1072035077
3758096384
1072543734
2684354560
1071288082
2147483648
1069883071
0
1072511510
2684354560
1072678001
1610612736
1072050798
1610612736
1072211921
0
1071543324
0
1072602528
3758096384
1071709872
2684354560
1071248394
3221225472
1070412167
0
1063607840
0
1072539377
1610612736
1070574146
0
1072553184
0
1071850201
536870912
1068498838
0
1071245177
1073741824
1072405476
1610612736
1072632702
0
1071357327
2147483648
1071918463
2147483648
1071245668
3221225472
1072564203
1073741824
1072621727
1073741824
1072476181
2147483648
1067519594
0
1070837016
3221225472
1072050928
3221225472
1071870026
536870912
1070872299
0
1071656272
2147483648
1071681298
536870912
1070120604
2147483648
1071461100
1073741824
1072693247
2684354560
26
