Uvec
2226355706
1072480629
2147483648
1071953230
3758096384
1070880655
0
1069040505
0
1070896579
3221225472
1071565994
0
1072000759
536870912
1071054344
1073741824
1069951917
2147483648
1072351495
1610612736
1071785756
2684354560
1069681480
2147483648
1071832882
2684354560
1072431294
536870912
1072425783
1610612736
1069831976
0
1072672040
3221225472
1072277795
2684354560
1071880652
3221225472
1072183039
1073741824
1072407515
2147483648
1068856978
0
1068550016
0
1066247024
0
1069854556
2147483648
1072582644
3221225472
1071630051
1073741824
1071245847
3221225472
1072260966
0
1070755526
0
1071858098
1610612736
1072352333
3221225472
1070974505
0
1070413945
2147483648
1071060488
2147483648
1071018353
0
1072271423
2684354560
1072033685
2684354560
1072101669
3758096384
1070944160
0
1072133514
2684354560
1072390589
1610612736
1072196380
3221225472
1072001322
536870912
1071116244
3221225472
1072615143
1610612736
1071940810
2684354560
1067798070
0
1069630312
0
1069559237
0
1071682550
0
1070916972
1073741824
1066240408
0
1071478841
3221225472
1070873924
1073741824
1065566424
0
1069131869
0
1072217487
1610612736
1071604768
1073741824
1072438805
0
1072143130
0
1071378956
0
1072175375
2147483648
1070792934
0
1072388879
536870912
1070262954
0
1069529131
0
1071852737
2147483648
1071677648
1073741824
1072562792
1073741824
1071534645
1073741824
1072096456
0
1072316555
1073741824
1071966843
0
1070858895
0
1071575202
2147483648
1071563668
3221225472
1072507442
3758096384
1071280422
1073741824
1071766448
3758096384
1072531024
3221225472
1070313346
2147483648
1072595475
2684354560
1071167640
2147483648
1070388419
2147483648
1069662076
2147483648
1069490898
0
1071663455
1610612736
1068906852
0
1071760786
536870912
1069832893
0
1072639715
1610612736
1072312469
3221225472
1071493018
1073741824
1072538672
1610612736
1072266343
3221225472
1071288341
2147483648
1071809538
1610612736
1071461100
1073741824
1072693247
2684354560
20
