Uvec
2226355706
1068229440
0
1070837129
0
1070821437
1073741824
1068462602
0
1072668564
3758096384
1070170363
2147483648
1072245540
0
1071718530
2684354560
1071656359
1073741824
1071898693
0
1071524468
3221225472
1072148463
3758096384
1070820061
0
1072017295
3758096384
1072678317
3221225472
1071360527
0
1070764006
2147483648
1070479285
2147483648
1072256801
2147483648
1071813755
1610612736
1071502773
3221225472
1068685839
0
1072384708
2147483648
1072259462
3221225472
1070261384
0
1070904228
0
1071274750
0
1072201279
3758096384
1071182270
2147483648
1071979296
2147483648
1071834076
1610612736
1072660437
1073741824
1069650187
2147483648
1072207326
0
1070192917
2147483648
1071129109
0
1071999151
2147483648
1071161969
2147483648
1070687867
1073741824
1072188089
0
1071693736
536870912
1069587613
2147483648
1069881685
2147483648
1071107231
3221225472
1070994937
3221225472
1070201773
2147483648
1072564988
1073741824
1071920784
3221225472
1071211923
3221225472
1071979222
2684354560
1067926758
0
1071928839
1073741824
1072188928
3221225472
1070496479
0
1070285531
0
1070646745
3221225472
1071440512
3221225472
1070896739
2147483648
1071977791
0
1072470384
1610612736
1071484914
1073741824
1069148659
0
1072257215
3758096384
1067093644
0
1072089371
3221225472
1069345911
0
1071678754
1610612736
1071339801
2147483648
1070932074
1073741824
1070847023
3221225472
1072370126
1610612736
1072389067
2684354560
1072349952
0
1071455567
2147483648
1071926442
2147483648
1071670108
2147483648
1072132223
1073741824
1072523549
0
1069911608
2147483648
1071993018
0
1072058108
2147483648
1071655045
2684354560
1072002165
3758096384
1069593202
2147483648
1070454038
2147483648
1068782208
0
1067503596
0
1072559754
536870912
1072473291
2147483648
1070884242
0
1071069029
0
1071997680
1073741824
1071729885
1610612736
1070405290
2147483648
1070107583
2147483648
1072575468
3758096384
1071630166
1073741824
1069299265
0
1071461100
1073741824
1072693247
2684354560
82
