Uvec
2226355706
1069877175
0
1072195309
2684354560
1071585612
2147483648
1072347032
0
1070022422
0
1069666052
2147483648
1072604719
2147483648
1070765236
0
1070713150
2147483648
1071831415
1610612736
1071676265
536870912
1072501850
1610612736
1071980145
536870912
1069949997
2147483648
1069366743
0
1071912117
1610612736
1072610367
2684354560
1071726793
1073741824
1070586984
0
1071420196
2147483648
1072011697
0
1070758909
0
1072389139
1610612736
1071396266
0
1071776100
536870912
1070174071
0
1071327143
2147483648
1072019155
0
1070856594
2147483648
1069678254
0
1072039427
1073741824
1071152462
1073741824
1069878250
0
1072476888
2684354560
1070927683
3221225472
1072223435
3758096384
1068835975
0
1068989262
0
1064937008
0
1071703721
3221225472
1072361789
1073741824
1067761580
0
1072321098
0
1070979875
1073741824
1071857558
0
1068791468
0
1068679941
0
1072087366
536870912
1071982505
2684354560
1071741505
1610612736
1072134217
1610612736
1071334995
2147483648
1070708955
3221225472
1067788254
0
1070877431
1073741824
1072307167
1610612736
1071370558
0
1071056658
2147483648
1071340152
2147483648
1072112511
0
1071477551
0
1071832167
3758096384
1071212666
2147483648
1072117286
2684354560
1072387405
3758096384
1071996156
1073741824
1071789591
0
1065383904
0
1071647508
1610612736
1072198883
0
1070897552
1073741824
1072059867
0
1068522718
0
1068904408
0
1072241668
2684354560
1070475526
0
1072016838
0
1071850300
536870912
1069666709
2147483648
1071446061
1073741824
1070686050
1073741824
1070790770
3221225472
1071997740
1610612736
1072183489
2684354560
1071929543
2147483648
1070990292
3221225472
1069532778
0
1071236098
3221225472
1072548443
1610612736
1072239341
3221225472
1071835536
1610612736
1072136158
3758096384
1071756284
3221225472
1070338439
0
1071094867
3221225472
1070263975
2147483648
1070829423
0
1070842657
1073741824
1071461100
1073741824
1072693247
2684354560
63
