Uvec
2226355706
1071828969
0
1069013047
0
1070475481
0
1070301138
2147483648
1072456732
536870912
1070335904
0
1071775409
3758096384
1072260137
3758096384
1072402841
2684354560
1070915105
2147483648
1072493790
2684354560
1069194964
0
1071648597
3221225472
1071678239
2147483648
1071182165
3221225472
1072301035
3221225472
1068774758
0
1072657240
0
1071388816
0
1070373047
2147483648
1072414181
1073741824
1071753530
1610612736
1068887989
0
1070402403
0
1067175216
0
1070795056
1073741824
1071851589
3758096384
1070655479
0
1072623848
3758096384
1071500042
3221225472
1072270960
536870912
1072619117
1610612736
1072610571
3221225472
1070649098
0
1070650696
2147483648
1072246347
2684354560
1072092300
3221225472
1070748120
2147483648
1071945247
2684354560
1069639440
0
1072168756
0
1072477269
536870912
1068360066
0
1072084886
3758096384
1072637198
536870912
1072076557
3221225472
1068060518
0
1072588563
1610612736
1068977825
0
1071897749
2147483648
1071499047
3221225472
1072402570
536870912
1072339702
3758096384
1070648467
1073741824
1072621304
536870912
1071993468
536870912
1071677564
3221225472
1071757368
3221225472
1067399472
0
1070473411
2147483648
1068635977
0
1069526172
0
1071716866
1073741824
1071799846
1073741824
1071776369
3221225472
1071927830
3221225472
1071888493
536870912
1071777447
1073741824
1069137872
0
1070657436
1073741824
1071309649
0
1071624204
3221225472
1072049600
3758096384
1072457442
3758096384
1070377912
2147483648
1072043697
3221225472
1072078771
536870912
1071941828
1610612736
1072584612
1073741824
1071655684
536870912
1072477344
1073741824
1070914638
2147483648
1071064523
3221225472
1071321373
1073741824
1072251179
1610612736
1072599842
536870912
1071787761
1610612736
1069124824
0
1070919622
0
1067102956
0
1072086588
0
1069575573
0
1071181462
2147483648
1072571577
3758096384
1070807133
1073741824
1068422326
0
1071322497
0
1072567708
2684354560
1071461100
1073741824
1072693247
2684354560
25
