Uvec
2226355706
1071705510
3221225472
1071264496
2147483648
1071620945
0
1072079853
3758096384
1071703216
536870912
1072098644
2147483648
1069409441
0
1071888654
0
1071692393
3221225472
1072528660
3758096384
1070923089
1073741824
1071553006
2147483648
1068818948
0
1071401389
1073741824
1066919448
0
1071894636
0
1069900786
2147483648
1071013930
1073741824
1072108637
3221225472
1072234948
2147483648
1072687270
2684354560
1072146167
2147483648
1069366997
0
1072380258
1073741824
1071179466
2147483648
1070821760
2147483648
1070373951
0
1070379863
0
1072662160
536870912
1072083112
536870912
1068288478
0
1072009078
2147483648
1069937839
2147483648
1072265980
3758096384
1072150543
2684354560
1072126272
3221225472
1066128408
0
1072525491
2684354560
1072504842
2684354560
1072681172
2147483648
1072014480
1610612736
1070337873
2147483648
1072319689
2684354560
1070521086
0
1071759764
0
1072030183
2147483648
1071944241
2684354560
1072182944
0
1072113079
2684354560
1070369528
2147483648
1072143266
1073741824
1072408083
2684354560
1071308482
1073741824
1071843634
1073741824
1071870531
0
1072006797
3221225472
1071453242
2147483648
1072670971
2147483648
1071499133
0
1069602937
2147483648
1069895920
2147483648
1072647875
3221225472
1068236532
0
1071159649
0
1069331807
0
1070614854
2147483648
1072088455
3221225472
1072121838
2147483648
1069282760
0
1072308082
1073741824
1070655698
1073741824
1071776192
3221225472
1072318605
0
1072380368
1073741824
1067790828
0
1072629804
3221225472
1068647905
0
1070836794
1073741824
1070842891
0
1072185094
0
1071991864
0
1072667788
1610612736
1069311092
0
1066554224
0
1071647846
2684354560
1071910476
1073741824
1071363918
2147483648
1072227322
1610612736
1071834509
2684354560
1071651368
1610612736
1070492394
2147483648
1072468330
1073741824
1071896388
1073741824
1071269783
3221225472
1069613780
0
1071489766
2147483648
1072692299
536870912
1071414529
2147483648
1071461100
1073741824
1072693247
2684354560
41
