Uvec
2226355706
1071611672
0
1070797021
1073741824
1069841186
2147483648
1072611645
1073741824
1072135003
3221225472
1071742287
1610612736
1071802248
1610612736
1064974096
0
1071780208
0
1070814877
2147483648
1067699730
0
1069701239
0
1071866422
1610612736
1069482680
0
1071190602
1073741824
1071800144
1610612736
1072297849
536870912
1066573676
0
1072533572
2684354560
1071761730
2684354560
1069817717
2147483648
1069733550
2147483648
1070779807
2147483648
1072271201
2684354560
1070804173
1073741824
1071848565
3221225472
1068889793
0
1071951046
3758096384
1071944995
2147483648
1071584054
2147483648
1071491357
3221225472
1071825866
1073741824
1069758351
2147483648
1072535112
3221225472
1071490624
3221225472
1072691615
1073741824
1069636225
0
1071281316
0
1071209359
2147483648
1071933099
0
1071170085
1073741824
1072346660
2684354560
1071817964
2147483648
1071887885
2684354560
1071876080
3221225472
1070124612
0
1068577588
0
1070911202
3221225472
1069989896
2147483648
1071710239
1610612736
1072064764
2684354560
1072112344
2684354560
1067586676
0
1072340568
2147483648
1072312967
3758096384
1064728384
0
1072646955
3758096384
1071287178
1073741824
1069277919
0
1068819813
0
1071123992
2147483648
1071994312
2147483648
1071714124
1610612736
1071840164
0
1070826157
3221225472
1072022523
2684354560
1071958940
0
1069327580
0
1071427627
1073741824
1070936565
1073741824
1072261673
0
1072582599
536870912
1070584304
2147483648
1071576698
3221225472
1072039800
3758096384
1072685960
3221225472
1072192821
3758096384
1072356323
3758096384
1069988598
2147483648
1070686122
0
1067479722
0
1069589223
2147483648
1067110176
0
1072194632
1073741824
1072048880
1610612736
1071773355
3758096384
1071408804
1073741824
1072560673
1610612736
1071651469
2684354560
1069946429
0
1072540473
2684354560
1071032846
1073741824
1071583075
3221225472
1071185904
1073741824
1070945079
3221225472
1070819477
2147483648
1071434419
0
1072149349
0
1071461100
1073741824
1072693247
2684354560
13
