Uvec
2226355706
1072473799
2147483648
1072013881
3758096384
1070147251
0
1068740200
0
1069234889
0
1071881683
0
1072529082
1610612736
1072410269
536870912
1068258662
0
1063914400
0
1071814267
0
1072389058
2147483648
1067509522
0
1072416363
2684354560
1069538394
0
1072047952
0
1072535021
1610612736
1072034216
3221225472
1070834239
0
1070620849
1073741824
1072257927
1073741824
1072560834
3221225472
1071597404
3221225472
1072400129
3221225472
1071529167
3221225472
1070930353
2147483648
1069515737
0
1069442304
0
1072317527
2147483648
1070818532
2147483648
1072307956
0
1071582126
1073741824
1070787279
2147483648
1067649784
0
1071113152
3221225472
1071660479
1073741824
1071950510
1610612736
1071970652
536870912
1071960609
3221225472
1072520058
2147483648
1070844489
1073741824
1072274395
1610612736
1071679323
1073741824
1072175351
1073741824
1071746223
1073741824
1067493138
0
1071453298
3221225472
1069828292
2147483648
1072266739
0
1068793170
0
1071875765
536870912
1071152293
2147483648
1072524811
2147483648
1072049990
1610612736
1071902064
3221225472
1071982711
536870912
1070543098
2147483648
1070647539
1073741824
1072299928
3221225472
1072083486
536870912
1072602205
3221225472
1072345615
2147483648
1068938911
0
1071709063
1610612736
1070009827
0
1071121254
1073741824
1069877190
0
1071742672
0
1065881320
0
1071651000
1610612736
1070645726
3221225472
1068689756
0
1072213339
2147483648
1072507500
536870912
1069843282
2147483648
1069759210
2147483648
1071950207
3221225472
1072412192
2684354560
1071895946
1610612736
1072529285
3758096384
1072565878
0
1068655968
0
1072236566
1610612736
1071081984
1073741824
1071449945
0
1072386399
2147483648
1070181509
2147483648
1072215993
1073741824
1071705204
3221225472
1067788028
0
1070988643
3221225472
1072618027
536870912
1070314867
0
1072092574
536870912
1072382005
2147483648
1072040524
1610612736
1071297583
3221225472
1071825952
1610612736
1071461100
1073741824
1072693247
2684354560
23
