Uvec
2226355706
1071993483
536870912
1071995747
2147483648
1068458586
0
1070921141
2147483648
1072562227
2147483648
1071639406
2147483648
1070537201
0
1070998455
3221225472
1065488328
0
1071965113
3758096384
1071250979
0
1071380699
2147483648
1072119279
0
1069299653
0
1071784594
3758096384
1070934194
2147483648
1070773749
2147483648
1071650440
2147483648
1072439611
1610612736
1072625851
536870912
1072236974
3221225472
1072631938
536870912
1067776548
0
1070991022
0
1072024355
3758096384
1072394352
536870912
1071905040
2684354560
1072260370
1073741824
1071275668
0
1069456712
0
1072432743
3221225472
1071130644
0
1070825343
3221225472
1071606428
2147483648
1072180076
536870912
1066507932
0
1071780380
3758096384
1072116760
3221225472
1072680463
1610612736
1070532807
2147483648
1071425897
0
1070985003
2147483648
1072290429
3758096384
1070279593
2147483648
1072504913
1610612736
1071977139
2684354560
1071567022
1073741824
1072357509
2147483648
1071128752
3221225472
1071239579
2147483648
1072609091
3758096384
1071929600
536870912
1071288417
2147483648
1070160017
2147483648
1072663037
0
1070260991
0
1071951242
1610612736
1070680063
3221225472
1072245297
1073741824
1072022377
3221225472
1070269316
2147483648
1071025560
2147483648
1070223271
2147483648
1072517036
3221225472
1069246159
0
1072264040
1073741824
1071334933
1073741824
1071618997
2147483648
1071961644
536870912
1071818323
3758096384
1071572843
1073741824
1070385396
2147483648
1072295676
0
1071957488
1073741824
1072408910
3758096384
1071707433
3221225472
1072616600
2684354560
1070683734
3221225472
1071894401
3758096384
1071770932
2147483648
1071091353
1073741824
1067030676
0
1070768069
2147483648
1071604163
0
1071921590
1610612736
1072343546
536870912
1071267327
1073741824
1071938371
2684354560
1071754185
3758096384
1069699093
2147483648
1072559523
1073741824
1070243255
0
1072218805
1073741824
1070764733
1073741824
1071384577
2147483648
1072029779
536870912
1071976562
1073741824
1071328939
2147483648
1071461100
1073741824
1072693247
2684354560
0
