Uvec
2226355706
1071890055
2684354560
1069965979
0
1072482474
536870912
1071945937
0
1072106668
3758096384
1072659404
2684354560
1072510246
1610612736
1072454688
1610612736
1066000816
0
1071983286
3221225472
1070275851
0
1070407469
2147483648
1070347570
0
1070955592
1073741824
1071012995
2147483648
1071472219
0
1071819312
1073741824
1072409761
3758096384
1072092626
2684354560
1072635874
1073741824
1071227409
2147483648
1071772668
3758096384
1072483711
2684354560
1071525462
1073741824
1072234915
3221225472
1071441616
3221225472
1072436557
1610612736
1072661860
3758096384
1070138890
2147483648
1072019490
2147483648
1069246399
0
1070456040
2147483648
1072504598
536870912
1071742859
2147483648
1072304205
1610612736
1072386010
3758096384
1072594335
2147483648
1072668613
3221225472
1070733265
2147483648
1070654987
2147483648
1070561628
2147483648
1072663980
1610612736
1070898738
3221225472
1071533451
3221225472
1072171559
1610612736
1069040448
0
1070844827
2147483648
1072221611
2684354560
1071269332
3221225472
1071772204
2147483648
1070652226
1073741824
1071973112
3758096384
1071698025
1073741824
1070234061
2147483648
1070744693
3221225472
1072149712
3221225472
1072337413
3758096384
1072001230
2147483648
1070759255
3221225472
1069169098
0
1071216330
0
1070975829
2147483648
1072510192
0
1070840591
1073741824
1071699188
2147483648
1072484893
2684354560
1072555798
536870912
1070095636
2147483648
1072341820
3758096384
1069130615
0
1070895589
1073741824
1072445087
3758096384
1067524540
0
1071714397
536870912
1072096697
536870912
1071857673
2684354560
1069679252
0
1072274665
3758096384
1072206975
1610612736
1072633868
3221225472
1071098983
3221225472
1070700966
3221225472
1070491255
0
1072643473
3221225472
1071648577
2147483648
1071698657
1610612736
1072605823
0
1070138710
0
1072218001
536870912
1072258435
2147483648
1070900802
3221225472
1072042619
1073741824
1072214001
2147483648
1071287525
1073741824
1071048767
3221225472
1072428397
2147483648
1072693234
1073741824
1071681446
2147483648
1071461100
1073741824
1072693247
2684354560
51
