Uvec
2226355706
1071792373
536870912
1065734312
0
1071789057
1073741824
1070387654
0
1072020118
536870912
1069088149
0
1071166990
3221225472
1070792749
3221225472
1069752927
0
1072160464
1610612736
1072103243
1073741824
1071781129
1073741824
1072124598
3221225472
1069856636
2147483648
1071364322
0
1072056465
2147483648
1067728444
0
1071917745
3758096384
1072424073
536870912
1072047851
536870912
1069823343
2147483648
1071138289
2147483648
1072020492
1073741824
1072124885
2147483648
1067207620
0
1068111202
0
1068892702
0
1072034498
1610612736
1072243010
1610612736
1063808096
0
1072461752
3221225472
1069806757
2147483648
1070004671
0
1072161546
536870912
1072113236
3221225472
1068395678
0
1071789878
1073741824
1072043580
1073741824
1072517616
536870912
1072136497
0
1072515986
3221225472
1070655053
1073741824
1072424585
2684354560
1071122005
3221225472
1071040534
3221225472
1072174296
2147483648
1070558999
0
1071939126
0
1069371502
0
1069279207
0
1072640809
2147483648
1072079274
536870912
1072509955
3221225472
1071773377
1610612736
1072652426
536870912
1071810193
0
1072023480
2147483648
1070932922
3221225472
1072353292
1073741824
1071077189
3221225472
1068328136
0
1067046836
0
1072655899
536870912
1069632423
0
1069547673
2147483648
1072200161
2147483648
1071498270
1073741824
1070978974
1073741824
1068160720
0
1070833260
1073741824
1071289735
2147483648
1069636061
0
1071116305
1073741824
1070971071
1073741824
1068937742
0
1070933631
1073741824
1071657199
2684354560
1071118728
0
1071077076
3221225472
1072164721
1073741824
1071807894
1610612736
1071296746
2147483648
1070651342
2147483648
1070115025
2147483648
1071436971
3221225472
1072554943
2684354560
1071446804
1073741824
1070528319
2147483648
1070598556
3221225472
1071079399
3221225472
1069927962
0
1070966752
3221225472
1070813804
0
1072224564
2147483648
1066571388
0
1071876198
3221225472
1071005176
3221225472
1071239341
3221225472
1071461100
1073741824
1072693247
2684354560
94
