Uvec
2226355706
1070863101
1073741824
1068083786
0
1072092064
0
1071655130
0
1072102712
2684354560
1072172811
3758096384
1071367579
1073741824
1066626876
0
1071855555
1073741824
1072582639
0
1071858961
3221225472
1072524462
1073741824
1071878375
2147483648
1071149703
3221225472
1067501344
0
1071638154
0
1071930205
1610612736
1068641622
0
1070532308
2147483648
1071883119
1610612736
1069238575
0
1072332478
3221225472
1067804912
0
1069948741
2147483648
1071922049
3758096384
1072584673
2147483648
1067701024
0
1070986264
3221225472
1072095583
3221225472
1072421774
2684354560
1070889303
3221225472
1071392745
0
1072230747
0
1069665433
2147483648
1072299699
0
1071902964
1610612736
1070159637
0
1069075920
0
1071477710
3221225472
1068683191
0
1071885919
3221225472
1071834772
3758096384
1068930984
0
1070665857
3221225472
1072007174
536870912
1071508497
1073741824
1072124317
536870912
1071673745
1073741824
1072110013
3758096384
1071734616
2684354560
1071931204
0
1071042745
1073741824
1072639251
3221225472
1071939118
1610612736
1069366626
0
1071687568
1073741824
1071052984
3221225472
1070913191
2147483648
1070021203
0
1072103767
2684354560
1070879351
2147483648
1070616371
3221225472
1071014129
3221225472
1068352608
0
1071308234
0
1070903712
2147483648
1071876180
2684354560
1065958888
0
1068979600
0
1070587636
2147483648
1072324421
3758096384
1071753756
0
1068682009
0
1072204754
1073741824
1066766756
0
1068184662
0
1069819004
0
1071815237
2147483648
1069286695
0
1072483703
2147483648
1070741355
1073741824
1072470918
3758096384
1071557436
0
1072500613
1073741824
1072145742
0
1068450304
0
1071974595
3221225472
1070132773
0
1069928799
2147483648
1072643468
1073741824
1071906751
3221225472
1069920900
2147483648
1069764702
0
1071775993
2684354560
1071410923
3221225472
1071731687
536870912
1070773470
0
1072611504
2684354560
1071461100
1073741824
1072693247
2684354560
78
