Uvec
2226355706
1070732349
2147483648
1069973575
2147483648
1072076852
0
1072477445
0
1072185544
2147483648
1070366964
0
1071844520
3758096384
1072382818
2684354560
1072471653
2684354560
1072442440
2147483648
1071269230
1073741824
1072184839
3758096384
1070668353
2147483648
1069882949
0
1072654091
3221225472
1070124980
0
1071936882
536870912
1072589000
1610612736
1070644611
3221225472
1071997338
0
1069658986
2147483648
1071516676
0
1072525817
1610612736
1072679324
0
1071113361
3221225472
1071565301
2147483648
1072691106
2147483648
1071328800
2147483648
1070477271
0
1070789633
2147483648
1071536613
2147483648
1069307292
0
1072055828
2147483648
1069004209
0
1071124731
0
1070844312
1073741824
1072165100
3221225472
1070462941
0
1069781871
0
1072544557
3221225472
1071241109
2147483648
1064296448
0
1071978653
1610612736
1071826727
536870912
1071045594
0
1071920976
0
1072036234
0
1072492176
3221225472
1072274429
1610612736
1069885158
0
1070897566
0
1071939960
536870912
1071156038
1073741824
1072118763
536870912
1071371636
3221225472
1069937224
0
1071731041
3221225472
1071641817
3221225472
1072108142
536870912
1069289008
0
1072106888
536870912
1072199464
2684354560
1072681597
3221225472
1070179779
2147483648
1072504660
1610612736
1069974127
2147483648
1069952246
0
1072126186
1610612736
1072288265
3758096384
1071216249
2147483648
1069118817
0
1071795181
3221225472
1069521428
0
1071360124
2147483648
1072544846
536870912
1072546587
1073741824
1072141167
1610612736
1071083587
0
1071694785
536870912
1070633943
3221225472
1071715780
1610612736
1071696098
2684354560
1071108276
0
1072553326
1610612736
1072512970
0
1070978983
1073741824
1071146016
3221225472
1072520864
1073741824
1072528302
0
1072220487
1073741824
1072188390
3758096384
1072341308
1610612736
1072663189
1073741824
1072662379
536870912
1070302038
2147483648
1072675117
3221225472
1071442574
3221225472
1070830300
1073741824
1071461100
1073741824
1072693247
2684354560
59
