Uvec
2226355706
1070834398
1073741824
1072058236
3221225472
1070588067
2147483648
1072244555
2684354560
1071550275
3221225472
1071847842
536870912
1071750290
2684354560
1071833614
536870912
1070060664
2147483648
1071973374
2684354560
1072321471
3758096384
1069142440
0
1071705418
2147483648
1071999623
2684354560
1071089844
3221225472
1072497838
3758096384
1072101887
2147483648
1068173940
0
1072127366
2147483648
1071691477
0
1072609772
536870912
1068090988
0
1072134349
2147483648
1072436821
3221225472
1072303681
536870912
1071759704
1610612736
1069905711
2147483648
1072574223
3758096384
1070154449
2147483648
1071155331
3221225472
1069883038
2147483648
1070333042
2147483648
1072668737
1610612736
1072047554
3758096384
1072305062
536870912
1070727097
3221225472
1071628830
3221225472
1071515984
2147483648
1071697985
1610612736
1068149866
0
1071312577
0
1071372572
1073741824
1072582616
3758096384
1072019326
1073741824
1072361202
0
1072523325
1610612736
1071141420
2147483648
1067748728
0
1072310510
1073741824
1072087750
536870912
1072239275
1073741824
1072507947
536870912
1071265075
0
1072335548
1610612736
1068701549
0
1071408754
2147483648
1071900304
536870912
1072295037
1073741824
1071703389
536870912
1070159426
0
1072086621
1073741824
1067480854
0
1071800844
3221225472
1072117133
2147483648
1071836138
1610612736
1072105444
1073741824
1072652454
2684354560
1069654138
2147483648
1070609672
1073741824
1065662208
0
1072567773
3758096384
1072690337
3221225472
1072541435
2684354560
1071995930
536870912
1071020457
2147483648
1069542586
0
1072323054
3758096384
1070495602
0
1072015719
3221225472
1072315635
2147483648
1071037079
3221225472
1072488320
3221225472
1072250107
1610612736
1072032977
1610612736
1071670931
2147483648
1071783638
1610612736
1072124153
536870912
1070854007
1073741824
1071276198
2147483648
1071967176
1073741824
1072072200
1610612736
1069885938
2147483648
1072604104
0
1071857150
2684354560
1072111726
2147483648
1071814392
0
1072474894
2684354560
1072131028
2684354560
1071461100
1073741824
1072693247
2684354560
76
