Uvec
2226355706
1071769711
3221225472
1071938809
1610612736
1071693735
1073741824
1070829701
3221225472
1072543066
2147483648
1072146552
0
1068654115
0
1071109041
2147483648
1070914912
1073741824
1072272603
1073741824
1072421798
2147483648
1070176792
2147483648
1072328046
2147483648
1070265653
2147483648
1072579914
1073741824
1071033964
0
1068334296
0
1071209192
2147483648
1072441491
1610612736
1072003317
536870912
1071447358
0
1072086197
2684354560
1066937348
0
1069520657
0
1072326530
536870912
1070002207
2147483648
1071018985
1073741824
1071000555
2147483648
1071993388
1073741824
1072404924
536870912
1070722882
3221225472
1069994157
2147483648
1071697287
0
1072583772
2147483648
1072124473
1610612736
1071654123
3221225472
1070252816
0
1070080159
0
1071701423
2147483648
1068818984
0
1070738864
1073741824
1072101693
3221225472
1072602618
1610612736
1072369639
1610612736
1072457684
1073741824
1072629764
3758096384
1072544504
536870912
1071344103
2147483648
1072102560
3221225472
1071515674
3221225472
1069395181
0
1068585391
0
1070966880
2147483648
1072133333
3758096384
1071014843
3221225472
1072268668
3221225472
1071899754
1610612736
1071465642
3221225472
1072100030
0
1071739617
1073741824
1072436766
3758096384
1072590350
3758096384
1071459449
0
1072539638
3758096384
1071809606
3758096384
1070655743
2147483648
1071842904
2147483648
1067987526
0
1064747568
0
1071385701
2147483648
1070488796
0
1068022316
0
1070337219
2147483648
1071734600
0
1070665279
1073741824
1070439378
0
1069546853
0
1071868228
2147483648
1071642204
2147483648
1072096367
536870912
1072004984
1073741824
1071994756
536870912
1072307402
2147483648
1071793987
0
1072251640
1610612736
1071892998
1073741824
1072490710
3221225472
1072303841
3221225472
1071922618
536870912
1071819414
2684354560
1071599736
3221225472
1071493377
2147483648
1072343108
2684354560
1071096929
3221225472
1072429049
536870912
1071809246
1073741824
1071709872
3758096384
1072017972
2147483648
1071461100
1073741824
1072693247
2684354560
55
