Uvec
2226355706
1071476595
3221225472
1071740976
0
1070112525
2147483648
1069931210
2147483648
1069960786
2147483648
1072019210
536870912
1071830763
2684354560
1071952778
1073741824
1069548351
2147483648
1072492245
0
1072042957
2147483648
1072445933
3221225472
1072290551
2147483648
1071738467
2147483648
1070059444
0
1072178642
2147483648
1071545397
0
1071964976
3758096384
1072599142
0
1067508978
0
1072363994
2147483648
1072333913
536870912
1071754390
3221225472
1067526960
0
1072588713
1610612736
1071980151
0
1069638778
2147483648
1068105274
0
1071826118
2147483648
1071978201
0
1070704498
0
1072069507
3221225472
1072374242
1610612736
1069543094
0
1071361476
2147483648
1072686152
2684354560
1071836374
2147483648
1070645886
1073741824
1069606909
0
1072674675
2684354560
1072396888
0
1071067500
2147483648
1070790640
2147483648
1072244121
3758096384
1070849928
3221225472
1069612904
2147483648
1071957898
1073741824
1072552520
536870912
1070919737
3221225472
1071957253
0
1071894597
536870912
1070613161
0
1072279416
1610612736
1069088589
0
1072244693
2147483648
1068589956
0
1071150928
1073741824
1072681306
2147483648
1072305658
3758096384
1070188129
0
1069864692
2147483648
1071424558
1073741824
1071717110
3758096384
1072358133
2147483648
1072642650
2684354560
1071449753
2147483648
1069388902
0
1072251740
2147483648
1071993085
1610612736
1069009317
0
1068032560
0
1069302042
0
1070854357
0
1070896472
1073741824
1072249582
0
1071420342
3221225472
1071013745
2147483648
1072212660
2147483648
1071348231
3221225472
1071772729
536870912
1070892804
0
1070600416
2147483648
1071760131
536870912
1070199483
2147483648
1071736815
2147483648
1072548287
3221225472
1070699107
2147483648
1069632900
2147483648
1071667715
2684354560
1070685212
1073741824
1072142511
1073741824
1071754392
3221225472
1068214212
0
1071661206
0
1072583198
0
1071963163
1610612736
1072635755
3221225472
1071812723
1610612736
1071461100
1073741824
1072693247
2684354560
69
