Uvec
2226355706
1071315438
1073741824
1071790135
1610612736
1068345316
0
1069884075
0
1070560299
2147483648
1071289037
2147483648
1072423349
1610612736
1072141481
2147483648
1071730722
3221225472
1072553141
2147483648
1071391106
1073741824
1070733736
3221225472
1066777768
0
1072655458
1073741824
1072103171
1073741824
1072102950
2147483648
1072367031
2684354560
1072665078
2147483648
1070625754
2147483648
1071484243
3221225472
1072685611
1610612736
1072618829
1073741824
1070402080
0
1071478006
2147483648
1070585872
2147483648
1071802144
1610612736
1069391045
0
1069846035
0
1067514838
0
1068467218
0
1072158790
1610612736
1072035353
3221225472
1072270027
0
1070874052
0
1070707604
0
1071414395
3221225472
1069003051
0
1068636574
0
1070510366
2147483648
1070975019
1073741824
1071868470
3758096384
1071635701
3221225472
1070143776
2147483648
1070607165
0
1072564962
3221225472
1071890086
0
1072219514
2147483648
1070909768
1073741824
1070510953
2147483648
1072660179
2147483648
1069754586
0
1070011661
0
1070620685
2147483648
1072427828
3758096384
1066112672
0
1072368888
3221225472
1070287759
2147483648
1072653831
3221225472
1071957219
1610612736
1071707249
0
1071863444
1073741824
1065841408
0
1070741774
0
1071729471
536870912
1071999513
0
1071818386
2147483648
1071973064
3758096384
1071618798
3221225472
1070687224
0
1070291824
2147483648
1071743695
3758096384
1072466250
536870912
1072513336
536870912
1070785860
3221225472
1071247548
1073741824
1071974593
1610612736
1071230526
0
1071022030
1073741824
1071661856
1610612736
1071067634
1073741824
1071828821
536870912
1071005192
3221225472
1067041068
0
1070680336
0
1068682868
0
1068891547
0
1071402332
3221225472
1071147254
2147483648
1072339681
3758096384
1071899994
2147483648
1068316288
0
1071810466
536870912
1072458500
1610612736
1070883595
0
1071028511
0
1072073328
1610612736
1069396931
0
1070432785
2147483648
1071461100
1073741824
1072693247
2684354560
18
