Uvec
2226355706
1071200737
0
1071385379
0
1066694892
0
1072415331
1610612736
1072225745
1610612736
1071374119
1073741824
1072446312
3221225472
1067016668
0
1071700202
2147483648
1072367648
0
1072397281
2684354560
1072345796
0
1071851497
2684354560
1071937099
1073741824
1072239537
3758096384
1071720102
0
1070577830
2147483648
1072275677
0
1069664804
0
1070547574
2147483648
1072118339
1073741824
1072410688
1610612736
1069889940
0
1071580197
1073741824
1070853793
2147483648
1071655627
2684354560
1071323562
2147483648
1069869451
2147483648
1070929059
2147483648
1072643167
536870912
1072541810
536870912
1071657720
536870912
1071669289
0
1072360756
1610612736
1072265348
3221225472
1070752834
1073741824
1067914416
0
1070360133
2147483648
1072550124
1073741824
1071211295
2147483648
1069678114
0
1070769636
0
1067231396
0
1070178001
0
1072348152
2684354560
1064094336
0
1072645853
3758096384
1069784795
0
1071886444
3758096384
1072182561
3221225472
1072442924
2147483648
1072552401
0
1072367519
1073741824
1070383219
0
1071813219
2147483648
1070827006
0
1068868184
0
1072543216
1073741824
1071525702
2147483648
1071939252
3221225472
1065456024
0
1071342562
0
1070023075
2147483648
1072511966
3758096384
1068370008
0
1072288910
1073741824
1070861841
3221225472
1072683294
3758096384
1067791474
0
1071595766
2147483648
1069547731
2147483648
1071315694
3221225472
1071773544
2147483648
1071739674
1610612736
1068843020
0
1072504644
1073741824
1069612430
2147483648
1070891290
1073741824
1070824503
2147483648
1067996556
0
1071918997
3758096384
1072423799
2147483648
1071707719
1073741824
1072147096
536870912
1067428292
0
1072365578
536870912
1072103370
2684354560
1067983238
0
1070442405
2147483648
1071038632
3221225472
1069272152
0
1071228165
0
1071549318
3221225472
1071785165
536870912
1070380026
2147483648
1071475548
0
1072006727
536870912
1071896353
2147483648
1071461100
1073741824
1072693247
2684354560
56
