Uvec
2226355706
1072044909
3758096384
1072551230
2684354560
1070040337
2147483648
1071742960
1610612736
1070193996
0
1070853857
2147483648
1070193667
2147483648
1071234408
0
1067663972
0
1072153829
0
1071961950
2684354560
1071620971
3221225472
1072431065
1073741824
1068307486
0
1072521431
3758096384
1072649054
2147483648
1066427400
0
1070060002
2147483648
1072297125
536870912
1072101667
2147483648
1067843328
0
1072305274
1610612736
1071910679
3758096384
1072147673
2684354560
1072244044
1610612736
1069415692
0
1072231153
3758096384
1071137451
0
1071883318
0
1069385076
0
1071090292
3221225472
1072684480
536870912
1071831529
1073741824
1072102724
2147483648
1070827847
3221225472
1072671341
1610612736
1071732413
2684354560
1069742010
0
1069742220
2147483648
1070671170
1073741824
1071460574
0
1070473119
0
1070776842
1073741824
1070812874
1073741824
1071246917
0
1071491659
1073741824
1072499111
2684354560
1071962589
536870912
1071739068
0
1071277857
1073741824
1072547247
0
1071655252
2147483648
1066321784
0
1071655413
2147483648
1072011083
0
1070604038
2147483648
1070349610
2147483648
1067633776
0
1072308472
3221225472
1071454678
3221225472
1070035601
0
1071479268
1073741824
1072246924
2684354560
1072057970
2684354560
1070906910
1073741824
1072324507
1610612736
1071063056
2147483648
1071099736
0
1070908559
1073741824
1071742752
3221225472
1071726824
536870912
1067781064
0
1072410441
1610612736
1071379916
2147483648
1070650029
0
1070455954
0
1072169378
3758096384
1072114513
3758096384
1072161742
1073741824
1069107748
0
1069297627
0
1072386122
2684354560
1072453319
2147483648
1070629099
1073741824
1071059489
3221225472
1070826969
3221225472
1070719390
3221225472
1072647174
536870912
1070098977
2147483648
1071785664
536870912
1067070720
0
1071990125
2147483648
1071830626
3221225472
1072281865
2684354560
1072423361
536870912
1072467253
2684354560
1071372445
1073741824
1068752314
0
1071461100
1073741824
1072693247
2684354560
68
