Uvec
2226355706
1071970665
0
1072663576
2684354560
1068514934
0
1070111342
0
1072182045
3758096384
1069755790
0
1072457805
2147483648
1071813529
3221225472
1071007847
3221225472
1072218837
1073741824
1071011521
3221225472
1070730310
3221225472
1071522545
3221225472
1071196789
3221225472
1071842395
1073741824
1072667437
2684354560
1072051582
2684354560
1069045079
0
1071998873
2684354560
1072624912
2147483648
1070539069
2147483648
1072650675
3758096384
1072203746
2147483648
1069176362
0
1071541079
0
1072439363
0
1072308560
3221225472
1070862750
3221225472
1071972895
0
1072195379
2147483648
1072098466
1610612736
1072223043
2147483648
1072550851
2147483648
1071873655
0
1072432893
0
1072536953
3758096384
1072668336
3758096384
1068667137
0
1072458631
1610612736
1072506312
2147483648
1072040597
3221225472
1072049173
0
1070050798
0
1072204901
536870912
1071202412
0
1067932038
0
1072272254
3221225472
1072395040
0
1072301344
1610612736
1072154161
3221225472
1070961115
1073741824
1072436365
0
1072636161
0
1070192010
0
1071313062
2147483648
1070572038
0
1072383783
1073741824
1071992500
2147483648
1070403723
2147483648
1070923470
1073741824
1072436813
2684354560
1065439616
0
1072157579
0
1072461209
3758096384
1069637949
2147483648
1072056482
3221225472
1071825386
1073741824
1071343103
0
1072352128
2684354560
1067184612
0
1070166199
2147483648
1068082054
0
1072632899
1610612736
1070874973
3221225472
1071952310
536870912
1071034518
0
1068894777
0
1070966334
3221225472
1068392352
0
1072492979
3221225472
1066685792
0
1071799733
3758096384
1071036432
0
1071081754
0
1070276806
0
1069580139
2147483648
1069374887
0
1072544102
1610612736
1068544596
0
1072585672
3758096384
1071069085
1073741824
1071684775
2147483648
1070875374
2147483648
1068847135
0
1072629836
2147483648
1071308297
1073741824
1069945368
0
1072136824
3221225472
1071461100
1073741824
1072693247
2684354560
84
