Uvec
2226355706
1072593226
3758096384
1070638154
3221225472
1072594357
3758096384
1070325105
0
1072229607
2684354560
1070055271
2147483648
1071848357
2684354560
1071973435
3758096384
1071167291
1073741824
1072565567
536870912
1070745953
0
1070831341
2147483648
1071749452
1610612736
1072206099
0
1069104271
0
1071767710
2147483648
1071605327
0
1072040080
2684354560
1070881971
2147483648
1070661414
0
1068572369
0
1070768869
2147483648
1069981619
0
1071682275
536870912
1071400118
0
1070476294
0
1072441461
1073741824
1069038031
0
1069138145
0
1069847072
2147483648
1072313184
536870912
1072562372
3221225472
1071766520
0
1070373036
2147483648
1072354048
3758096384
1071266788
3221225472
1070393374
2147483648
1072457191
3758096384
1071339353
1073741824
1068540987
0
1070939231
2147483648
1071939920
3221225472
1070571361
2147483648
1071936589
1073741824
1072003751
3758096384
1071649475
1073741824
1072004623
0
1069923287
2147483648
1071276603
0
1072322446
1073741824
1072056499
536870912
1071652568
1610612736
1069361468
0
1071007995
3221225472
1070333853
0
1067179296
0
1072450370
0
1072691166
3758096384
1069939262
0
1072158032
3758096384
1071538024
1073741824
1072483435
536870912
1072361106
536870912
1071723426
0
1071434398
3221225472
1071359196
2147483648
1070683335
2147483648
1071726231
2147483648
1065481920
0
1063374496
0
1072384759
3758096384
1071984923
0
1072501203
536870912
1072064369
3758096384
1071119332
0
1072268692
1610612736
1072588325
1073741824
1071929692
0
1072550816
2147483648
1072257221
3221225472
1072355220
2147483648
1071816441
1610612736
1072077094
536870912
1069933386
2147483648
1072240976
536870912
1072093492
0
1072660940
2147483648
1068980332
0
1072619000
2147483648
1072621655
3221225472
1071820666
1073741824
1072144151
3221225472
1070731152
0
1069137170
0
1070961178
2147483648
1071747727
2684354560
1072562722
3221225472
1071497568
2147483648
1071461100
1073741824
1072693247
2684354560
75
