Uvec
2226355706
1069128304
0
1071803858
0
1072135876
536870912
1069316425
0
1072087793
2684354560
1070061589
0
1070530700
2147483648
1066700876
0
1070639904
3221225472
1071970983
2684354560
1068914572
0
1071878999
2147483648
1068981127
0
1071441674
1073741824
1072221581
3221225472
1071779492
2684354560
1072159064
2684354560
1070945379
0
1071784092
0
1072530351
2147483648
1071772656
1610612736
1072397966
2684354560
1072545273
2147483648
1071822230
2147483648
1069231196
0
1072268503
1073741824
1071432069
2147483648
1071742313
536870912
1071744838
1073741824
1071541323
0
1071478441
3221225472
1069562084
2147483648
1072169432
2147483648
1071745892
2147483648
1072318461
3758096384
1072214162
2684354560
1072008679
1073741824
1072077946
3221225472
1070049688
2147483648
1069572104
0
1070876094
2147483648
1071950057
3758096384
1070068652
2147483648
1072280392
3758096384
1072658572
2684354560
1071850454
2684354560
1072056224
2684354560
1069935202
2147483648
1065354392
0
1072027102
1610612736
1068216118
0
1072495096
0
1072397451
3221225472
1070661127
2147483648
1071693670
3221225472
1070590760
2147483648
1072567772
1073741824
1071181853
2147483648
1070679399
3221225472
1070913097
0
1068579397
0
1072041131
2147483648
1070692088
3221225472
1070756121
1073741824
1067380548
0
1072200997
3221225472
1070363406
2147483648
1071080912
1073741824
1072562607
3758096384
1069731918
0
1071649508
1073741824
1072080256
0
1072555413
2684354560
1072215727
1073741824
1070476668
0
1072463536
3758096384
1070690628
0
1069564975
0
1072488169
1610612736
1071919077
1073741824
1071650004
0
1071861546
1073741824
1071948092
1073741824
1070368528
0
1070290264
0
1072101191
1610612736
1072557884
2147483648
1072232166
1073741824
1068606341
0
1071514004
3221225472
1070775130
3221225472
1071671121
1610612736
1072023346
2147483648
1071831449
1073741824
1066889912
0
1072132882
2147483648
1071699907
1610612736
1072532875
3758096384
1071461100
1073741824
1072693247
2684354560
52
