Uvec
2226355706
1070841760
0
1071422592
0
1072599699
0
1071750627
0
1071965865
3221225472
1072183447
1073741824
1072376404
1610612736
1070227104
0
1072105564
3758096384
1070787591
0
1072688088
2684354560
1070692310
2147483648
1071645561
536870912
1070880713
1073741824
1072086510
1073741824
1070895512
2147483648
1068874685
0
1071666967
2684354560
1068726287
0
1071801359
3221225472
1064763904
0
1072079712
0
1071655602
2684354560
1069705031
2147483648
1071000394
2147483648
1072605866
2684354560
1072556812
1073741824
1070830039
2147483648
1070964786
0
1072228115
2147483648
1072284118
2147483648
1071796044
2147483648
1068857801
0
1071685538
0
1071901907
1073741824
1072172166
1610612736
1072409193
0
1071955304
3221225472
1072575723
2684354560
1072329681
3221225472
1072229294
1073741824
1072122961
1610612736
1072253911
3221225472
1071366469
1073741824
1072163131
0
1071973615
3221225472
1072567756
1073741824
1069518240
0
1072531280
1073741824
1070024439
0
1067827842
0
1070861419
0
1066742764
0
1071823466
3758096384
1070683404
0
1070350870
2147483648
1071515905
0
1072067406
3758096384
1065653040
0
1070749725
1073741824
1068900445
0
1070303915
2147483648
1071865379
3758096384
1071679077
2684354560
1072060102
2147483648
1070896258
3221225472
1071138097
1073741824
1072574440
3758096384
1071367422
1073741824
1071929579
1073741824
1071502540
0
1072297896
536870912
1070766299
0
1071783862
1073741824
1070930069
3221225472
1071450815
3221225472
1069910119
2147483648
1072659097
1073741824
1070742415
0
1071222034
3221225472
1066909076
0
1071278310
2147483648
1071975395
3221225472
1071495311
2147483648
1071477790
1073741824
1071756934
3758096384
1071456739
3221225472
1070611681
0
1072584463
3758096384
1071321699
0
1072678644
1610612736
1071042275
1073741824
1069410528
0
1071875215
2147483648
1070279437
2147483648
1072649186
2147483648
1068910199
0
1068015500
0
1071461100
1073741824
1072693247
2684354560
38
