Uvec
2226355706
1071543684
0
1067825576
0
1071026379
0
1070456255
2147483648
1072487425
2684354560
1072258297
1610612736
1072531157
0
1071745324
536870912
1072535202
536870912
1070151519
2147483648
1070423676
0
1071628497
2147483648
1069784851
0
1071785693
0
1070319427
2147483648
1072460641
0
1072608592
0
1071570290
1073741824
1071784651
3758096384
1068440922
0
1072361070
3758096384
1070210955
2147483648
1072278478
3221225472
1072666647
1073741824
1071348764
0
1072664739
2147483648
1072227872
3221225472
1070646727
3221225472
1072123659
3221225472
1072464821
1610612736
1072214046
536870912
1071191125
1073741824
1068578449
0
1070286044
0
1071822800
0
1072666872
2147483648
1072150972
2147483648
1070773779
1073741824
1072097180
536870912
1072501831
536870912
1072661187
2147483648
1070365587
2147483648
1071108842
0
1072289358
2147483648
1072654946
1073741824
1072415101
536870912
1069889885
2147483648
1068509566
0
1067818752
0
1072033592
1610612736
1071692635
3221225472
1072417316
3221225472
1069982649
2147483648
1072379541
0
1070783728
3221225472
1071173563
3221225472
1072419647
1610612736
1070457479
0
1072526455
2147483648
1070529847
2147483648
1071916261
3758096384
1072121478
3758096384
1070402521
0
1072160219
2684354560
1071056304
1073741824
1072311210
1073741824
1067944192
0
1071936539
0
1072147411
3221225472
1071729035
0
1071721239
0
1070650008
3221225472
1071660079
3221225472
1067485720
0
1072633638
3221225472
1072112156
3758096384
1070676453
0
1072239003
2684354560
1071776925
2684354560
1071972843
2684354560
1070461614
0
1071606819
2147483648
1071987555
0
1071191002
3221225472
1072320350
3221225472
1071136272
1073741824
1071787062
2147483648
1071803233
2684354560
1071308057
1073741824
1071957240
2684354560
1072574131
3758096384
1070702235
1073741824
1066675764
0
1070364383
0
1072033732
3758096384
1067072520
0
1072211552
2147483648
1070884474
1073741824
1071461100
1073741824
1072693247
2684354560
84
