Uvec
2226355706
1072672892
0
1072264543
3221225472
1069803052
2147483648
1071600097
3221225472
1072677002
1610612736
1071970733
1073741824
1071790440
1610612736
1071676790
0
1071162371
0
1071710003
1610612736
1072073664
1610612736
1072517133
2684354560
1071219231
1073741824
1071877521
0
1072171688
1073741824
1072690983
1073741824
1070131876
0
1072139606
536870912
1072375108
1610612736
1069724397
0
1069604230
2147483648
1071336369
0
1070277457
2147483648
1071919014
2684354560
1070885734
3221225472
1070319171
2147483648
1072304080
2147483648
1072163329
2147483648
1072060849
2147483648
1072260257
2684354560
1070033946
2147483648
1072263863
2684354560
1068482570
0
1071999054
3221225472
1072402444
3758096384
1071584082
0
1072608203
0
1071394142
1073741824
1072088552
0
1071940009
2684354560
1070640355
3221225472
1065685264
0
1072446405
0
1072303283
2684354560
1070510991
0
1070407180
0
1072251493
0
1071809162
0
1069648855
0
1072620094
3221225472
1069405920
0
1069403170
0
1066660520
0
1071376869
2147483648
1071672738
3221225472
1072262899
2684354560
1072071903
2147483648
1071883238
3758096384
1071778386
0
1072540623
1610612736
1069880533
2147483648
1072426945
1073741824
1072165928
3758096384
1071685485
0
1069986670
2147483648
1070286425
2147483648
1071169851
3221225472
1071167823
2147483648
1072463437
1610612736
1072649020
2684354560
1071097075
1073741824
1071954688
1610612736
1070233608
2147483648
1071952731
2684354560
1072590230
0
1069913109
2147483648
1072530262
2684354560
1072260429
3758096384
1071770489
2147483648
1069829067
2147483648
1070864028
0
1072363015
3758096384
1071910292
536870912
1071040578
2147483648
1070647385
2147483648
1071109698
3221225472
1072462595
3758096384
1069732292
0
1071977532
3758096384
1071744860
3221225472
1072582674
2684354560
1065706000
0
1072503048
0
1070081618
0
1071727675
3758096384
1072348932
3758096384
1072135056
2684354560
1071301165
0
1071461100
1073741824
1072693247
2684354560
36
