Uvec
2226355706
1071853262
1610612736
1071966239
0
1071345047
0
1071920638
0
1071151812
3221225472
1068739864
0
1071939126
2684354560
1072023004
1073741824
1070392918
0
1072089679
2147483648
1071966772
1073741824
1069994666
0
1071745627
0
1069528620
0
1071795706
0
1070524350
0
1072442562
0
1069330931
0
1072368214
1610612736
1072079236
2684354560
1069522989
0
1072279768
3221225472
1071140101
0
1072123486
1610612736
1072069343
1073741824
1071328399
1073741824
1070596426
0
1071308067
2147483648
1072268801
0
1069732424
2147483648
1071960585
2147483648
1069850300
2147483648
1068897689
0
1070712986
3221225472
1071548854
3221225472
1072596958
3221225472
1070845418
3221225472
1071921171
0
1068795412
0
1072366530
536870912
1069646526
0
1070069866
2147483648
1072368587
0
1066159816
0
1071518790
3221225472
1071444204
3221225472
1068927306
0
1071946810
3221225472
1072292335
3758096384
1067939896
0
1072253696
2147483648
1072425843
2684354560
1071670949
1073741824
1072187510
1073741824
1071982104
0
1071007845
2147483648
1072453771
0
1071821736
536870912
1072384888
1073741824
1072594969
2147483648
1071074775
1073741824
1068593650
0
1071169754
2147483648
1072603177
3221225472
1069050497
0
1071921136
2147483648
1068245754
0
1070061506
2147483648
1071668384
2147483648
1071184316
0
1064719488
0
1072626010
0
1069265261
0
1068542992
0
1070428653
2147483648
1071469009
2147483648
1072567180
1073741824
1070647404
3221225472
1069390427
0
1071653816
0
1072449239
2684354560
1070962350
1073741824
1071712302
1610612736
1071569926
1073741824
1071755253
3758096384
1072607891
1073741824
1068808517
0
1072279601
536870912
1070912055
0
1070669503
0
1072037851
1073741824
1072316487
2147483648
1070845333
1073741824
1072135989
3221225472
1069019962
0
1071673451
2684354560
1070146791
2147483648
1071050465
1073741824
1071461100
1073741824
1072693247
2684354560
95
