Uvec
2226355706
1071143760
2147483648
1071052318
3221225472
1072282969
2147483648
1070156489
0
1069259214
0
1071298742
3221225472
1071897206
3758096384
1072071214
3758096384
1069786588
0
1071999185
3221225472
1072688151
0
1072026144
2147483648
1071964979
3221225472
1072266985
2684354560
1072304755
2147483648
1072353810
2147483648
1070739213
0
1071913838
0
1070956365
0
1072154706
2147483648
1070283614
2147483648
1070682547
0
1068704510
0
1069365580
0
1071852276
0
1072578193
1073741824
1072546870
1073741824
1070093593
0
1063594880
0
1064810128
0
1069085869
0
1071413130
0
1069794987
0
1069170181
0
1071773127
3758096384
1071813670
2147483648
1071658172
2684354560
1069914110
2147483648
1072005306
536870912
1072645837
1073741824
1071565821
3221225472
1072210636
3758096384
1072416090
2147483648
1072091592
1610612736
1072654905
2684354560
1070589078
2147483648
1072457206
3221225472
1072681150
2147483648
1072370525
2147483648
1072010149
0
1071848728
2684354560
1072167938
1073741824
1072361697
536870912
1072593489
3758096384
1068132868
0
1071037045
2147483648
1072379879
2147483648
1072242686
2684354560
1071373362
2147483648
1071177923
1073741824
1072467623
2147483648
1070766088
3221225472
1072366102
0
1071746982
0
1072657918
3758096384
1071163903
0
1071679644
536870912
1067697482
0
1071957288
0
1072073668
2147483648
1070434730
0
1072675481
3758096384
1068012974
0
1069554515
2147483648
1072300224
1610612736
1072097018
2147483648
1067704498
0
1071991607
3758096384
1071481412
2147483648
1071079574
1073741824
1071271219
3221225472
1072280410
536870912
1069796220
0
1071632632
0
1072290847
3758096384
1071591368
2147483648
1067489810
0
1071794223
2684354560
1066215936
0
1071991564
3758096384
1072115794
1073741824
1072444514
536870912
1071415060
3221225472
1072193095
0
1070695122
0
1070675458
0
1069993255
0
1071103911
1073741824
1071461100
1073741824
1072693247
2684354560
75
