Uvec
2226355706
1071174457
2147483648
1070044398
0
1070801393
1073741824
1068923999
0
1070904777
1073741824
1069862696
2147483648
1072217003
3221225472
1070991270
0
1071815502
0
1071831912
3758096384
1071728781
1073741824
1072377144
3758096384
1069077763
0
1070989869
0
1071713344
0
1071376443
0
1072289603
1610612736
1068024396
0
1069467393
0
1070658213
0
1070666589
2147483648
1072536861
1073741824
1070240464
2147483648
1072099644
0
1072015151
536870912
1070664339
2147483648
1070854638
0
1072129126
536870912
1072161740
1610612736
1069732943
2147483648
1072469998
536870912
1066728972
0
1070803935
3221225472
1071659813
3758096384
1071588345
0
1071229404
0
1071670513
536870912
1070813732
3221225472
1070005827
0
1065305888
0
1072320492
3221225472
1071807395
536870912
1071866614
536870912
1072349214
0
1072202022
2147483648
1072056340
1073741824
1071327367
0
1072061031
2684354560
1072027023
2684354560
1069789949
2147483648
1071021531
0
1072267917
536870912
1070973472
2147483648
1071207473
2147483648
1067263820
0
1072304410
2147483648
1072289388
0
1072221586
2684354560
1068346968
0
1071875413
1073741824
1071847661
2684354560
1072257183
3758096384
1072110072
0
1071316967
1073741824
1068698638
0
1072500836
536870912
1072248482
0
1072417933
2684354560
1071616408
2147483648
1072291331
2147483648
1072394163
2147483648
1070320799
2147483648
1071903681
0
1070720809
3221225472
1069684716
2147483648
1072028465
0
1071733455
3221225472
1067889858
0
1071282337
2147483648
1072033720
0
1071962025
536870912
1070539313
0
1070621972
1073741824
1072371501
1610612736
1071228471
3221225472
1069682736
2147483648
1070445494
2147483648
1071292079
2147483648
1071715865
1610612736
1072005659
3758096384
1067133108
0
1069972210
0
1071567921
2147483648
1071931454
536870912
1066674672
0
1072411656
3221225472
1070545787
2147483648
1069837318
0
1071461100
1073741824
1072693247
2684354560
43
