Uvec
2226355706
1072090758
3221225472
1071281628
3221225472
1071760733
3221225472
1072632561
3221225472
1067799702
0
1071023172
2147483648
1067749930
0
1072452573
3758096384
1070925161
1073741824
1068765866
0
1071826115
1073741824
1070833302
0
1068720512
0
1071777284
1073741824
1072413382
2684354560
1072456829
2147483648
1070639234
2147483648
1072112526
2147483648
1072555739
3221225472
1070894198
3221225472
1069724838
2147483648
1071903901
0
1072665011
2147483648
1072604311
1610612736
1072090572
1073741824
1072054504
2147483648
1069676548
0
1072640505
1073741824
1068725663
0
1072523317
3758096384
1072581447
3221225472
1067303480
0
1072224875
536870912
1071707235
536870912
1072014077
2147483648
1069867468
2147483648
1072086112
1610612736
1072116396
536870912
1071148025
2147483648
1069602003
0
1072447218
1073741824
1071247764
1073741824
1072349749
2147483648
1072219653
3221225472
1072057035
0
1067451244
0
1068863291
0
1072332786
0
1068029640
0
1071768467
536870912
1070938460
2147483648
1070866310
2147483648
1072638307
2684354560
1072052500
0
1064132896
0
1071723093
2684354560
1069971279
2147483648
1069658427
2147483648
1070197621
0
1071111008
2147483648
1072252644
0
1071901427
0
1071027700
3221225472
1072050314
3221225472
1072055876
3758096384
1071880627
1073741824
1068707405
0
1072239736
3758096384
1069582326
2147483648
1070645113
0
1070870412
1073741824
1070677441
1073741824
1072288713
2684354560
1071212355
2147483648
1068754076
0
1066642196
0
1071717905
3758096384
1067328728
0
1069108411
0
1070906577
0
1072488665
536870912
1071874532
1610612736
1072225670
2147483648
1068842805
0
1072355304
2684354560
1070984102
0
1072227368
3221225472
1071921059
1073741824
1071364742
3221225472
1069249578
0
1072246279
536870912
1071889383
0
1072624963
2147483648
1071926666
2147483648
1072353120
536870912
1071788391
2147483648
1072059544
3758096384
1072551858
3758096384
1071461100
1073741824
1072693247
2684354560
49
