Uvec
2226355706
1072485321
3758096384
1072217648
3221225472
1071302440
0
1071912138
1073741824
1068483332
0
1072670815
0
1071726095
2147483648
1072692076
1073741824
1071104266
1073741824
1072564627
3758096384
1070875329
2147483648
1070547719
0
1067046400
0
1072198166
0
1070276771
0
1072600307
2147483648
1071666846
3221225472
1071911932
1610612736
1070674156
1073741824
1071351593
0
1069726289
2147483648
1071095700
0
1072488246
3221225472
1072646571
1610612736
1070557146
2147483648
1068811550
0
1069905473
0
1071744692
3758096384
1065706872
0
1072253107
3758096384
1070949630
0
1072670082
0
1066576092
0
1068257674
0
1071634809
2147483648
1072033234
3221225472
1071956371
1610612736
1072666628
1610612736
1072385712
0
1072131880
1073741824
1071049364
2147483648
1070538343
2147483648
1071229833
1073741824
1071997728
2147483648
1071188773
2147483648
1067707664
0
1070364033
0
1072251366
1610612736
1071644642
1073741824
1069762759
0
1072330342
1073741824
1072117165
2684354560
1069911602
2147483648
1072116599
2147483648
1071845778
1073741824
1072517131
3221225472
1071317947
1073741824
1071718686
536870912
1069565974
2147483648
1071475619
3221225472
1071988729
0
1069917349
2147483648
1072063521
1073741824
1071035891
2147483648
1072352005
3221225472
1068543019
0
1072442354
0
1071692998
2147483648
1066652052
0
1071922467
3758096384
1067572538
0
1071656415
2684354560
1071834694
1610612736
1072476614
0
1071050427
0
1072457006
3758096384
1071729266
2147483648
1072353818
536870912
1071653374
0
1072434074
1073741824
1072335089
2147483648
1072631985
2684354560
1071165712
2147483648
1069316613
0
1070999057
3221225472
1072135277
3221225472
1067059800
0
1069627514
2147483648
1071838749
2147483648
1072298711
536870912
1063742656
0
1067091612
0
1072184358
2684354560
1071884769
3758096384
1072374694
2684354560
1068883606
0
1072254781
1073741824
1064926736
0
1071461100
1073741824
1072693247
2684354560
45
