Uvec
2226355706
1071905591
536870912
1071681907
0
1071293200
3221225472
1072344332
3758096384
1071953732
2147483648
1071888423
3758096384
1072037513
2684354560
1071358700
1073741824
1072148425
3758096384
1072498516
3758096384
1071421495
1073741824
1067829098
0
1070740233
1073741824
1072255922
2147483648
1068704259
0
1070745683
3221225472
1070904193
3221225472
1072108805
2147483648
1071877348
1073741824
1071235699
0
1072271538
536870912
1072407815
3221225472
1072021543
536870912
1072237801
536870912
1069930554
2147483648
1066740960
0
1070727029
3221225472
1067633604
0
1072637112
2147483648
1072302556
1073741824
1070748256
2147483648
1071687371
2684354560
1071029493
2147483648
1071123350
0
1071644895
2147483648
1071158943
2147483648
1072589612
536870912
1069624771
2147483648
1072192377
2684354560
1070172892
0
1072168242
3221225472
1072646548
2147483648
1072181121
536870912
1071110627
2147483648
1066216560
0
1070837735
0
1072377826
1610612736
1070770697
1073741824
1072395993
2147483648
1070960235
3221225472
1071906811
3758096384
1072353278
0
1071693862
2684354560
1072424581
1610612736
1067190764
0
1067066840
0
1072353887
1610612736
1072435565
3758096384
1067112192
0
1070042133
2147483648
1072569453
2684354560
1072102144
1610612736
1069619587
0
1069686692
2147483648
1072421433
3758096384
1069746840
0
1070552179
0
1069988974
2147483648
1071510733
2147483648
1071868476
1073741824
1072240666
1610612736
1072335230
3221225472
1068959509
0
1071568138
2147483648
1070926713
3221225472
1069995061
0
1072049423
3221225472
1071875573
3758096384
1072621106
2147483648
1072245385
1610612736
1072376010
1073741824
1069307800
0
1068718025
0
1071853728
536870912
1072341583
2684354560
1069850169
2147483648
1072489045
536870912
1072393525
2684354560
1071787526
2147483648
1069704096
2147483648
1072357888
2684354560
1071007061
1073741824
1072435137
3221225472
1072242233
0
1071845511
2684354560
1070008135
0
1069907859
2147483648
1071988279
2684354560
1071461100
1073741824
1072693247
2684354560
22
