Uvec
2226355706
1072318807
1610612736
1072691853
3221225472
1071789219
2147483648
1071731610
2684354560
1071468036
0
1072110149
2684354560
1072278536
1073741824
1070645470
1073741824
1072499633
1610612736
1071330478
3221225472
1070096856
0
1072009631
2684354560
1068466764
0
1070411991
0
1067987204
0
1068706770
0
1071002086
0
1072678939
536870912
1070528695
0
1071509708
1073741824
1070945243
1073741824
1070602680
1073741824
1072471198
1610612736
1068580060
0
1072224384
3221225472
1072403448
1610612736
1071152982
3221225472
1069571465
0
1072467909
1610612736
1071980804
0
1070475019
2147483648
1070198377
0
1067578254
0
1072425508
2684354560
1072309470
0
1070536985
2147483648
1066541768
0
1071687950
1073741824
1072492636
1610612736
1071743786
3758096384
1072188451
1073741824
1071757569
3221225472
1071888347
2684354560
1072269464
3758096384
1069986061
2147483648
1072562526
3221225472
1068698198
0
1072016414
3758096384
1070933710
3221225472
1069388540
0
1072170627
2147483648
1072085119
536870912
1072577437
536870912
1071768644
1610612736
1071017701
2147483648
1071931646
0
1071877313
2147483648
1070811410
2147483648
1072300609
3221225472
1071605822
1073741824
1070703478
3221225472
1069857841
2147483648
1072642529
1073741824
1071223555
2147483648
1068509300
0
1068500967
0
1072462361
0
1069860575
0
1072010118
1610612736
1072553320
1073741824
1071904008
0
1071862337
3758096384
1069233208
0
1072260437
2147483648
1071495956
0
1071499447
1073741824
1072387766
3758096384
1071868397
536870912
1072097524
3221225472
1072370623
2147483648
1070683077
3221225472
1071822186
2147483648
1070973008
0
1070655512
0
1069233262
0
1070500882
0
1071654720
0
1072614696
536870912
1072609220
3221225472
1071993756
3221225472
1070768256
3221225472
1066895248
0
1070693942
1073741824
1070926030
0
1071765918
536870912
1070712197
2147483648
1070665295
0
1072057179
2684354560
1071461100
1073741824
1072693247
2684354560
8
