Uvec
2226355706
1072548886
0
1070197739
2147483648
1071669080
0
1070110864
0
1071754762
536870912
1069644224
2147483648
1071604088
1073741824
1071032911
3221225472
1072549655
536870912
1072311684
1610612736
1072427303
0
1072223116
2684354560
1071548419
3221225472
1072537920
3221225472
1065903032
0
1072336647
536870912
1068027050
0
1071837473
3221225472
1071586913
2147483648
1066504240
0
1072568489
536870912
1071037222
0
1071908498
3758096384
1069681945
0
1072405121
2684354560
1070224261
2147483648
1069693060
0
1069908964
0
1069811436
0
1071662966
0
1068559837
0
1070725982
3221225472
1070742437
1073741824
1070883748
3221225472
1071451467
0
1071217876
2147483648
1072459289
1610612736
1071338587
2147483648
1071870087
1073741824
1071886773
3221225472
1072378416
3758096384
1070861530
1073741824
1071411362
0
1071795480
2684354560
1071506397
1073741824
1067807536
0
1071261538
1073741824
1071776961
3221225472
1070444810
0
1072563425
0
1071872935
2684354560
1071323738
0
1072353000
1610612736
1072606971
1073741824
1069195353
0
1070327423
2147483648
1071487591
3221225472
1071932432
1610612736
1071847986
1073741824
1072605659
2147483648
1067927886
0
1068523064
0
1069815467
2147483648
1072529031
2684354560
1069966574
0
1069633721
2147483648
1072066242
1610612736
1071983731
1073741824
1070757572
1073741824
1071228953
2147483648
1071339723
3221225472
1072066496
3221225472
1068206202
0
1071691226
2684354560
1070921269
2147483648
1071834096
536870912
1071745347
0
1072126412
1610612736
1072690935
3221225472
1072595193
1610612736
1072259710
2684354560
1071908216
2684354560
1068137702
0
1068810314
0
1072369564
3758096384
1070739380
1073741824
1072212482
3221225472
1072373258
3221225472
1072454895
0
1071232178
0
1069249527
0
1070697858
0
1071970208
3758096384
1069801713
0
1072108653
3221225472
1072329218
3758096384
1070082786
0
1071161504
2147483648
1071461100
1073741824
1072693247
2684354560
3
