Uvec
2226355706
1071774635
1073741824
1065511224
0
1072267038
3758096384
1071194535
1073741824
1072644186
2147483648
1070761528
0
1071926924
3221225472
1072669290
536870912
1069797153
0
1071981986
2684354560
1072423104
0
1071743887
536870912
1072269067
1610612736
1071760022
3758096384
1069060902
0
1070732797
3221225472
1072610821
536870912
1061911936
0
1067902720
0
1069909206
0
1072389169
3221225472
1071796847
2684354560
1072478571
3758096384
1072550048
1610612736
1071666641
2147483648
1071825912
3758096384
1069461129
0
1072437745
2147483648
1072641967
0
1071551078
2147483648
1069825317
0
1072533989
3758096384
1069188904
0
1070804031
3221225472
1069329671
0
1069093274
0
1071484489
3221225472
1070629863
0
1069971174
2147483648
1070912822
0
1072568687
3758096384
1068365184
0
1072653191
536870912
1071654819
3758096384
1070951334
1073741824
1068742184
0
1071474248
2147483648
1070376021
0
1071382722
0
1072032487
1610612736
1069587579
0
1071879892
3221225472
1072153063
1610612736
1071491864
1073741824
1071936349
1610612736
1069565396
2147483648
1070475646
0
1072672306
536870912
1071401020
1073741824
1071740822
536870912
1071926898
2684354560
1071716775
1073741824
1069566407
0
1072293727
1073741824
1071883032
3221225472
1072411057
3221225472
1071924505
2147483648
1072116774
536870912
1070455067
2147483648
1072469454
1610612736
1071788830
0
1070303896
2147483648
1071999379
3221225472
1071795162
3221225472
1072625539
2147483648
1071224821
3221225472
1072479686
3221225472
1072576008
3221225472
1071901156
1610612736
1071393707
0
1072324689
2684354560
1071431804
0
1071055591
3221225472
1071434802
3221225472
1069634191
0
1070655132
0
1072044085
1073741824
1071177285
1073741824
1072532443
1610612736
1071114566
1073741824
1070943023
0
1072094717
0
1072398361
2147483648
1069876119
2147483648
1072138614
2147483648
1071974471
3221225472
1071041421
3221225472
1069140026
0
1071461100
1073741824
1072693247
2684354560
80
