Uvec
2226355706
1071895977
1610612736
1071444278
0
1069780406
0
1072529551
2684354560
1071961513
3758096384
1070666459
3221225472
1072620912
1073741824
1072180947
0
1072167758
1610612736
1072543320
2684354560
1071123530
3221225472
1071497204
3221225472
1070876068
0
1071622399
2147483648
1070739313
3221225472
1072183604
0
1071748267
3758096384
1070944595
3221225472
1070065648
2147483648
1071498683
0
1072192592
3221225472
1070618821
0
1072641019
2147483648
1072187585
2147483648
1069458491
0
1070532833
0
1072264276
2684354560
1072289105
3221225472
1070638310
3221225472
1067540952
0
1070814594
3221225472
1066577444
0
1072308187
2684354560
1070971317
3221225472
1070695325
3221225472
1072643121
2684354560
1069564299
0
1071866038
2684354560
1072428876
3221225472
1071183534
3221225472
1072309009
1073741824
1070946227
1073741824
1069311903
0
1071667888
1610612736
1065998992
0
1071881926
1073741824
1071453004
1073741824
1071059201
3221225472
1072303734
3221225472
1072566946
2684354560
1070925985
0
1071933727
1073741824
1068639760
0
1072185734
3221225472
1070800714
2147483648
1072665994
1073741824
1071361280
0
1072629672
3221225472
1071684040
3758096384
1072239070
1073741824
1072439740
1073741824
1071105308
2147483648
1071506916
1073741824
1072037215
2147483648
1066707128
0
1072582897
3758096384
1071915777
3221225472
1072581421
2684354560
1071024887
3221225472
1071139940
0
1072245328
536870912
1069923068
0
1071183837
2147483648
1071826179
0
1071922694
3221225472
1072045236
1610612736
1070470290
2147483648
1071722632
1073741824
1072191326
2684354560
1071309961
0
1072435491
536870912
1071874056
2684354560
1072268349
0
1071188673
3221225472
1072054559
1610612736
1069652558
0
1071725164
3758096384
1069735873
0
1069747168
2147483648
1072338240
1610612736
1072151594
1610612736
1072303985
3221225472
1068652476
0
1070495077
0
1071940249
1610612736
1071015842
0
1072439010
2147483648
1070649909
2147483648
1071461100
1073741824
1072693247
2684354560
79
