Uvec
2226355706
1069901815
2147483648
1070395465
0
1072445433
1610612736
1071359695
2147483648
1071899101
1610612736
1071459436
2147483648
1071751853
1073741824
1069365370
0
1071049362
3221225472
1070715558
3221225472
1071924362
0
1070887298
1073741824
1067699422
0
1072276506
0
1072508152
536870912
1072515681
3758096384
1067970630
0
1071019773
2147483648
1071705057
3758096384
1071918415
536870912
1072681248
1073741824
1072676776
1073741824
1071132846
3221225472
1070368278
2147483648
1071885319
1610612736
1071833019
3221225472
1069535779
0
1065805800
0
1071861168
3758096384
1070067390
0
1069882611
0
1070137248
0
1071914641
2147483648
1072229664
1073741824
1068504606
0
1072210384
1610612736
1071072795
0
1072410084
3221225472
1067465974
0
1071713884
2147483648
1068074788
0
1067339148
0
1072189065
2147483648
1072140017
1073741824
1072007449
1073741824
1068864307
0
1068330806
0
1068677955
0
1072514025
3758096384
1072681275
0
1071614342
1073741824
1069101133
0
1065931896
0
1071676134
2684354560
1071464051
3221225472
1071295222
1073741824
1072642122
0
1068723529
0
1072681002
1610612736
1072622271
2147483648
1072603429
3758096384
1070656543
1073741824
1071366851
1073741824
1071946234
3758096384
1071353404
2147483648
1071486023
0
1072088396
3758096384
1069032817
0
1070935243
0
1072174934
2684354560
1068531314
0
1071249567
1073741824
1071215371
2147483648
1070998500
1073741824
1071701330
536870912
1070807173
3221225472
1072117833
2147483648
1070380565
0
1072461534
2684354560
1069428720
0
1068574836
0
1068330526
0
1071746851
536870912
1068625355
0
1072095843
2684354560
1071126928
3221225472
1071110576
1073741824
1072661115
3221225472
1068307884
0
1072218462
0
1066338872
0
1072100713
0
1070881702
3221225472
1072194475
3221225472
1071999317
3221225472
1070905985
2147483648
1070890383
3221225472
1071873970
3758096384
1071461100
1073741824
1072693247
2684354560
26
