Uvec
2226355706
1071718594
536870912
1072148919
2147483648
1072103825
3221225472
1072246732
0
1071230459
1073741824
1071332967
2147483648
1071847533
1610612736
1068722422
0
1067361004
0
1071709185
0
1072513712
3758096384
1071536017
2147483648
1071658247
1610612736
1072119421
3221225472
1071119550
1073741824
1070276736
2147483648
1070640517
0
1072563484
3758096384
1072269451
536870912
1071637432
1073741824
1069734046
2147483648
1071616891
3221225472
1071604303
0
1072396892
1073741824
1072500067
3221225472
1066973120
0
1071816084
0
1069692209
2147483648
1065875544
0
1072299151
3758096384
1072488134
2684354560
1070821538
0
1071720798
1073741824
1070347698
2147483648
1070007935
2147483648
1070687285
1073741824
1070462891
0
1068984344
0
1070763342
3221225472
1071504328
0
1070506731
0
1071808676
2684354560
1070920402
2147483648
1071927734
3221225472
1070588575
0
1071332502
1073741824
1066596528
0
1070530048
2147483648
1072286834
0
1068148880
0
1072059438
1073741824
1071979183
2147483648
1071187129
2147483648
1071886483
2684354560
1072459713
3758096384
1071251011
3221225472
1072535200
0
1068401776
0
1071935690
0
1069061442
0
1071148604
2147483648
1066158952
0
1069216948
0
1072501611
3221225472
1070888417
2147483648
1072129738
0
1072171309
3221225472
1069708318
2147483648
1070211825
0
1071108041
0
1069038902
0
1071822945
0
1071675316
2147483648
1068779481
0
1070677413
0
1069612033
0
1068925110
0
1072325251
1610612736
1072552309
1610612736
1069797275
0
1071692178
0
1071836602
2684354560
1071653380
536870912
1070652508
1073741824
1071866112
536870912
1072625098
0
1072400122
536870912
1071900212
536870912
1071834025
2147483648
1072195475
2684354560
1072029988
0
1072366183
3758096384
1068816286
0
1071102142
2147483648
1066702920
0
1072574915
3758096384
1071609826
1073741824
1072057029
2684354560
1071461100
1073741824
1072693247
2684354560
21
