Uvec
2226355706
1072233605
3221225472
1069151108
0
1071856211
2147483648
1072640260
1610612736
1072635396
2684354560
1064375904
0
1072548956
536870912
1071040547
1073741824
1071338153
3221225472
1069582873
0
1071779719
1610612736
1071912696
3758096384
1072505189
1073741824
1072509612
1610612736
1069542996
0
1070395304
0
1071032779
1073741824
1071406289
2147483648
1070871060
2147483648
1070227630
0
1071812297
1073741824
1072378713
3758096384
1071768000
2684354560
1070759853
3221225472
1071876802
2147483648
1071897789
2147483648
1072224485
1073741824
1069802794
0
1071816376
3758096384
1072094056
3221225472
1071364399
1073741824
1072681616
2684354560
1071840004
2684354560
1071333033
2147483648
1068456006
0
1067876086
0
1070767376
1073741824
1070399386
2147483648
1071453534
0
1071733081
1610612736
1070890419
0
1070977970
1073741824
1071884532
3758096384
1070041401
2147483648
1072561950
1073741824
1071577313
0
1072621162
1610612736
1072093300
1073741824
1071775990
3221225472
1072665450
536870912
1070462837
2147483648
1072447351
0
1070473788
0
1067862978
0
1069729172
0
1070835641
3221225472
1071109319
0
1069553003
0
1072598051
2684354560
1072217963
1073741824
1071740396
3758096384
1071716487
0
1072042468
1073741824
1072200477
3758096384
1070037732
2147483648
1072475732
1610612736
1072589995
1073741824
1072682808
0
1071799076
0
1072202691
1610612736
1067519326
0
1071070604
3221225472
1072604787
536870912
1071635521
0
1072686557
1610612736
1071994069
2684354560
1072125881
2684354560
1070430364
0
1071622216
2147483648
1070999596
3221225472
1071347409
0
1070625032
3221225472
1072092064
0
1072284649
0
1072293533
1610612736
1069302195
0
1071565980
3221225472
1070408575
0
1068195104
0
1071891199
0
1072634113
0
1071524618
0
1069129663
0
1071645710
1073741824
1072308382
3221225472
1072151903
2147483648
1072515545
3758096384
1070947160
3221225472
1071461100
1073741824
1072693247
2684354560
24
