Uvec
2226355706
1065104656
0
1071135833
0
1071041965
3221225472
1071825337
536870912
1071296865
0
1069733797
0
1072163883
3221225472
1072028148
536870912
1072143558
2684354560
1072567890
2684354560
1072354535
1610612736
1072519154
536870912
1071691965
2684354560
1072646550
3221225472
1070473300
2147483648
1071812842
0
1069544474
0
1072240901
3758096384
1071809595
3221225472
1072612511
3221225472
1068030536
0
1071807001
2684354560
1070396772
2147483648
1069111938
0
1071616738
0
1071961509
536870912
1072466726
2147483648
1069824230
0
1070600402
2147483648
1070887787
2147483648
1070789804
2147483648
1071803795
2684354560
1072051588
1610612736
1070685224
3221225472
1071049389
3221225472
1071973622
536870912
1072634180
1610612736
1071794000
1610612736
1071015549
0
1071701036
2684354560
1072168817
3758096384
1072522526
3221225472
1071603669
1073741824
1072582292
536870912
1071899847
3221225472
1071942693
1610612736
1072625910
1073741824
1070783895
1073741824
1071765837
3221225472
1071446044
2147483648
1071175154
0
1065968944
0
1071553026
2147483648
1071968956
1073741824
1070771377
2147483648
1072206100
3758096384
1071569154
3221225472
1071850874
1073741824
1070241380
0
1070946152
1073741824
1071990217
3758096384
1068668699
0
1067939944
0
1067439640
0
1070562013
0
1071386022
0
1071864925
1073741824
1072017992
3221225472
1071301261
0
1069702959
2147483648
1072485205
2684354560
1072131173
1073741824
1072678653
2684354560
1071910483
3221225472
1068806664
0
1071765469
2147483648
1069577580
0
1071521762
0
1071416163
0
1069085752
0
1072621855
1610612736
1072587867
2684354560
1072348548
2684354560
1072688772
1073741824
1070768604
3221225472
1072165514
1073741824
1070373009
2147483648
1072282920
1610612736
1069846531
2147483648
1071853572
2684354560
1069862072
2147483648
1071170958
2147483648
1071897479
3758096384
1072271066
2684354560
1072054686
2684354560
1071622247
0
1071692033
536870912
1072494313
2147483648
1071461100
1073741824
1072693247
2684354560
46
