Uvec
2226355706
1072278272
0
1069384582
0
1071986134
536870912
1071368508
2147483648
1072596349
3758096384
1070657267
2147483648
1072028517
1610612736
1071348303
0
1071465016
1073741824
1070603181
1073741824
1071511162
3221225472
1072449280
3221225472
1072290919
2684354560
1071510918
1073741824
1070531879
2147483648
1071774776
2684354560
1072255093
3221225472
1070816208
1073741824
1069592993
2147483648
1070629980
2147483648
1070915272
3221225472
1072245537
2147483648
1071950703
3758096384
1072589870
2684354560
1070846528
2147483648
1070974451
0
1072279725
3221225472
1069869051
0
1071073196
1073741824
1066211720
0
1072109287
1610612736
1072626469
3758096384
1072193761
3758096384
1072174137
3221225472
1072041649
1073741824
1072563537
536870912
1070985329
0
1066276496
0
1070427561
2147483648
1071957261
0
1070542915
0
1070268816
0
1071960888
0
1071816124
1073741824
1068558202
0
1071435977
0
1068599800
0
1069175123
0
1069851408
2147483648
1070806579
3221225472
1072221705
1610612736
1069001692
0
1071869625
0
1072647589
2147483648
1069800093
2147483648
1069552016
2147483648
1067998670
0
1071763345
536870912
1070921613
0
1072165338
2684354560
1072376088
2684354560
1072663010
3758096384
1068408400
0
1071738650
3758096384
1069459028
0
1069694768
0
1072290234
2147483648
1071985385
2684354560
1068902241
0
1069970442
2147483648
1072168820
3758096384
1070236465
2147483648
1071185008
2147483648
1071313453
3221225472
1070856627
2147483648
1072236098
2684354560
1072553272
1073741824
1068266982
0
1070948624
1073741824
1071662561
536870912
1072496758
2684354560
1072320556
2147483648
1071672331
3758096384
1071155210
3221225472
1068818931
0
1072289699
536870912
1070299953
2147483648
1071927319
536870912
1072582704
3758096384
1071004322
3221225472
1069508858
0
1071241017
0
1070661636
0
1072634435
1610612736
1070302351
2147483648
1072017868
1610612736
1072131578
3221225472
1070913570
1073741824
1071461100
1073741824
1072693247
2684354560
2
