Uvec
2226355706
1072326121
2147483648
1071725983
2147483648
1071854136
0
1072462473
0
1072656420
1073741824
1070039508
2147483648
1071902128
0
1070718659
1073741824
1071895278
1073741824
1072370889
1073741824
1068033084
0
1072637626
2684354560
1071213043
2147483648
1072674097
0
1072494481
2147483648
1070912965
0
1070183895
2147483648
1072018316
536870912
1071696048
3221225472
1072185039
1073741824
1071698125
536870912
1071890827
3221225472
1070836114
1073741824
1072593296
536870912
1067514656
0
1070346305
0
1072677024
3221225472
1068521763
0
1069570568
0
1071753329
3221225472
1068584947
0
1069232943
0
1071046846
0
1063605056
0
1066921624
0
1071450970
1073741824
1071408389
3221225472
1068625165
0
1071214184
3221225472
1071660134
1073741824
1072269662
1610612736
1071318900
2147483648
1072139035
2684354560
1072448858
536870912
1070616501
0
1072460552
536870912
1071877477
1073741824
1071677870
3221225472
1071296218
3221225472
1071873422
3221225472
1068958130
0
1070668788
0
1072350649
536870912
1071787929
2684354560
1067529934
0
1072231335
0
1071837137
3221225472
1067697996
0
1072065561
3221225472
1071552905
0
1072086513
2147483648
1071727438
0
1071985777
3758096384
1071499118
2147483648
1070647301
1073741824
1070531390
2147483648
1071608000
3221225472
1065044640
0
1072079351
3758096384
1072344872
3758096384
1071710652
1610612736
1072048390
3758096384
1072473666
2147483648
1070808615
3221225472
1072131898
2147483648
1072192237
1073741824
1071683453
536870912
1066790352
0
1071554597
3221225472
1072057857
3221225472
1071440330
1073741824
1071383833
2147483648
1071012595
2147483648
1071966112
536870912
1072485534
0
1061078784
0
1070804311
1073741824
1071344695
2147483648
1071230590
1073741824
1072115806
0
1070845235
1073741824
1068802234
0
1071934678
2684354560
1071680504
536870912
1072556777
0
1069179357
0
1071298165
3221225472
1072175751
0
1071461100
1073741824
1072693247
2684354560
12
