Uvec
2226355706
1072116726
1073741824
1072196878
3758096384
1071935073
1073741824
1067931858
0
1070644832
3221225472
1068180340
0
1071102370
0
1071897561
2147483648
1068834746
0
1072393816
1073741824
1067462214
0
1071625703
1073741824
1071437598
1073741824
1071149529
2147483648
1071253779
1073741824
1069683043
2147483648
1071891572
2147483648
1072642040
2147483648
1072214409
1073741824
1072427085
2684354560
1072687105
3221225472
1070696939
0
1071454386
2147483648
1068763391
0
1069804120
2147483648
1072355640
1073741824
1072380742
1610612736
1072236340
536870912
1069837352
0
1071906181
1610612736
1070941240
3221225472
1072587012
2147483648
1071796021
1610612736
1071583271
0
1071796539
536870912
1070672334
3221225472
1070955894
3221225472
1071813058
1610612736
1071524430
1073741824
1072563098
3758096384
1068100316
0
1071514476
2147483648
1070659945
1073741824
1072305395
2684354560
1071572521
1073741824
1072442015
3758096384
1072429053
2147483648
1069289594
0
1071981810
1610612736
1071984911
0
1072166701
1073741824
1065271600
0
1071217033
2147483648
1068924328
0
1072658643
536870912
1069873583
2147483648
1070076455
0
1070939771
1073741824
1069371537
0
1072020208
536870912
1067120060
0
1070726225
1073741824
1072359026
536870912
1070387576
2147483648
1071017832
2147483648
1072249407
1610612736
1071396292
1073741824
1070855205
3221225472
1071931909
3758096384
1069926818
2147483648
1072011385
3221225472
1071242704
0
1070628841
3221225472
1072268293
3758096384
1071770533
0
1064482272
0
1071655372
3221225472
1071165607
3221225472
1071067847
2147483648
1071156018
0
1072401373
2147483648
1070716403
3221225472
1071916991
1073741824
1070500004
2147483648
1065960680
0
1070475355
0
1072533272
1073741824
1071061069
2147483648
1071711707
3221225472
1071091176
2147483648
1071861698
536870912
1071873160
1610612736
1069447587
0
1071789952
1073741824
1068739432
0
1071622977
0
1071093908
1073741824
1070682841
0
1071461100
1073741824
1072693247
2684354560
92
