Uvec
2226355706
1072268554
536870912
1069729267
0
1070061009
0
1066403928
0
1071446279
2147483648
1072380009
2147483648
1071814610
2684354560
1072342869
3221225472
1071586137
2147483648
1066557128
0
1071947662
1073741824
1071078053
1073741824
1070805183
0
1072537261
2147483648
1071809871
1073741824
1071918889
3758096384
1072434596
0
1072670182
1073741824
1072052700
536870912
1070629331
0
1070731719
0
1070338601
2147483648
1070834824
1073741824
1065904824
0
1070890878
3221225472
1069673899
2147483648
1072014146
536870912
1069074138
0
1072213355
2147483648
1071006406
0
1068227366
0
1070148577
0
1072431309
536870912
1070716894
1073741824
1072384575
2147483648
1067972922
0
1071565246
3221225472
1072223664
1610612736
1071016370
1073741824
1071665587
536870912
1072192776
0
1071500875
2147483648
1072630884
3221225472
1067835034
0
1069976962
2147483648
1070190150
2147483648
1071810671
3758096384
1072073707
1610612736
1071526887
0
1071168157
3221225472
1070216935
0
1071147593
3221225472
1066909740
0
1071357517
1073741824
1072390839
2684354560
1070483218
2147483648
1069812016
0
1071811384
536870912
1072148309
3758096384
1070867767
3221225472
1069945132
0
1072415801
536870912
1072087201
2684354560
1069583478
0
1070977450
0
1071719489
3758096384
1070884589
2147483648
1072515401
2147483648
1071649779
536870912
1072348976
2684354560
1072138233
1073741824
1072312974
3758096384
1071675285
1610612736
1070610592
2147483648
1072627716
3758096384
1072656254
1610612736
1072086658
1610612736
1071321391
1073741824
1072106785
2147483648
1072318334
2147483648
1070786810
3221225472
1070026158
2147483648
1072422713
2684354560
1070350941
0
1070300947
0
1070390320
2147483648
1072547478
0
1072621045
536870912
1072445491
3758096384
1071874085
1073741824
1070484321
0
1070837593
1073741824
1072349001
1610612736
1067491766
0
1071607119
2147483648
1071927983
1073741824
1072020654
1073741824
1071468005
0
1071461100
1073741824
1072693247
2684354560
82
