Uvec
2226355706
1071371714
2147483648
1070943679
3221225472
1071307182
1073741824
1071070905
2147483648
1069684902
0
1070439011
2147483648
1071919918
1073741824
1070183532
2147483648
1072051083
2147483648
1072522621
3221225472
1067499570
0
1068538035
0
1070944720
2147483648
1071932589
3758096384
1071287581
0
1069881559
2147483648
1070963536
2147483648
1071921565
536870912
1070642598
0
1070699022
1073741824
1071822892
1073741824
1069201431
0
1069643816
2147483648
1072023218
3758096384
1072112237
1073741824
1071944720
2147483648
1071926179
3758096384
1071917593
536870912
1066379096
0
1072276347
3221225472
1069221458
0
1072176378
1610612736
1071981596
0
1068732792
0
1071798626
2684354560
1072009597
3221225472
1071128218
0
1069676589
0
1072201619
3221225472
1071382637
3221225472
1072430418
3758096384
1071225004
2147483648
1069023609
0
1070781800
2147483648
1070509122
0
1071143677
0
1071865429
2147483648
1072002553
3221225472
1070727984
0
1072582067
536870912
1072583879
3221225472
1069394426
0
1071945015
3221225472
1069981119
0
1072070384
3221225472
1069742793
0
1072407741
2684354560
1068945269
0
1071478505
3221225472
1071271816
3221225472
1071656368
3758096384
1070749549
1073741824
1071971850
536870912
1070420935
0
1072509626
3221225472
1072591807
1073741824
1070739286
2147483648
1071949800
3758096384
1072349843
3758096384
1072279077
1073741824
1072515735
2147483648
1072474052
3758096384
1072685001
2684354560
1071316111
3221225472
1072057967
3221225472
1072591725
0
1069540591
0
1071013584
0
1072195813
2684354560
1070956882
1073741824
1071457949
2147483648
1072304596
3758096384
1069563826
0
1071279626
1073741824
1068357380
0
1071471369
1073741824
1072391665
3758096384
1070355927
2147483648
1072125426
3221225472
1072091029
2147483648
1072118721
2147483648
1071859735
536870912
1070455776
2147483648
1072639371
2684354560
1071597457
1073741824
1070700782
3221225472
1070994686
2147483648
1070945082
0
1071461100
1073741824
1072693247
2684354560
49
