Uvec
2226355706
1071145884
0
1069481349
0
1072128007
3221225472
1071836257
0
1068838927
0
1070813170
0
1072173642
2684354560
1071116906
3221225472
1070092176
2147483648
1072067664
3758096384
1072496028
0
1072049720
2147483648
1069639827
0
1070960184
3221225472
1071231846
1073741824
1071039792
1073741824
1072031893
1610612736
1068052126
0
1072477606
3221225472
1069597778
0
1071929006
3758096384
1071702209
0
1070875753
0
1071841924
3221225472
1070350781
2147483648
1071686658
536870912
1071495016
0
1071393395
0
1066357688
0
1070971234
0
1072055429
1073741824
1071906609
3221225472
1071892835
536870912
1072672860
3758096384
1068618287
0
1070734379
1073741824
1072622535
2147483648
1072203468
536870912
1072535368
1610612736
1068747847
0
1071694800
1073741824
1071985215
2684354560
1071978578
3221225472
1072050333
1610612736
1071843639
2147483648
1071973356
2684354560
1071755371
0
1072057533
2147483648
1069282134
0
1071330250
2147483648
1072507874
0
1062308352
0
1071581505
0
1072388154
3221225472
1072075112
3221225472
1071243891
1073741824
1070875248
2147483648
1071514008
3221225472
1071977342
1073741824
1071581493
2147483648
1071759044
3758096384
1068262048
0
1072256740
3221225472
1071223447
3221225472
1070955558
3221225472
1070741470
3221225472
1071414074
2147483648
1070176489
2147483648
1071833633
3758096384
1068806892
0
1072566739
2684354560
1071740451
1610612736
1071712440
1073741824
1071687899
3758096384
1067450940
0
1071420517
3221225472
1063477952
0
1071554360
0
1070683314
1073741824
1071158029
3221225472
1068020426
0
1071130468
3221225472
1072463416
0
1070415568
0
1072237341
536870912
1072374119
0
1069122617
0
1070807912
3221225472
1072616627
1610612736
1072165817
3758096384
1070151114
2147483648
1072280120
536870912
1071962942
3221225472
1072672331
1610612736
1071177279
2147483648
1071098010
3221225472
1070509895
0
1072127437
0
1071461100
1073741824
1072693247
2684354560
16
