Uvec
2226355706
1069536251
0
1069858610
0
1071308238
2147483648
1072410451
2684354560
1071323966
3221225472
1072120532
0
1071242993
1073741824
1071095182
1073741824
1071178361
3221225472
1072211775
0
1070398593
0
1071969752
2147483648
1072390313
3221225472
1071186675
3221225472
1072206079
2147483648
1071897127
536870912
1072481750
0
1070339940
2147483648
1070308035
0
1070469943
2147483648
1068098816
0
1071516513
0
1072199809
3221225472
1072020658
3758096384
1072040155
1610612736
1068260024
0
1070671991
0
1071824693
3758096384
1071026204
1073741824
1072048585
3758096384
1072072380
3221225472
1069852634
0
1069834620
0
1072379736
2147483648
1070482574
0
1071984080
2147483648
1071447768
3221225472
1066365368
0
1071284409
3221225472
1071304712
3221225472
1072537347
1073741824
1071854107
0
1071244483
0
1072140709
3221225472
1072230160
536870912
1067731020
0
1066977944
0
1071827844
1610612736
1071782364
1073741824
1071179198
1073741824
1072209425
3758096384
1070819127
0
1071293616
2147483648
1071752501
2684354560
1072229772
1610612736
1070884425
2147483648
1071890224
3758096384
1071734422
0
1071433558
2147483648
1072390374
1610612736
1070840674
1073741824
1072368192
1610612736
1071629546
2147483648
1072533998
3758096384
1072682250
0
1071586726
2147483648
1071958840
536870912
1072361504
536870912
1072145134
1073741824
1070133625
2147483648
1072030467
1073741824
1072493012
2147483648
1064845392
0
1071377470
0
1072022098
3221225472
1072342962
3221225472
1071809871
0
1072540852
3221225472
1069153347
0
1072093366
1610612736
1072184385
1073741824
1071369076
3221225472
1071938364
0
1072130012
2684354560
1066709588
0
1067094632
0
1071796329
0
1066469876
0
1070907420
1073741824
1072672465
2147483648
1072390235
536870912
1072123586
536870912
1072394636
1610612736
1072040522
2684354560
1070358238
2147483648
1071008916
1073741824
1071880942
3221225472
1068530327
0
1071461100
1073741824
1072693247
2684354560
54
