Uvec
2226355706
1072392094
1610612736
1072184224
0
1069527769
0
1071649632
536870912
1071356943
0
1071468710
0
1069955956
0
1070471273
0
1072517217
3221225472
1071244707
2147483648
1071658838
3221225472
1071740029
536870912
1070890678
2147483648
1071558466
1073741824
1071712460
0
1072115994
0
1072426335
3758096384
1072482929
2147483648
1071933624
536870912
1072059426
1073741824
1072049481
536870912
1071994616
0
1070510310
2147483648
1072030963
3758096384
1069802158
2147483648
1072085022
1610612736
1070460885
2147483648
1071261516
0
1072028937
536870912
1069915254
0
1071374780
1073741824
1070765665
0
1072389787
2684354560
1072304872
536870912
1072096065
1610612736
1071237616
1073741824
1070006209
2147483648
1071796882
536870912
1070886473
3221225472
1070900103
1073741824
1070361761
0
1072310175
2147483648
1069000146
0
1071318006
0
1070738089
0
1072241704
2147483648
1071225368
1073741824
1072081382
1610612736
1071828481
2147483648
1070928354
3221225472
1071650446
536870912
1071733395
536870912
1071511940
0
1072553912
2147483648
1072423329
3221225472
1068421774
0
1072332299
2684354560
1071607901
0
1071960033
2147483648
1068646214
0
1071190033
2147483648
1068049978
0
1072016354
3758096384
1072375378
1073741824
1070759953
3221225472
1072016156
1073741824
1072050957
2147483648
1071483517
3221225472
1069054422
0
1069113432
0
1070687309
2147483648
1071014816
3221225472
1069892710
0
1071905484
3758096384
1069271047
0
1071179715
3221225472
1071195500
1073741824
1070012716
0
1070157472
0
1071877209
3758096384
1071166804
3221225472
1070279430
0
1072290567
1610612736
1072663429
3221225472
1071534285
0
1071661581
2684354560
1071993610
2147483648
1071911893
3221225472
1071599915
1073741824
1071330795
1073741824
1072429867
2684354560
1071675948
536870912
1065704016
0
1072576669
2684354560
1068774203
0
1071522894
1073741824
1071970127
1073741824
1071539639
2147483648
1071461100
1073741824
1072693247
2684354560
71
