Uvec
2226355706
1072362869
1610612736
1071148431
3221225472
1071719547
1610612736
1072634871
3758096384
1069740272
2147483648
1069567759
2147483648
1070004869
0
1070091648
2147483648
1071876924
1073741824
1071968906
1610612736
1071340408
2147483648
1072270803
1610612736
1071806006
0
1072327700
1610612736
1071761429
0
1071801325
2684354560
1071214401
2147483648
1071838877
0
1072421525
536870912
1070846511
1073741824
1070992209
0
1072046226
3758096384
1072557984
3758096384
1070230720
2147483648
1070725453
2147483648
1072299202
536870912
1071621440
3221225472
1072417547
1610612736
1072006812
1610612736
1072256766
1610612736
1070146196
2147483648
1072658077
0
1072057153
2684354560
1071032005
2147483648
1072029341
0
1072265603
536870912
1069928748
2147483648
1069905907
2147483648
1071399255
3221225472
1072335882
3758096384
1069795363
0
1071845948
536870912
1072212137
1073741824
1070604936
2147483648
1072079567
2147483648
1070974814
3221225472
1071692175
1610612736
1071579836
0
1066548528
0
1069950954
0
1071194323
2147483648
1068934688
0
1066808544
0
1069555567
2147483648
1072523353
3221225472
1072134910
1073741824
1072011347
2147483648
1071452906
1073741824
1071721822
3758096384
1072174194
3221225472
1072012965
0
1071258825
1073741824
1072078265
1610612736
1072527718
2147483648
1069497758
0
1070629332
3221225472
1072294571
536870912
1072399024
3758096384
1072193561
0
1072684034
1073741824
1072353330
536870912
1072529717
0
1070250712
2147483648
1072685631
3758096384
1070699945
1073741824
1072235726
1073741824
1071699926
0
1069759779
2147483648
1069671299
0
1072266940
536870912
1069146311
0
1070806003
0
1072380361
2147483648
1071908509
2684354560
1072399876
2147483648
1071835101
2147483648
1069066225
0
1072107200
536870912
1072431393
3221225472
1071422272
0
1071784600
1610612736
1072279673
3758096384
1072551962
2147483648
1070541104
0
1070341832
0
1071336275
0
1071979444
1610612736
1071915817
3758096384
1071461100
1073741824
1072693247
2684354560
73
