Uvec
2226355706
1071381101
2147483648
1067483766
0
1069253783
0
1068877261
0
1071662167
1610612736
1072595935
536870912
1071025546
1073741824
1072374655
536870912
1072313435
1073741824
1072210755
2147483648
1072303796
3758096384
1072314049
0
1068980733
0
1072370019
1610612736
1072003323
2684354560
1071803610
2684354560
1072440915
1610612736
1071774497
3758096384
1069576740
2147483648
1072614365
1073741824
1072080365
3221225472
1072457240
2684354560
1071278490
1073741824
1071675458
1610612736
1065661968
0
1069570124
2147483648
1070717636
1073741824
1071058288
1073741824
1068548455
0
1066852216
0
1068290968
0
1071720942
3221225472
1071642720
1073741824
1072503983
0
1070228628
2147483648
1070380182
2147483648
1071379959
1073741824
1069870646
2147483648
1072242866
1073741824
1071107282
3221225472
1070702302
0
1071782161
0
1071963059
536870912
1070822144
0
1068115838
0
1071310783
1073741824
1072380439
3758096384
1072068852
2147483648
1071445334
2147483648
1071430503
1073741824
1071682832
3221225472
1070928135
2147483648
1069604423
2147483648
1071366176
1073741824
1067502612
0
1072580792
1610612736
1068947402
0
1070793688
0
1071918192
2147483648
1072574403
3221225472
1070438469
2147483648
1071436097
0
1068750939
0
1065741560
0
1069311628
0
1072355221
3221225472
1072428396
2147483648
1070407368
2147483648
1069559659
2147483648
1072384143
536870912
1069585972
2147483648
1072134684
536870912
1068098720
0
1070214792
2147483648
1072668421
3758096384
1072062040
1610612736
1070703335
3221225472
1065368160
0
1071660918
2684354560
1071542083
0
1072347188
536870912
1072370975
1610612736
1071791692
2147483648
1071732752
2147483648
1072655965
1610612736
1066877200
0
1072529840
3221225472
1071510826
0
1071773601
1073741824
1072370949
0
1071282348
0
1070517464
0
1071726380
3758096384
1070538310
0
1066876556
0
1070320648
2147483648
1070394281
2147483648
1070429517
0
1071461100
1073741824
1072693247
2684354560
40
