Uvec
2226355706
1069673589
0
1072673509
3221225472
1071457251
0
1071572856
0
1072438267
3758096384
1071089192
0
1071904869
3221225472
1068371994
0
1071737973
0
1071852495
3221225472
1072436769
1610612736
1069932486
2147483648
1071797049
1073741824
1071276573
1073741824
1072650630
0
1068095192
0
1072303067
2684354560
1067133084
0
1070632418
3221225472
1066463160
0
1071883624
3758096384
1071713113
1610612736
1071537727
1073741824
1072205841
3221225472
1071902269
0
1069947976
0
1071553528
3221225472
1072466127
1610612736
1070949296
2147483648
1068624351
0
1072503142
3221225472
1070756526
2147483648
1071903474
536870912
1070690194
1073741824
1072329235
1073741824
1069072936
0
1071636967
2147483648
1064910736
0
1071222589
1073741824
1072538041
2147483648
1071683436
1610612736
1066798580
0
1070713568
0
1070090639
0
1072645342
3221225472
1069779649
2147483648
1070836450
2147483648
1071297603
1073741824
1068502180
0
1071693035
3221225472
1072462347
0
1070596823
1073741824
1070545148
2147483648
1072665974
3221225472
1068386546
0
1071452312
1073741824
1071940118
3221225472
1072163680
1610612736
1070764064
3221225472
1071558638
0
1069075064
0
1071140518
3221225472
1071754716
2684354560
1072347082
536870912
1070180341
2147483648
1068967851
0
1071914762
3221225472
1072394163
3758096384
1071683614
3221225472
1068953927
0
1071494300
3221225472
1071785116
1073741824
1069606617
2147483648
1071393877
0
1071133495
1073741824
1071855925
536870912
1071766966
1073741824
1070097382
2147483648
1072385768
0
1072359276
1073741824
1070609391
0
1072030860
0
1072373911
2684354560
1066353408
0
1071534104
0
1069856891
2147483648
1071460386
0
1071689519
1610612736
1071998880
3758096384
1072622382
2147483648
1072130227
3758096384
1068964813
0
1072348277
1610612736
1072099684
1073741824
1069490045
0
1072328085
2684354560
1070496554
2147483648
1072348937
1610612736
1071461100
1073741824
1072693247
2684354560
32
