Uvec
2226355706
1072247434
1073741824
1072305108
3221225472
1069947888
0
1071556463
1073741824
1071720534
3221225472
1072501131
3758096384
1072670785
1610612736
1072356117
0
1070304005
2147483648
1068526212
0
1069609558
2147483648
1070449515
0
1071858713
3221225472
1072056355
1073741824
1072133717
2684354560
1071447588
2147483648
1071356630
2147483648
1068865065
0
1072394649
2684354560
1067493592
0
1072233708
0
1072094642
0
1070748364
1073741824
1070741840
0
1072593911
3758096384
1070298925
0
1072314319
2147483648
1071871853
1610612736
1072449598
3221225472
1070988670
3221225472
1072476852
0
1072163118
2684354560
1072481319
2684354560
1072551144
0
1072612730
1073741824
1071078619
3221225472
1071788377
3221225472
1071038347
0
1071717835
3758096384
1069610996
0
1071580400
0
1068054738
0
1071641423
3221225472
1070671743
3221225472
1072519971
2684354560
1072039270
2684354560
1072420058
1073741824
1071860654
3221225472
1068911219
0
1070502897
0
1072579979
0
1071590691
1073741824
1070790771
0
1069605921
0
1072166684
536870912
1068587527
0
1069173039
0
1071476300
2147483648
1072442814
536870912
1069617301
2147483648
1071137676
3221225472
1071294073
0
1072178999
3221225472
1068545795
0
1071963675
1073741824
1072618231
536870912
1072363586
3758096384
1071955967
1073741824
1072030390
1073741824
1072219993
1610612736
1072428654
0
1072674543
2147483648
1069155847
0
1070354448
2147483648
1071929776
1073741824
1071841478
1073741824
1072033264
3221225472
1070317761
0
1069279432
0
1066706964
0
1067772142
0
1071671137
2684354560
1071577651
1073741824
1072010308
3221225472
1071563199
2147483648
1072687136
536870912
1071089578
0
1071966510
3221225472
1069958106
2147483648
1070043334
2147483648
1072302660
3221225472
1071737604
3758096384
1072253355
536870912
1070553594
2147483648
1069820268
0
1072015930
536870912
1070402095
0
1068769280
0
1071461100
1073741824
1072693247
2684354560
28
