Uvec
2226355706
1071222467
1073741824
1070552679
2147483648
1067558630
0
1069907358
2147483648
1071875205
1610612736
1067937926
0
1072234895
1073741824
1067719064
0
1072225131
3758096384
1071495733
2147483648
1071782110
2684354560
1072470848
3221225472
1072240377
1073741824
1069815427
2147483648
1072423425
536870912
1072271702
1610612736
1072512414
1073741824
1070043206
2147483648
1072454893
3221225472
1062479424
0
1072207335
1610612736
1070882952
3221225472
1071650607
0
1069888674
0
1072319143
3758096384
1068837671
0
1071988070
0
1070747698
0
1072539764
536870912
1072512477
3221225472
1070769534
0
1072634687
3221225472
1072253339
2147483648
1066936704
0
1072518777
1073741824
1072423330
2684354560
1072402073
1073741824
1071270990
1073741824
1061125376
0
1071110472
3221225472
1068617529
0
1071205848
2147483648
1072590454
0
1070672661
3221225472
1072598006
2684354560
1071354869
3221225472
1070973847
3221225472
1070472534
2147483648
1072330822
1610612736
1070773390
3221225472
1072000726
3758096384
1070259867
2147483648
1070847669
2147483648
1071088454
0
1071925395
2147483648
1070699560
1073741824
1068892542
0
1069822455
2147483648
1071998112
0
1071513711
3221225472
1069061718
0
1072418792
1610612736
1070396796
0
1069747324
0
1070894925
2147483648
1071086889
1073741824
1071699058
0
1071022327
2147483648
1072446039
1610612736
1071728312
1073741824
1071242597
0
1072425305
0
1071210259
2147483648
1069178586
0
1069661488
0
1071035195
2147483648
1070140197
0
1068307864
0
1071794551
0
1072227778
1610612736
1072323884
3221225472
1071864503
3758096384
1071827596
1073741824
1072484266
3758096384
1072676719
1610612736
1072301276
3758096384
1067661466
0
1071210175
3221225472
1071719673
2147483648
1071861544
3221225472
1071761313
1610612736
1071356002
1073741824
1070949825
1073741824
1071505522
0
1070129025
2147483648
1070715141
3221225472
1072144406
536870912
1064534336
0
1071461100
1073741824
1072693247
2684354560
12
