Uvec
2226355706
1070731581
1073741824
1071076973
3221225472
1071857277
0
1072299163
3221225472
1071811367
536870912
1072028749
0
1067434040
0
1072352230
1610612736
1071836238
3758096384
1071653497
3221225472
1071547384
2147483648
1069989421
2147483648
1071367196
2147483648
1072150611
1073741824
1070213740
0
1071862219
1073741824
1071609549
0
1071738926
3758096384
1072279945
3758096384
1071969025
1073741824
1072680190
536870912
1072517261
0
1069927205
0
1070448331
0
1072276161
1610612736
1066301888
0
1072378785
536870912
1072156033
1073741824
1072165474
3221225472
1066985076
0
1072296790
1073741824
1072116482
3221225472
1069859390
2147483648
1072548224
1073741824
1070873819
1073741824
1071727432
1610612736
1069776889
2147483648
1067514432
0
1071411048
3221225472
1072190111
3758096384
1071266614
3221225472
1071349521
2147483648
1071429627
0
1071795156
1073741824
1072647734
3221225472
1072197726
1610612736
1068910605
0
1071303515
0
1072047361
1610612736
1072133302
0
1072343863
2684354560
1069657048
2147483648
1071901764
3758096384
1069668196
0
1068000510
0
1072349556
1610612736
1068332874
0
1072134119
2684354560
1070821430
2147483648
1070304750
0
1071658360
1610612736
1072133630
0
1070556619
2147483648
1071026210
2147483648
1071939858
3221225472
1069317550
0
1070423129
0
1071971143
0
1071613144
3221225472
1071704670
1610612736
1072222728
1610612736
1066123536
0
1072426349
3758096384
1072429144
536870912
1071279115
3221225472
1071340701
0
1071465731
0
1071797186
536870912
1072468635
3758096384
1069587059
2147483648
1072093258
3758096384
1071981332
2684354560
1070547293
2147483648
1071831415
2684354560
1070850812
0
1069911921
2147483648
1069743033
2147483648
1070822915
1073741824
1070399484
2147483648
1071894769
3758096384
1071682199
3758096384
1071815716
3758096384
1072128244
2147483648
1072577243
0
1070366508
0
1071348312
0
1072186140
3758096384
1069038009
0
1071461100
1073741824
1072693247
2684354560
40
