Uvec
2226355706
1072358137
3221225472
1071542955
0
1070773964
3221225472
1071440815
2147483648
1071255861
3221225472
1072372951
536870912
1069236577
0
1071210026
3221225472
1072661865
0
1072034267
1610612736
1071983696
3758096384
1070356054
2147483648
1071886070
536870912
1070952022
2147483648
1070023250
0
1070947923
1073741824
1061700736
0
1072441932
2147483648
1070750777
1073741824
1070364267
0
1070709956
0
1072244376
2147483648
1072031101
1610612736
1070508277
0
1072443016
2684354560
1071912683
0
1072315016
3221225472
1070422838
2147483648
1072606378
3758096384
1072199960
536870912
1072562833
536870912
1071985612
1610612736
1071502173
3221225472
1067684464
0
1069929567
2147483648
1070994585
0
1069904457
0
1071969712
2684354560
1069079532
0
1068620023
0
1072110500
2147483648
1069572185
0
1072687303
536870912
1071879260
3758096384
1071944122
3221225472
1070300580
0
1070058227
2147483648
1072569519
1610612736
1071897632
2147483648
1072034328
3221225472
1072345333
2684354560
1069876004
2147483648
1071395350
0
1071943496
536870912
1070960475
0
1068747152
0
1072454860
0
1071935876
0
1071935912
3221225472
1070337608
2147483648
1072369064
536870912
1070713507
3221225472
1072145612
3221225472
1069324925
0
1071002976
3221225472
1072028495
1073741824
1071673561
0
1072243591
1073741824
1072230016
0
1069998379
2147483648
1068706547
0
1069675233
0
1072351439
536870912
1071129326
3221225472
1072512939
2147483648
1069381474
0
1071971027
536870912
1066404096
0
1071365063
3221225472
1071965799
2147483648
1071377989
0
1071704674
1610612736
1072269045
1073741824
1072306128
0
1070428673
2147483648
1072354574
1073741824
1072257662
2147483648
1071566189
0
1071895348
536870912
1071905948
1610612736
1072676080
3221225472
1071905773
2684354560
1069894845
2147483648
1072179104
1610612736
1069915966
2147483648
1072228217
536870912
1071156371
3221225472
1072229315
1073741824
1071461100
1073741824
1072693247
2684354560
61
