Uvec
2226355706
1071915065
2147483648
1071977405
0
1072136405
0
1070488827
0
1071597713
2147483648
1072375678
2684354560
1068278850
0
1071864808
0
1072521389
2684354560
1072036697
2684354560
1072164166
3221225472
1070344257
0
1072225381
0
1070781048
1073741824
1072008188
0
1071655985
3758096384
1072465315
3758096384
1072289536
1073741824
1072192628
536870912
1072387985
2147483648
1071722843
3221225472
1071694318
1073741824
1072557765
2147483648
1071281763
3221225472
1071630005
0
1072389973
536870912
1069187735
0
1066791096
0
1070119054
0
1070750391
2147483648
1071737365
536870912
1072343644
3221225472
1071732962
1073741824
1071201020
2147483648
1072304787
536870912
1066971604
0
1068561051
0
1072496068
3758096384
1072554896
536870912
1071827739
3221225472
1071132506
0
1072375596
536870912
1072402433
0
1071682605
1073741824
1072418993
2684354560
1067736842
0
1070777031
1073741824
1070033658
0
1069637381
0
1069809022
0
1072202829
2147483648
1071505691
0
1071099685
3221225472
1071949202
536870912
1072473558
1610612736
1072464854
2684354560
1071823062
3758096384
1070807964
3221225472
1069967767
2147483648
1069594770
0
1071995155
3758096384
1070990276
1073741824
1072459748
1610612736
1072419482
1610612736
1070310451
2147483648
1071688779
2147483648
1070013557
0
1070718933
2147483648
1071786169
536870912
1071679392
536870912
1072532085
536870912
1070917728
0
1069222368
0
1069683945
2147483648
1072395501
2147483648
1072377021
2684354560
1072101302
1610612736
1071893112
3758096384
1068931939
0
1070906189
0
1072082670
2684354560
1069329247
0
1071961717
2684354560
1070109923
0
1069420611
0
1070887590
1073741824
1071241730
2147483648
1072545956
3221225472
1072119106
1610612736
1071565476
2147483648
1072517735
1610612736
1072667887
1610612736
1072430220
3221225472
1072565718
2684354560
1068409426
0
1072036028
1073741824
1071180386
2147483648
1068289422
0
1071461100
1073741824
1072693247
2684354560
23
