Uvec
2226355706
1070325268
0
1072384822
3221225472
1071228014
1073741824
1070895173
3221225472
1072046554
3758096384
1068659655
0
1071543015
3221225472
1069740538
0
1066156160
0
1068484850
0
1072691372
1610612736
1065842040
0
1071300931
2147483648
1070062324
2147483648
1071867357
1073741824
1066812616
0
1072037895
1073741824
1071033012
3221225472
1070455890
2147483648
1071931767
2684354560
1072593538
3758096384
1069125228
0
1071857947
2147483648
1070225318
0
1069214403
0
1069378616
0
1069698485
0
1070026969
2147483648
1071237637
1073741824
1071608993
1073741824
1072347031
536870912
1067520898
0
1071239252
1073741824
1071998544
1073741824
1072533773
536870912
1072577522
1073741824
1072326620
2684354560
1071045901
2147483648
1071320572
2147483648
1071962920
2684354560
1070631819
3221225472
1069710272
0
1069149724
0
1070949245
3221225472
1068765888
0
1071111113
0
1071710298
2147483648
1071229647
1073741824
1071746238
536870912
1071382130
0
1071471472
1073741824
1071240840
1073741824
1071880043
2684354560
1072535795
3221225472
1068605448
0
1071739488
2684354560
1070306469
2147483648
1072219941
3221225472
1071656041
0
1072423923
536870912
1070746706
0
1071875000
2684354560
1072398643
1610612736
1071955465
3758096384
1070720014
3221225472
1071809657
0
1071378789
2147483648
1072100812
3221225472
1068951534
0
1068175210
0
1072530696
2147483648
1072281318
536870912
1071191298
1073741824
1071970580
2684354560
1071210951
3221225472
1071339799
1073741824
1071726987
536870912
1071931177
0
1070814482
3221225472
1071692207
1610612736
1068528700
0
1072442918
3758096384
1069046097
0
1070298277
2147483648
1072580022
536870912
1072346513
1073741824
1071475714
3221225472
1072259681
2684354560
1071290382
3221225472
1068060210
0
1069922966
0
1072061935
2684354560
1069957663
0
1070690236
1073741824
1071711542
1073741824
1071728650
2684354560
1072381768
2147483648
1070830013
0
1071461100
1073741824
1072693247
2684354560
10
