Uvec
2226355706
1072195372
536870912
1071983413
2684354560
1071855493
1073741824
1072366461
1073741824
1070316603
2147483648
1069533471
0
1070192407
2147483648
1070136030
2147483648
1070768123
1073741824
1071989367
2147483648
1071504556
2147483648
1070529772
2147483648
1069643731
0
1070889686
3221225472
1069903020
2147483648
1072640375
1073741824
1072514954
1610612736
1072678309
1610612736
1070975463
0
1070156822
0
1071990102
1610612736
1070702123
2147483648
1071046750
2147483648
1072626148
1610612736
1068116934
0
1069993190
0
1071484131
1073741824
1071899165
2684354560
1070879224
2147483648
1071347053
2147483648
1070912959
0
1070928543
1073741824
1072326967
1610612736
1069514488
0
1070198093
0
1070847288
0
1069454000
0
1070262308
2147483648
1071652173
3221225472
1071894651
1073741824
1071535560
1073741824
1072394057
1610612736
1072295572
536870912
1071964571
2147483648
1072413966
2147483648
1071813578
2147483648
1072556585
536870912
1072019993
1610612736
1072055124
3758096384
1071020367
1073741824
1068088500
0
1072131233
536870912
1071840583
3221225472
1071669134
2147483648
1070715523
3221225472
1072450069
3758096384
1070950069
3221225472
1066599176
0
1071422640
3221225472
1072232971
2684354560
1072487011
1073741824
1071225794
2147483648
1069599003
2147483648
1071960615
2147483648
1071942374
3221225472
1065819448
0
1070457851
2147483648
1068147650
0
1072069802
1073741824
1071557877
0
1071314192
2147483648
1072573462
2147483648
1071918555
1610612736
1070370688
0
1072230552
2684354560
1071331317
3221225472
1071615902
2147483648
1072429115
3221225472
1072293403
1610612736
1072413479
1610612736
1072016568
0
1072486624
2147483648
1072603722
536870912
1071513577
2147483648
1071949786
2684354560
1071458251
3221225472
1072293244
2684354560
1071516255
1073741824
1072107865
1610612736
1067697136
0
1069604931
2147483648
1072199436
0
1070266695
0
1071533430
1073741824
1072319100
0
1071214361
0
1072113577
1610612736
1071470791
0
1071461100
1073741824
1072693247
2684354560
87
