Uvec
2226355706
1072638482
3758096384
1071883459
1610612736
1067816656
0
1071644891
1073741824
1068843907
0
1071870263
536870912
1071566288
0
1070845191
1073741824
1072618726
536870912
1070132659
2147483648
1072552426
3221225472
1071002197
1073741824
1072613314
3758096384
1072110419
2684354560
1072344867
3221225472
1071863944
2147483648
1071872048
2684354560
1072328716
1610612736
1071206780
0
1071850688
0
1070772221
0
1068131306
0
1070024411
2147483648
1071280757
2147483648
1071148299
2147483648
1070302468
2147483648
1071327202
2147483648
1072399872
1610612736
1072666451
536870912
1071777854
3221225472
1072231247
0
1072492698
2147483648
1071726684
1610612736
1071719537
0
1071375652
0
1072515505
536870912
1071076970
3221225472
1071122079
3221225472
1071265362
1073741824
1071768821
536870912
1069712402
2147483648
1070472385
0
1070781553
2147483648
1071631455
0
1070634393
0
1072080505
2684354560
1066460576
0
1071775472
0
1070765465
1073741824
1069582958
2147483648
1072592775
0
1071895933
536870912
1071101452
3221225472
1071237391
3221225472
1070392035
2147483648
1072440383
1610612736
1071931286
3221225472
1072287153
0
1072605174
1073741824
1071238370
2147483648
1071783954
1073741824
1066701492
0
1072555580
3221225472
1071142602
0
1072532193
1610612736
1069669922
2147483648
1071201886
0
1072284279
0
1071503262
2147483648
1071753940
3758096384
1072486885
1073741824
1069925583
2147483648
1072348618
0
1071752072
1073741824
1069591076
0
1071900058
1610612736
1072110133
1610612736
1067226784
0
1070554541
0
1071332069
0
1071806369
1610612736
1071651722
536870912
1071717500
0
1072434980
2684354560
1072686374
536870912
1070884416
2147483648
1065252944
0
1070601601
1073741824
1072584890
536870912
1071033946
2147483648
1070125527
2147483648
1072667407
3221225472
1071018535
2147483648
1070315634
0
1071832011
2147483648
1071211934
3221225472
1072529607
3221225472
1071821904
3758096384
1071461100
1073741824
1072693247
2684354560
7
