Uvec
2226355706
1071719771
2147483648
1072402695
1610612736
1071792044
3221225472
1072464695
0
1071904808
2147483648
1071937488
536870912
1071780884
2684354560
1072304712
2684354560
1064871424
0
1070402023
0
1072194871
1610612736
1069624086
0
1070670715
0
1069435087
0
1071771144
2147483648
1070939150
3221225472
1066340080
0
1071916382
3221225472
1069622211
2147483648
1071117945
2147483648
1072351582
1610612736
1067926606
0
1070878760
2147483648
1071641893
3221225472
1070960817
0
1070077152
0
1071253577
2147483648
1071531504
2147483648
1071312815
2147483648
1070250968
2147483648
1070676451
3221225472
1071465286
0
1070552858
0
1071199933
3221225472
1070657896
3221225472
1070732285
3221225472
1067516184
0
1071529880
0
1070326539
2147483648
1072664276
3221225472
1072519442
1073741824
1072669018
1610612736
1072481069
3221225472
1071654493
0
1071295107
2147483648
1070849047
2147483648
1072313049
2147483648
1071554341
0
1071317224
0
1071657856
1610612736
1072219425
2147483648
1071051431
0
1071100325
1073741824
1069679682
0
1072358377
2147483648
1067563224
0
1068831364
0
1072493524
1610612736
1072534422
3758096384
1072310680
536870912
1072437400
1073741824
1071778622
1610612736
1072293021
2147483648
1067421456
0
1070360894
0
1070912150
2147483648
1068831952
0
1072567418
2147483648
1072548499
2147483648
1072152007
1610612736
1071723066
1610612736
1071550277
3221225472
1072481363
3758096384
1069780835
0
1071145612
0
1069560049
0
1070851408
0
1072002716
3758096384
1071719858
2147483648
1071817181
536870912
1071851169
536870912
1070130243
0
1072628300
3221225472
1069483894
0
1071845236
3758096384
1070613366
0
1070425647
2147483648
1072519539
2147483648
1070998636
3221225472
1071764288
1610612736
1070722515
3221225472
1068899555
0
1070311096
0
1071467946
3221225472
1072116167
3221225472
1071415420
2147483648
1072570491
3221225472
1071296917
0
1071461100
1073741824
1072693247
2684354560
18
