Uvec
2226355706
1071900401
536870912
1071667651
1610612736
1070905058
0
1072685274
1073741824
1072553756
3221225472
1072293770
2684354560
1071775986
1073741824
1072000514
0
1070296289
2147483648
1070964475
3221225472
1071989846
1073741824
1071281075
3221225472
1070834013
0
1070274298
0
1070900438
3221225472
1068512851
0
1071571308
1073741824
1072339694
3758096384
1072621617
0
1070611083
2147483648
1069755461
0
1068692178
0
1072543759
3758096384
1070172857
0
1072004329
1610612736
1071379671
1073741824
1071984709
3221225472
1072493147
1073741824
1072414272
2147483648
1071850146
3758096384
1071553234
0
1070709160
1073741824
1072136330
1073741824
1070203037
0
1072571684
2684354560
1070259634
0
1072486043
536870912
1072036415
536870912
1071245851
1073741824
1072021590
1610612736
1072089235
3221225472
1069173705
0
1071893423
3758096384
1071715360
1073741824
1070455383
0
1069974247
2147483648
1072278327
2147483648
1072586809
1073741824
1070099750
0
1072644754
536870912
1072146903
3758096384
1071652393
3758096384
1067542156
0
1071062975
3221225472
1072641491
3758096384
1071316178
2147483648
1070039118
2147483648
1070649275
3221225472
1070332685
0
1071596362
0
1072149004
536870912
1071557591
3221225472
1072188338
536870912
1072509388
3758096384
1071535235
2147483648
1071792808
3221225472
1072170425
0
1072250691
2684354560
1070597726
0
1069725226
0
1072551603
536870912
1070918173
3221225472
1067510710
0
1071103798
2147483648
1069405864
0
1070931908
3221225472
1068561927
0
1072431754
3221225472
1071479412
2147483648
1071690002
536870912
1071437481
3221225472
1066103072
0
1071355010
2147483648
1072652484
1610612736
1071598007
0
1066552900
0
1071679376
2684354560
1071716514
1073741824
1066733036
0
1072411008
0
1072442269
3221225472
1072155502
1073741824
1071039775
0
1072150977
2147483648
1072087106
0
1072409222
3221225472
1072018592
0
1069734034
0
1071461100
1073741824
1072693247
2684354560
71
