Uvec
2226355706
1072015136
3221225472
1071930933
0
1071881631
1610612736
1070861710
3221225472
1069663356
2147483648
1071071626
3221225472
1071111159
3221225472
1072057086
2684354560
1070121187
0
1072412873
536870912
1071779263
1073741824
1072637333
3221225472
1069030008
0
1072102056
1610612736
1068656900
0
1070751478
3221225472
1068330212
0
1068186918
0
1071173462
3221225472
1071637714
2147483648
1072563632
1073741824
1072505699
2147483648
1071362807
2147483648
1072161696
3758096384
1071787042
3758096384
1069858342
0
1071696498
0
1072321231
2147483648
1072489017
2147483648
1072631814
1073741824
1071726728
2684354560
1067558434
0
1072210395
1073741824
1071913262
3221225472
1072270558
1073741824
1068498969
0
1072159611
2684354560
1072254072
536870912
1069008163
0
1071629005
0
1070926611
1073741824
1070850303
3221225472
1072219265
2147483648
1072462278
536870912
1069191031
0
1070768636
2147483648
1071651124
2147483648
1070549749
2147483648
1070962532
1073741824
1068952218
0
1069981832
2147483648
1072576978
1073741824
1072240403
3758096384
1071028500
3221225472
1071944664
2147483648
1071209854
2147483648
1071605402
0
1071058905
0
1072112668
2147483648
1069518547
0
1072309492
0
1071157275
0
1072005329
2684354560
1071785216
3758096384
1069313851
0
1071604922
1073741824
1072480282
1073741824
1071700084
3758096384
1071729697
1610612736
1070647398
2147483648
1071359123
0
1071745299
1073741824
1072128522
3758096384
1069083523
0
1070801013
2147483648
1071463502
2147483648
1072274324
1073741824
1070849959
3221225472
1070354995
0
1071053272
3221225472
1070633099
3221225472
1069846417
0
1071761787
1610612736
1072217681
1610612736
1068532400
0
1070678434
0
1070967675
3221225472
1072254737
536870912
1072141629
2684354560
1068573764
0
1068775028
0
1071645976
2147483648
1072184427
3758096384
1070951408
3221225472
1070779775
1073741824
1071250212
1073741824
1071969833
2684354560
1071969435
2684354560
1071461100
1073741824
1072693247
2684354560
77
