Uvec
2226355706
1070930542
0
1067727364
0
1071656406
536870912
1072070297
1073741824
1072205829
2684354560
1071663250
3758096384
1064978304
0
1072047229
0
1066878624
0
1072344942
1073741824
1072381410
1073741824
1067003940
0
1072496407
0
1071882758
2147483648
1071118603
3221225472
1071231985
2147483648
1071862141
2147483648
1071564555
1073741824
1072488022
2147483648
1072290813
2147483648
1072423820
1610612736
1072427458
3221225472
1065956944
0
1070501278
0
1072187669
2684354560
1072376531
536870912
1072508144
1610612736
1072210897
3758096384
1071535158
0
1071901490
1073741824
1071036521
1073741824
1070996145
3221225472
1071886026
1073741824
1072023662
2147483648
1069308668
0
1069396451
0
1072267192
3221225472
1071547922
0
1070853252
2147483648
1072124738
1610612736
1071959937
0
1068714840
0
1070346894
2147483648
1071929823
3758096384
1072568084
3221225472
1071166076
0
1070053739
2147483648
1072093398
1073741824
1067886398
0
1072599798
1073741824
1070426295
0
1071324294
2147483648
1071675788
2147483648
1070954521
0
1066802340
0
1072030889
1610612736
1072050150
3221225472
1071019602
0
1072375497
1610612736
1072431617
0
1072190133
3221225472
1067667148
0
1066300216
0
1072008058
0
1068355762
0
1072033258
3221225472
1071597359
1073741824
1072676191
1073741824
1072026042
1610612736
1071290220
2147483648
1071135398
1073741824
1071953871
3758096384
1071144874
0
1071657260
536870912
1072604370
1073741824
1071744098
1073741824
1068403670
0
1070902392
2147483648
1071916398
0
1071620573
1073741824
1072199101
1073741824
1071094702
2147483648
1070824469
3221225472
1071362921
0
1071431497
3221225472
1071653327
1610612736
1072371952
2147483648
1070060923
2147483648
1072638754
1073741824
1068007940
0
1071956294
1610612736
1072685943
3221225472
1071309108
1073741824
1070643317
0
1071842511
3221225472
1072001525
2684354560
1070722728
1073741824
1071266290
1073741824
1071461100
1073741824
1072693247
2684354560
86
