Uvec
2226355706
1071161320
3221225472
1072561472
3221225472
1070597670
1073741824
1071838646
3221225472
1071485649
0
1069877127
0
1072564447
2684354560
1072111140
2684354560
1071469567
2147483648
1070114823
2147483648
1067665824
0
1069214061
0
1072141585
3758096384
1072020575
2147483648
1071734665
3221225472
1071941551
3758096384
1071955046
3758096384
1072256852
1073741824
1071667448
1073741824
1070651770
0
1069933183
0
1071743320
536870912
1072277521
3758096384
1072315865
0
1071332752
2147483648
1071949622
0
1071854575
3758096384
1071758200
1073741824
1071726909
2684354560
1072529800
1073741824
1070735406
2147483648
1072411066
3758096384
1069680294
0
1068576212
0
1071344766
1073741824
1072170022
3221225472
1071523833
0
1070780938
0
1071820145
3758096384
1071226130
2147483648
1072421344
3221225472
1072633652
3221225472
1072512411
3221225472
1070879752
0
1070797303
2147483648
1071814369
3221225472
1072042499
0
1066239088
0
1072673993
1610612736
1070809420
3221225472
1072509409
2147483648
1070919766
0
1070162758
2147483648
1071659429
1610612736
1070425631
0
1071139097
3221225472
1071390659
0
1068945839
0
1070270387
0
1070602365
3221225472
1072384093
2147483648
1063023168
0
1069214884
0
1068661355
0
1069570131
0
1072152892
536870912
1072576595
3758096384
1072400308
0
1072490932
2684354560
1072300898
1610612736
1070975468
1073741824
1072276479
2684354560
1069628409
0
1068793518
0
1071720447
1610612736
1071107648
2147483648
1071727902
0
1068180072
0
1071938150
0
1068005126
0
1072686539
3221225472
1067857948
0
1072329651
2684354560
1063586624
0
1070837178
0
1070417133
2147483648
1071777569
1610612736
1072345005
2684354560
1067955374
0
1072064356
536870912
1067733460
0
1072655971
1073741824
1072481462
1073741824
1072590400
2684354560
1071789458
1073741824
1071796173
0
1072560250
3221225472
1070704922
1073741824
1071461100
1073741824
1072693247
2684354560
92
