Uvec
2226355706
1071832540
3758096384
1071199837
0
1070177975
2147483648
1072225521
536870912
1072469248
1610612736
1072397224
3221225472
1071381794
3221225472
1071040329
3221225472
1069727841
2147483648
1071014558
0
1071607365
1073741824
1072410069
1610612736
1072055913
1610612736
1072444414
2147483648
1070651486
1073741824
1071840329
0
1071915421
536870912
1072612742
3758096384
1071823957
2147483648
1067985984
0
1068470184
0
1072299456
3221225472
1071453966
3221225472
1069987779
2147483648
1070919155
2147483648
1072627335
1610612736
1072338254
2684354560
1068437782
0
1071446008
3221225472
1070070201
2147483648
1067412044
0
1069614187
2147483648
1072610399
1610612736
1071711928
1073741824
1071729805
2147483648
1072100536
1073741824
1072506939
536870912
1071831685
0
1072653299
3758096384
1071958499
536870912
1070761529
2147483648
1071065699
0
1071259993
1073741824
1072410862
1610612736
1071681503
3758096384
1072574364
1610612736
1069798216
0
1072020147
3221225472
1071876229
3758096384
1072527796
0
1072076121
3221225472
1071784255
536870912
1068166608
0
1072285599
536870912
1072452319
1073741824
1072486827
1610612736
1070992574
1073741824
1070866185
1073741824
1070582851
2147483648
1071735782
0
1066825484
0
1066694656
0
1066487660
0
1070186776
2147483648
1072022024
3221225472
1069598593
0
1069552707
0
1072289914
2684354560
1071425745
2147483648
1067053444
0
1072557244
0
1071713071
536870912
1072279068
2147483648
1070680036
3221225472
1071797211
2684354560
1072624621
0
1072630672
1073741824
1072257395
2147483648
1072052435
3221225472
1071000041
2147483648
1072440560
536870912
1069965323
2147483648
1072293974
0
1070810325
1073741824
1071351294
0
1070059759
2147483648
1070994089
0
1072094353
2684354560
1072452993
2684354560
1070904376
2147483648
1066411568
0
1070336285
0
1072359605
2147483648
1070826028
3221225472
1069329179
0
1072232138
2684354560
1072183362
2147483648
1069027891
0
1071461100
1073741824
1072693247
2684354560
69
