Uvec
2226355706
1070776426
2147483648
1072647742
3758096384
1071156668
0
1071859666
1610612736
1072595021
3221225472
1066474868
0
1067657552
0
1071730302
1610612736
1070970447
1073741824
1071299661
0
1069898356
2147483648
1072546277
3221225472
1071851290
3221225472
1071930666
3221225472
1071973100
1073741824
1070807063
3221225472
1071690523
2684354560
1071234623
1073741824
1067272064
0
1072621944
3758096384
1072079434
3758096384
1066728912
0
1071240776
0
1066600940
0
1072209642
2684354560
1070647118
3221225472
1069834263
2147483648
1072341150
536870912
1071153377
0
1071947070
3221225472
1071843104
3758096384
1067005080
0
1071356785
2147483648
1069566734
2147483648
1067652260
0
1070596051
0
1071079152
0
1071881956
2684354560
1071544225
1073741824
1071723279
0
1068875757
0
1067954206
0
1072355203
1073741824
1071929657
2147483648
1070922162
0
1069572967
2147483648
1072140743
2147483648
1070322222
0
1072078272
3758096384
1070339562
0
1070482099
0
1071439857
1073741824
1071907920
0
1071045729
0
1072383211
2147483648
1071410556
1073741824
1072018802
1610612736
1067667954
0
1072376560
1610612736
1071753676
0
1072013989
3758096384
1071411695
2147483648
1070904065
0
1069934379
0
1072456251
536870912
1069063466
0
1070717395
3221225472
1069458103
0
1070389765
2147483648
1070923787
2147483648
1072092664
2147483648
1071269507
2147483648
1068870396
0
1071095456
3221225472
1072413321
2684354560
1069024635
0
1071588061
0
1072637263
1073741824
1071763759
1073741824
1071635407
3221225472
1068091022
0
1072590008
2684354560
1072264897
536870912
1070804661
2147483648
1071866722
1610612736
1072028784
3758096384
1071976918
1073741824
1071002487
0
1072137323
2684354560
1072062610
0
1068792132
0
1072236950
1610612736
1072156727
1073741824
1070040157
2147483648
1071815580
3758096384
1071299741
3221225472
1070332624
2147483648
1070876904
0
1071461100
1073741824
1072693247
2684354560
66
