Uvec
2226355706
1071687255
536870912
1072340948
1073741824
1071312831
1073741824
1072671070
0
1066267536
0
1072672373
3758096384
1072535488
1610612736
1071966732
1073741824
1071126421
1073741824
1072176539
1073741824
1071211614
2147483648
1072154441
1073741824
1072320661
2684354560
1072112912
0
1064916880
0
1072443669
1073741824
1072383535
0
1072549527
3221225472
1070957792
1073741824
1069909965
0
1070613866
0
1071971364
1073741824
1071662957
3758096384
1068923664
0
1072532290
3758096384
1072187360
1073741824
1071703695
0
1071626894
3221225472
1067475036
0
1072375937
1073741824
1072565032
536870912
1070662228
2147483648
1072493804
1073741824
1071888987
0
1072204922
3221225472
1072121074
1610612736
1067904094
0
1070759530
2147483648
1071578091
1073741824
1072531321
3221225472
1072348329
3221225472
1071932558
1073741824
1072436815
3221225472
1070025474
2147483648
1068753944
0
1068800642
0
1071836753
3758096384
1072623676
3758096384
1071341106
0
1067880648
0
1071702385
1610612736
1071595872
2147483648
1069769200
0
1071507267
0
1071725790
0
1071698435
536870912
1068922727
0
1072683026
1610612736
1069954820
2147483648
1071577474
0
1071044870
1073741824
1071469630
2147483648
1072304977
1073741824
1072255550
536870912
1071659188
3221225472
1071746383
0
1072358643
2684354560
1072140869
1073741824
1068276824
0
1071327329
2147483648
1072534259
1610612736
1071992239
2684354560
1071871854
0
1066452920
0
1071445759
3221225472
1072246574
3758096384
1072008160
1073741824
1072111933
1073741824
1071438746
3221225472
1071734992
0
1072480352
0
1071894646
1610612736
1071692928
2147483648
1069931385
0
1068627562
0
1072554616
1610612736
1071775478
3758096384
1071495510
1073741824
1071770392
2147483648
1069652987
0
1071649480
0
1069231900
0
1071044926
2147483648
1071422038
3221225472
1067465192
0
1071856335
3221225472
1072684447
1610612736
1072292728
3221225472
1071461100
1073741824
1072693247
2684354560
68
