Uvec
2226355706
1071941110
0
1072346932
536870912
1072052560
536870912
1065775568
0
1071751310
3221225472
1072210223
3221225472
1068779579
0
1069784152
0
1072673973
3221225472
1070300685
2147483648
1072454471
2684354560
1070872204
0
1072554586
2684354560
1071923162
0
1072245976
3758096384
1072006268
2684354560
1069442409
0
1067025644
0
1071740128
2684354560
1069837675
2147483648
1071930919
1610612736
1070946965
3221225472
1072004848
536870912
1070646483
2147483648
1072472025
2147483648
1070188815
2147483648
1070840306
1073741824
1067998338
0
1071730210
1610612736
1070936814
3221225472
1070085907
2147483648
1071308009
0
1070809067
3221225472
1067082028
0
1072403591
1610612736
1072114900
0
1071977497
3221225472
1070622289
0
1066824124
0
1071708472
536870912
1072570699
0
1072153635
536870912
1072017486
0
1071352707
1073741824
1071643308
0
1071812280
536870912
1072024105
3221225472
1072400031
3758096384
1072101935
1610612736
1071323703
3221225472
1070000087
0
1072263934
3758096384
1072568548
1610612736
1072301551
1610612736
1070649544
0
1071434962
0
1068771474
0
1072271890
1073741824
1071686791
1073741824
1060975872
0
1071865322
1073741824
1072006015
3758096384
1072248826
0
1072150778
3758096384
1072513504
3758096384
1071812881
1073741824
1071506749
2147483648
1072290296
3758096384
1068029906
0
1071341479
2147483648
1071422187
3221225472
1070953350
1073741824
1071075838
1073741824
1071617694
3221225472
1070806303
1073741824
1071760200
536870912
1071139988
1073741824
1069597535
2147483648
1072063914
1073741824
1071056171
1073741824
1070675501
3221225472
1070707864
3221225472
1070754725
0
1072632641
536870912
1070638842
2147483648
1072338851
2684354560
1072682266
2684354560
1070603837
1073741824
1071794867
1073741824
1071408422
2147483648
1068732694
0
1072177998
1610612736
1072310491
2147483648
1072139568
3758096384
1071102553
3221225472
1070279179
0
1072366367
1610612736
1072280424
3758096384
1071461100
1073741824
1072693247
2684354560
59
