Uvec
2226355706
1069689736
2147483648
1070478000
0
1071921208
3221225472
1072645186
1073741824
1070084685
0
1069867537
2147483648
1071679987
536870912
1068901973
0
1070454537
0
1070024842
2147483648
1071365886
0
1072538834
3758096384
1071783617
3221225472
1071097770
3221225472
1069985944
2147483648
1072430147
1073741824
1056993280
0
1072338485
0
1072531131
0
1071225047
2147483648
1072134014
2684354560
1069169783
0
1071918324
3758096384
1069998041
2147483648
1072302678
1073741824
1072229438
2147483648
1072144329
0
1071988852
0
1071026787
3221225472
1072052867
1073741824
1070886703
2147483648
1070965217
2147483648
1070865287
0
1071825706
536870912
1070980987
3221225472
1065780872
0
1072116773
1073741824
1067662690
0
1072408333
3758096384
1072288025
2684354560
1069897095
0
1071254515
1073741824
1071633519
1073741824
1069989020
2147483648
1070657530
3221225472
1072284571
1073741824
1071232645
3221225472
1072352414
1610612736
1072137647
536870912
1071246407
1073741824
1072492516
536870912
1071304355
3221225472
1072172304
1610612736
1071919143
1610612736
1071158243
2147483648
1072389181
3221225472
1071997479
1073741824
1069443946
0
1072418485
2147483648
1072036385
3221225472
1072112803
0
1072297090
0
1069507826
0
1072073573
2147483648
1069632936
0
1066718964
0
1070060145
0
1070690339
2147483648
1071762839
3221225472
1070833960
1073741824
1069802441
2147483648
1068293150
0
1070349541
0
1069720440
0
1070629661
1073741824
1069175233
0
1069893668
0
1070481319
2147483648
1072501758
1073741824
1072244201
0
1071832842
3758096384
1069816102
0
1072642534
536870912
1072278811
3221225472
1070362460
0
1072492602
2684354560
1071873059
1073741824
1071129188
1073741824
1072509153
0
1068381116
0
1071652936
1610612736
1072356555
2684354560
1070101169
2147483648
1071895869
2684354560
1072341206
1073741824
1072394807
2684354560
1072335029
3758096384
1072076965
536870912
1071461100
1073741824
1072693247
2684354560
65
