Uvec
2226355706
1068820861
0
1072497640
3758096384
1071972104
0
1071428097
2147483648
1071940078
2684354560
1072462134
536870912
1070648266
2147483648
1072131110
2147483648
1067943680
0
1070656937
2147483648
1072648701
1610612736
1072653120
3221225472
1070819380
0
1071585705
0
1072540879
0
1071453490
3221225472
1072290784
0
1070902700
2147483648
1072578842
0
1071977337
0
1070277832
2147483648
1071835486
3758096384
1072434014
0
1069620431
0
1071235449
1073741824
1069645511
0
1071991054
3221225472
1072513152
536870912
1066728964
0
1072423112
536870912
1067508972
0
1072229881
1073741824
1071923744
1073741824
1070600006
0
1069511527
0
1069123026
0
1072659634
1073741824
1072360206
536870912
1068430520
0
1071677122
2147483648
1072266605
3221225472
1071322139
2147483648
1071979244
0
1072390549
3758096384
1071651277
1610612736
1072192779
3758096384
1072170215
1610612736
1070962022
0
1069227904
0
1071980757
1610612736
1072247844
2684354560
1071791729
536870912
1071806117
1610612736
1072341871
1610612736
1069636357
0
1072185289
1073741824
1070657864
1073741824
1070798276
3221225472
1070536821
2147483648
1069730752
0
1071211960
0
1072262603
3221225472
1071118675
3221225472
1072110627
2147483648
1072564841
0
1070471879
2147483648
1071006781
1073741824
1071828031
1610612736
1071889261
1073741824
1068433282
0
1065358960
0
1072611233
0
1072024576
2684354560
1068226404
0
1071656356
1073741824
1072596266
2684354560
1069677623
2147483648
1070751093
1073741824
1071778473
3758096384
1071569504
0
1071184336
0
1071245566
3221225472
1072084365
1610612736
1071972158
536870912
1070334259
2147483648
1069917425
2147483648
1071796005
0
1072665681
0
1072061395
1610612736
1071901063
2147483648
1070696115
0
1072446239
2147483648
1071163185
1073741824
1072211896
536870912
1070111201
0
1070947925
3221225472
1072574013
2147483648
1070992089
1073741824
1071461100
1073741824
1072693247
2684354560
25
