Uvec
2226355706
1071659838
536870912
1071998813
2147483648
1071135502
1073741824
1070851494
1073741824
1070339021
2147483648
1072523155
2684354560
1069398041
0
1070232814
2147483648
1072198904
536870912
1071392745
3221225472
1069993824
2147483648
1072639064
536870912
1069567569
2147483648
1072377858
0
1070991066
0
1068653424
0
1069351933
0
1072037948
0
1070189578
0
1072309882
0
1072064256
0
1067523134
0
1071995368
2147483648
1068178170
0
1072443159
2147483648
1071709580
2147483648
1070076835
2147483648
1072463802
0
1072237874
2147483648
1072343046
1610612736
1068996724
0
1071132232
1073741824
1072187404
536870912
1070776610
0
1069408181
0
1070793953
0
1070022384
0
1070034277
0
1072675441
0
1070717534
2147483648
1072512449
536870912
1071663833
536870912
1072420629
1073741824
1072233035
1610612736
1071318187
0
1071495929
2147483648
1071641704
1073741824
1071656870
0
1072229468
1073741824
1072426116
1610612736
1071455809
3221225472
1070705533
3221225472
1072571684
2684354560
1072011353
3758096384
1072585690
0
1070554919
2147483648
1072025061
1073741824
1071637304
1073741824
1068725459
0
1060951296
0
1071758272
536870912
1069994206
0
1070366225
2147483648
1071096809
3221225472
1072226297
1073741824
1070746934
2147483648
1071097486
2147483648
1072590820
1073741824
1072570916
2147483648
1071872442
0
1070601042
1073741824
1072119578
3221225472
1069573194
0
1071776715
0
1068548657
0
1072629278
1073741824
1071217411
1073741824
1071917161
536870912
1072377522
1610612736
1072354520
1073741824
1071286844
0
1069791240
2147483648
1072028776
2147483648
1068457696
0
1071509208
3221225472
1072413036
1073741824
1071809943
0
1070064213
2147483648
1070144431
2147483648
1071061894
3221225472
1071879577
0
1072204307
2684354560
1071159602
1073741824
1071768881
1073741824
1071694437
1073741824
1071817823
1610612736
1068003078
0
1071777753
1610612736
1071461100
1073741824
1072693247
2684354560
34
