Uvec
2226355706
1072482111
0
1072556004
3758096384
1071707818
2684354560
1072557505
1073741824
1071469295
2147483648
1071228528
0
1071289904
1073741824
1071054913
1073741824
1072634002
1073741824
1072565301
3758096384
1070038713
2147483648
1071449055
3221225472
1071786318
0
1071742333
0
1066250536
0
1072535392
0
1071947981
2684354560
1072063901
536870912
1071208157
2147483648
1072484962
2147483648
1071670343
3221225472
1072584043
536870912
1068596756
0
1070637425
0
1069484509
0
1072390334
2147483648
1071063165
3221225472
1071676710
1073741824
1070446295
2147483648
1070608641
0
1071146099
3221225472
1067352084
0
1071538116
0
1071859623
2147483648
1072309984
536870912
1072474163
3221225472
1071775293
1610612736
1067155540
0
1070094690
0
1072658092
2147483648
1072419827
0
1072016834
0
1072661991
2147483648
1071816697
536870912
1072201587
1073741824
1067728088
0
1072612076
2147483648
1071450696
0
1071822528
1073741824
1072334918
3758096384
1072002901
3221225472
1068605203
0
1072401849
2147483648
1069590954
0
1071835741
0
1072097851
2684354560
1071917124
2684354560
1069897963
2147483648
1071419126
1073741824
1069673654
0
1069377734
0
1072127345
2147483648
1072388271
536870912
1070192591
2147483648
1071840580
3221225472
1071356732
0
1070491734
0
1070795882
2147483648
1072528689
3758096384
1066550068
0
1072371475
0
1071002453
1073741824
1071787359
536870912
1072337310
3221225472
1071870422
3221225472
1068084834
0
1071419370
3221225472
1072657105
3758096384
1071681762
2147483648
1072127009
3221225472
1070491402
2147483648
1071677711
2147483648
1070830658
0
1070717185
3221225472
1072332135
3221225472
1072546063
2684354560
1071776979
3758096384
1072121674
3758096384
1071218944
1073741824
1068481666
0
1071273933
0
1072413443
3758096384
1072654071
3758096384
1068989835
0
1072183697
2147483648
1070830257
3221225472
1071163484
2147483648
1071427527
2147483648
1071461100
1073741824
1072693247
2684354560
44
