Uvec
2226355706
1071329865
1073741824
1072634838
0
1070640535
1073741824
1072309132
3221225472
1071549458
1073741824
1070624598
0
1072391969
2147483648
1072314985
2684354560
1071103524
3221225472
1072559505
536870912
1072033563
3221225472
1071208368
1073741824
1070685109
1073741824
1072297570
1610612736
1072505714
536870912
1067800396
0
1071964768
536870912
1071810478
536870912
1071862161
2147483648
1068987833
0
1071717932
2684354560
1071815020
536870912
1070797588
2147483648
1070757039
1073741824
1067677820
0
1071903677
0
1071766419
3758096384
1071516912
1073741824
1072457328
1073741824
1071961269
0
1070930783
1073741824
1070713528
3221225472
1067974104
0
1069205162
0
1069386876
0
1072147270
1610612736
1071581943
0
1067524608
0
1070311168
2147483648
1066033344
0
1072046760
536870912
1072152961
2684354560
1071722274
3221225472
1067255224
0
1068841374
0
1071754006
3221225472
1072028123
0
1072193936
536870912
1072049381
1610612736
1071191360
0
1070380106
0
1071916816
2147483648
1071649124
3221225472
1071493516
1073741824
1072230047
3758096384
1070091262
0
1070788520
2147483648
1071799950
1610612736
1070076709
2147483648
1066081584
0
1069149687
0
1071011728
0
1071691003
2684354560
1071830405
2147483648
1072521055
3758096384
1072181763
3221225472
1071971262
3758096384
1071594585
0
1072015771
536870912
1072188560
1073741824
1072504819
0
1071735223
536870912
1072367481
0
1066679136
0
1072375094
3758096384
1063219072
0
1072547342
536870912
1072185555
1073741824
1072047415
0
1072055090
1610612736
1071394076
0
1071545315
0
1071071391
2147483648
1071836134
2684354560
1071176518
0
1072407522
3221225472
1067088348
0
1071815507
3758096384
1072528343
3758096384
1071495038
2147483648
1070543373
0
1068670162
0
1071723778
2147483648
1072005291
3758096384
1071401961
3221225472
1070529226
0
1072177808
536870912
1070497515
0
1071461100
1073741824
1072693247
2684354560
62
