Uvec
2226355706
1071775687
2684354560
1069612046
0
1072248229
2147483648
1071634330
2147483648
1071044351
1073741824
1072216149
2684354560
1070991414
3221225472
1072043659
2147483648
1071155529
0
1072107831
3221225472
1067644196
0
1072507292
2147483648
1071968079
536870912
1071097284
0
1069786317
0
1071018240
3221225472
1071395424
1073741824
1071047031
1073741824
1071396234
2147483648
1071330971
2147483648
1070746827
0
1070666693
2147483648
1069999497
0
1069257155
0
1072596269
3221225472
1066472412
0
1072519747
2147483648
1072503461
2147483648
1072581518
3758096384
1069424068
0
1070983227
0
1071077082
2147483648
1071739178
3758096384
1070424481
0
1070356754
2147483648
1071788682
2147483648
1071821838
1073741824
1067831838
0
1071148852
1073741824
1071854869
0
1072654414
536870912
1071902175
1073741824
1068547441
0
1071682049
3758096384
1070116494
2147483648
1072127031
0
1071592064
3221225472
1067215768
0
1072504566
536870912
1072651240
3758096384
1070745914
1073741824
1072484594
536870912
1072564962
536870912
1072303263
1073741824
1072039979
536870912
1072570451
1610612736
1071486057
3221225472
1070291267
2147483648
1071750185
536870912
1069230847
0
1071616065
1073741824
1071818187
3758096384
1071870708
2147483648
1070398587
2147483648
1071700153
3221225472
1067382160
0
1071994171
3758096384
1071975027
536870912
1071705353
3758096384
1070746710
2147483648
1072062641
0
1070871454
1073741824
1070932604
2147483648
1072310643
1073741824
1071871149
3758096384
1070510384
0
1072657286
536870912
1072540759
1073741824
1070679105
2147483648
1072154191
3221225472
1071677097
1073741824
1068604184
0
1072206928
0
1071799571
0
1071800213
2147483648
1071759276
2147483648
1071794607
0
1070904760
2147483648
1071938077
2147483648
1072497449
2684354560
1069792166
2147483648
1071243889
1073741824
1070293291
2147483648
1071233320
2147483648
1071335090
2147483648
1071123547
3221225472
1071510114
2147483648
1069175935
0
1071461100
1073741824
1072693247
2684354560
51
