Uvec
2226355706
1071051382
2147483648
1069573341
0
1072188584
536870912
1066745256
0
1071870111
2684354560
1072610125
1610612736
1071772578
536870912
1071113874
2147483648
1072093306
536870912
1070924440
3221225472
1071063589
3221225472
1069589935
2147483648
1072227843
536870912
1070044167
0
1070758377
2147483648
1071910083
2147483648
1072406623
2684354560
1070214052
0
1072299553
1073741824
1071000229
2147483648
1071954846
1610612736
1069948956
2147483648
1072229428
1610612736
1072538868
2684354560
1072500149
536870912
1071767485
3758096384
1071797932
3758096384
1071711059
3221225472
1072653297
1610612736
1071967020
2147483648
1071134744
2147483648
1072164693
536870912
1071835026
1610612736
1071185980
1073741824
1070235417
0
1069815740
0
1071557968
2147483648
1067799016
0
1072376398
536870912
1071965988
3758096384
1070473236
0
1070680666
1073741824
1071118052
2147483648
1071215038
0
1071956925
2147483648
1072686432
2684354560
1072529410
0
1072123030
0
1070790188
3221225472
1072304049
2147483648
1072483603
1073741824
1066969256
0
1070338476
0
1071328862
0
1071981047
3758096384
1071223634
2147483648
1069892163
0
1072636236
536870912
1071001298
1073741824
1069554113
2147483648
1071968466
3758096384
1070498290
2147483648
1071975066
2147483648
1072030483
1610612736
1070486590
2147483648
1072116031
3221225472
1071812522
1610612736
1071026558
0
1071880073
536870912
1071983755
1610612736
1070177708
2147483648
1072082743
3221225472
1072237075
1073741824
1072108777
536870912
1072520772
2684354560
1068481460
0
1071866940
2684354560
1071087512
1073741824
1072599987
2684354560
1070978562
1073741824
1072226889
0
1071975675
2684354560
1068710407
0
1071703018
536870912
1072049216
3758096384
1067968196
0
1071872011
536870912
1072320376
3758096384
1059571200
0
1072082465
536870912
1071914644
3221225472
1071948773
0
1072151793
3758096384
1072228855
3758096384
1069567642
0
1071573148
2147483648
1071436933
0
1068547365
0
1071461100
1073741824
1072693247
2684354560
54
