Uvec
2226355706
1072169026
3221225472
1070885878
0
1072155393
1073741824
1072240746
2684354560
1072401358
1073741824
1067935420
0
1068635418
0
1070168107
0
1070363175
2147483648
1066525612
0
1070140309
2147483648
1058844672
0
1071796663
3758096384
1072056324
2147483648
1070512157
0
1071658387
2684354560
1069633169
0
1070040085
0
1071202086
2147483648
1072605578
3758096384
1071987541
0
1071046491
0
1070797100
1073741824
1071161881
0
1072511600
0
1068524114
0
1071982464
536870912
1070437785
2147483648
1072073091
3758096384
1071895633
3221225472
1068280940
0
1072690413
2684354560
1072410272
536870912
1070338454
0
1072181368
3221225472
1068821764
0
1069684427
0
1066648528
0
1071774015
2684354560
1072175601
0
1072566362
1610612736
1071135686
2147483648
1072199312
1073741824
1072042278
1073741824
1071847289
3221225472
1071344208
2147483648
1072611995
3758096384
1068786232
0
1071970729
3758096384
1067745680
0
1072262605
536870912
1072544046
1610612736
1072582044
1610612736
1072039107
536870912
1072082366
3221225472
1070521453
2147483648
1071362822
1073741824
1071918584
3221225472
1070406082
0
1072123390
2684354560
1071802613
536870912
1071950912
3758096384
1065801424
0
1070674032
2147483648
1069349429
0
1071345528
2147483648
1072015878
2147483648
1072438333
536870912
1072107006
2147483648
1068595541
0
1071506391
1073741824
1072640642
1073741824
1071897835
3758096384
1072275334
0
1071404385
2147483648
1071306700
3221225472
1072166902
2147483648
1071031173
2147483648
1072660663
3221225472
1069267049
0
1071918460
536870912
1071904985
2147483648
1072083545
2147483648
1071946452
536870912
1072481565
2147483648
1065094752
0
1069396911
0
1062287552
0
1072132676
1610612736
1071007698
2147483648
1068106004
0
1071159917
0
1071151553
2147483648
1071279145
2147483648
1070639431
2147483648
1070792131
1073741824
1069645530
2147483648
1072116307
0
1071461100
1073741824
1072693247
2684354560
43
