Uvec
2226355706
1071631698
0
1071762438
1073741824
1072480763
536870912
1069731809
0
1071856017
0
1072122170
0
1071831624
3758096384
1068155794
0
1071814225
2684354560
1070700997
2147483648
1069243533
0
1070714153
1073741824
1071747189
2147483648
1070966444
3221225472
1072071761
1610612736
1070949398
2147483648
1071812135
1073741824
1070528692
2147483648
1071735909
3221225472
1068543661
0
1070756807
1073741824
1068317944
0
1070444960
2147483648
1071774546
1073741824
1069677561
0
1072103275
3221225472
1072126681
3221225472
1072625341
3221225472
1071084426
1073741824
1072578925
2684354560
1072126743
2684354560
1071138756
2147483648
1071027609
0
1068940695
0
1071075425
0
1070793668
0
1072364645
1073741824
1072555092
2147483648
1072469328
1610612736
1072262686
536870912
1072176425
536870912
1072023172
0
1067880284
0
1072662438
3221225472
1070809963
0
1068548152
0
1071158636
0
1071723708
536870912
1071996497
536870912
1072014167
3221225472
1066873072
0
1068636162
0
1071161615
3221225472
1072200435
3758096384
1072437278
1073741824
1066103424
0
1067418968
0
1072011408
3758096384
1071566838
0
1071236984
1073741824
1071999961
1073741824
1071471611
2147483648
1069287312
0
1071414940
1073741824
1070298040
0
1072127766
3758096384
1071235739
2147483648
1071685991
536870912
1071478679
0
1071889739
1610612736
1069509669
0
1066506624
0
1069900159
2147483648
1071595557
3221225472
1069427595
0
1069939185
2147483648
1069156948
0
1066609700
0
1072008351
3221225472
1071763199
0
1070139007
0
1072527530
2147483648
1072129811
536870912
1072199604
1610612736
1071873672
0
1071685981
2684354560
1071435996
3221225472
1072335419
1073741824
1071352908
3221225472
1072079252
536870912
1072552980
1610612736
1068239698
0
1068218890
0
1071199582
3221225472
1072450042
3758096384
1070051801
0
1072485016
0
1070663584
1073741824
1071461100
1073741824
1072693247
2684354560
64
