Uvec
2226355706
1071791951
2684354560
1068707683
0
1071487434
1073741824
1070859123
0
1069777921
0
1072103104
0
1072580680
2147483648
1072316386
2147483648
1071142065
3221225472
1071787451
1073741824
1071541242
0
1072413705
3221225472
1070024764
2147483648
1069955731
0
1068691353
0
1067760710
0
1069198045
0
1070429948
2147483648
1072525799
536870912
1071296475
0
1071816159
2684354560
1072412240
1073741824
1071634574
1073741824
1071829187
1073741824
1072369276
2684354560
1069764445
2147483648
1070617972
1073741824
1071803373
0
1068015738
0
1063717312
0
1071811954
2684354560
1072315333
3758096384
1071764255
536870912
1070206507
2147483648
1071844658
2147483648
1071429671
0
1072024518
0
1070635240
3221225472
1068120862
0
1068787364
0
1070044231
0
1070911885
3221225472
1072242170
0
1069563240
2147483648
1071718853
3221225472
1072141367
3758096384
1070652235
0
1071567034
3221225472
1070682360
2147483648
1069954962
2147483648
1071652904
2147483648
1071756620
2684354560
1071191358
0
1070804052
2147483648
1072338502
3221225472
1070522326
2147483648
1071803455
536870912
1072669081
1610612736
1070565454
0
1072392902
536870912
1072091881
536870912
1072173172
2147483648
1072650101
2684354560
1069670298
2147483648
1070288511
2147483648
1067767472
0
1072383755
3221225472
1071339378
3221225472
1071917537
3758096384
1071304557
2147483648
1072080536
1073741824
1068073580
0
1072626139
3758096384
1071193912
0
1071175708
0
1072198995
3758096384
1070715031
1073741824
1071551304
2147483648
1072598549
2684354560
1072401479
1073741824
1071943793
536870912
1070791738
2147483648
1071040090
1073741824
1072514520
536870912
1070590806
0
1071548084
3221225472
1072115828
536870912
1071876063
1073741824
1070569031
0
1072278143
2147483648
1072561780
536870912
1071128964
2147483648
1067872414
0
1072529077
3758096384
1072013860
1610612736
1071430153
2147483648
1071718859
536870912
1072140192
1610612736
1071461100
1073741824
1072693247
2684354560
14
