Uvec
2226355706
1071754751
0
1072046006
1610612736
1069602779
2147483648
1070778679
3221225472
1071850635
536870912
1069041874
0
1072529517
3758096384
1072545408
0
1070769891
0
1072078923
3221225472
1071991905
1073741824
1070654409
2147483648
1071385669
2147483648
1072641930
3758096384
1071478099
3221225472
1071899554
1610612736
1072307557
1073741824
1071670791
3221225472
1072544335
3758096384
1071410683
2147483648
1069576941
0
1068196940
0
1072641180
1610612736
1071839333
1073741824
1072287539
2147483648
1072450085
3221225472
1071723874
1073741824
1071407429
1073741824
1072160575
3221225472
1070812816
3221225472
1072157821
0
1071432539
1073741824
1070022233
0
1071822248
1610612736
1071138760
1073741824
1071170700
0
1068608027
0
1065695016
0
1072180616
536870912
1069609917
2147483648
1070702773
2147483648
1071213099
2147483648
1071646087
1610612736
1070050715
2147483648
1071781805
3758096384
1071910090
536870912
1071713654
536870912
1069915190
2147483648
1071019409
2147483648
1071410849
2147483648
1072420372
536870912
1071798229
3758096384
1072425697
1073741824
1071689368
2684354560
1071176998
1073741824
1069898274
0
1069173005
0
1069972434
2147483648
1071068214
1073741824
1072666537
536870912
1071980300
1610612736
1069640134
0
1069189617
0
1070355877
2147483648
1071724459
3758096384
1072478166
2684354560
1072103638
0
1071843653
536870912
1068529041
0
1072245414
1073741824
1067168572
0
1071196083
2147483648
1066502476
0
1071661304
2684354560
1071106766
2147483648
1071602114
1073741824
1070164924
0
1071490468
1073741824
1070321763
0
1072274538
1073741824
1071336563
2147483648
1070339858
0
1071984348
1610612736
1066025512
0
1067205616
0
1072077472
1073741824
1072570255
2684354560
1071057782
2147483648
1070983051
1073741824
1070129245
2147483648
1071946514
2147483648
1066952328
0
1072458191
3758096384
1071703284
2684354560
1072650789
3758096384
1072681168
1610612736
1070871419
2147483648
1070619111
1073741824
1071461100
1073741824
1072693247
2684354560
80
