Uvec
2226355706
1071464785
1073741824
1071763828
2684354560
1072153474
0
1071951578
3758096384
1069656754
2147483648
1072626627
2147483648
1070738774
1073741824
1066833692
0
1071794306
1073741824
1068836138
0
1070058375
2147483648
1071793797
536870912
1070174058
2147483648
1072263316
1610612736
1072345594
3758096384
1071584104
0
1071655300
0
1072485647
3758096384
1071404273
3221225472
1065651320
0
1071793866
3758096384
1072454233
2147483648
1071487663
2147483648
1069366027
0
1072611634
2147483648
1071953703
2147483648
1071623623
2147483648
1070579657
0
1072280598
536870912
1072160049
3758096384
1071064748
2147483648
1070861857
3221225472
1072460833
3221225472
1070417616
2147483648
1072534965
1073741824
1070755825
0
1072303321
3221225472
1072344891
0
1070624468
1073741824
1071268122
1073741824
1071984181
1610612736
1072567868
1073741824
1072353674
3221225472
1072573980
2684354560
1069675746
0
1071777574
1610612736
1069359362
0
1070963893
0
1072178414
1073741824
1071749525
3221225472
1071690193
2147483648
1071372823
0
1071540600
2147483648
1072564351
2684354560
1068722418
0
1070900673
3221225472
1071898878
1610612736
1071872132
1610612736
1072012962
536870912
1070637022
3221225472
1068685695
0
1069763563
0
1071676084
536870912
1071516834
0
1071338069
1073741824
1069331287
0
1070922708
1073741824
1070767430
2147483648
1071680243
1073741824
1066833316
0
1071033021
2147483648
1072049314
3758096384
1072236358
3758096384
1072553642
1610612736
1065978568
0
1072544946
1610612736
1072097602
1610612736
1070583760
0
1071908657
3758096384
1068432834
0
1070227089
0
1067060304
0
1071986360
0
1071384556
2147483648
1071623271
1073741824
1070687213
3221225472
1072407186
3221225472
1070159121
2147483648
1071525950
3221225472
1071765526
0
1071458796
2147483648
1070337538
2147483648
1072592423
2147483648
1072185656
3221225472
1072128873
1073741824
1071844207
2684354560
1072363392
3758096384
1072472971
2684354560
1071461100
1073741824
1072693247
2684354560
39
