Uvec
2226355706
1070789044
3221225472
1071291633
3221225472
1072133856
3221225472
1069708942
2147483648
1069750473
2147483648
1072519758
3221225472
1071820853
0
1072258033
1610612736
1070410265
2147483648
1068854861
0
1071714724
536870912
1069738090
0
1067873592
0
1072323640
1610612736
1070869472
3221225472
1072354325
0
1069970507
2147483648
1070639794
1073741824
1072455650
1610612736
1072105617
2147483648
1065542880
0
1071695008
3221225472
1071865633
2147483648
1071936242
1073741824
1071860673
2147483648
1071096641
0
1072287174
536870912
1072530375
1073741824
1072375663
3221225472
1070250435
0
1071803276
0
1070909067
1073741824
1072343318
0
1072459526
2147483648
1066902840
0
1072007045
2684354560
1072126017
1073741824
1070699187
1073741824
1072519658
2684354560
1070103867
2147483648
1068287896
0
1071079727
0
1071168125
3221225472
1071383508
2147483648
1072186387
0
1071155527
2147483648
1070927585
1073741824
1071509360
0
1072068361
3758096384
1072033371
536870912
1072154921
3221225472
1071894903
536870912
1070735072
1073741824
1065664872
0
1072294741
3758096384
1071198886
2147483648
1072392611
536870912
1072365628
536870912
1071628900
1073741824
1069328449
0
1072243975
1610612736
1071388016
0
1065796816
0
1068569075
0
1072351913
2147483648
1070604124
2147483648
1070432101
2147483648
1069655693
2147483648
1072007336
536870912
1072121007
0
1071140400
0
1071486793
0
1071919231
3221225472
1070809656
1073741824
1070284065
2147483648
1072239593
3221225472
1061623168
0
1062909632
0
1070016406
2147483648
1067314576
0
1071425214
3221225472
1071388798
1073741824
1070163554
0
1069372547
0
1071564425
0
1071561792
2147483648
1071618672
0
1071682191
1073741824
1070448615
0
1070079439
2147483648
1069034451
0
1071734424
1610612736
1072019490
2147483648
1070973573
1073741824
1069557298
0
1070938449
3221225472
1072129381
1073741824
1071927227
2147483648
1071461100
1073741824
1072693247
2684354560
84
