Uvec
2226355706
1071843094
1610612736
1072541498
3758096384
1072392162
0
1071949991
1073741824
1071544145
0
1071375701
1073741824
1065702848
0
1071793141
1073741824
1071726397
3758096384
1072125188
536870912
1071455027
1073741824
1071034615
0
1071784159
3758096384
1072273023
0
1072169335
1610612736
1072186593
3758096384
1068125922
0
1071625114
2147483648
1072476452
3221225472
1072049777
536870912
1070886419
2147483648
1071619562
3221225472
1072478703
536870912
1065836200
0
1069608861
2147483648
1068954195
0
1072642279
3221225472
1070037630
2147483648
1071752792
1073741824
1067587444
0
1071276564
3221225472
1068606264
0
1071400784
0
1071390015
1073741824
1071639119
3221225472
1072467679
0
1070887946
3221225472
1069515221
0
1068331724
0
1071391920
1073741824
1071034932
1073741824
1071522209
3221225472
1071600064
0
1072484361
1610612736
1072347594
3221225472
1072447993
3758096384
1071777220
1073741824
1071647112
2147483648
1071394023
1073741824
1071854044
2684354560
1072549295
0
1070069993
2147483648
1067138748
0
1072159997
0
1070251563
2147483648
1072579713
2147483648
1072438936
1610612736
1070890455
1073741824
1071972384
1610612736
1068836909
0
1071903547
3758096384
1065068944
0
1072145892
0
1071629282
1073741824
1072216771
536870912
1071206705
0
1070732118
3221225472
1070269439
2147483648
1071957917
1610612736
1070021484
2147483648
1071775922
1610612736
1072419367
3758096384
1071354061
2147483648
1071652967
2684354560
1072260468
3221225472
1070937893
1073741824
1069878842
0
1072233792
2684354560
1069253608
0
1071202914
2147483648
1072381761
1073741824
1072217226
3758096384
1068217466
0
1070099450
0
1072036202
3758096384
1072228704
2684354560
1072377061
2147483648
1069567734
0
1070052584
2147483648
1071506509
2147483648
1070183155
0
1071241298
2147483648
1063480640
0
1072306482
2684354560
1072184315
1610612736
1067123184
0
1071508001
1073741824
1070919649
0
1071461100
1073741824
1072693247
2684354560
20
