Uvec
2226355706
1071789183
2147483648
1069768528
0
1066813500
0
1069965376
0
1069849916
0
1071259655
2147483648
1072565235
3758096384
1072378605
3758096384
1072658141
536870912
1069706749
2147483648
1072120659
3221225472
1072372606
2684354560
1065307568
0
1070998908
1073741824
1072573738
3758096384
1070608006
2147483648
1069687860
2147483648
1072119127
0
1072596045
536870912
1071847526
1073741824
1072464944
2684354560
1072209687
1610612736
1070726186
3221225472
1071329588
0
1072084924
3221225472
1071664179
3221225472
1070854597
0
1072693124
3758096384
1072261258
3758096384
1071682679
1073741824
1072460659
3758096384
1072198383
2684354560
1071069451
0
1071722535
3758096384
1071876241
3758096384
1071979641
2147483648
1072133238
2147483648
1072619356
2684354560
1072186517
3221225472
1072575161
2147483648
1072028623
1073741824
1069761084
0
1067963290
0
1071143240
1073741824
1072435411
2684354560
1071777843
0
1072325221
1610612736
1070969130
0
1072313124
2147483648
1067543288
0
1070641212
2147483648
1072260676
536870912
1071670774
1610612736
1070402298
2147483648
1072146696
1073741824
1067734364
0
1072382226
536870912
1072115020
2684354560
1070363884
2147483648
1069122624
0
1072635748
2684354560
1072537953
1610612736
1072101222
536870912
1071403431
1073741824
1067373608
0
1071773713
0
1070601687
3221225472
1071592889
3221225472
1071917031
2147483648
1072207029
1610612736
1069927548
0
1072278515
3221225472
1069924330
2147483648
1072102351
1610612736
1071368802
3221225472
1072325559
3758096384
1071761282
2684354560
1071856590
536870912
1072592706
3221225472
1072415607
1610612736
1071932658
1073741824
1072663528
1073741824
1072567965
1073741824
1072511400
2684354560
1070628792
1073741824
1071955192
0
1071358124
1073741824
1071703828
1073741824
1069895937
2147483648
1068684847
0
1071425777
0
1072238120
536870912
1071987887
1073741824
1072092693
0
1072165832
2147483648
1070325927
2147483648
1071071346
1073741824
1071771181
2684354560
1071461100
1073741824
1072693247
2684354560
82
