Uvec
2226355706
1071783357
536870912
1071934482
2147483648
1070450763
2147483648
1072229764
1073741824
1070636753
3221225472
1071898521
1073741824
1071748266
1073741824
1072357260
3221225472
1072191132
3758096384
1071809497
1073741824
1070422109
0
1069663353
0
1072468283
2147483648
1067951664
0
1071775223
536870912
1069111914
0
1071284018
2147483648
1071787569
1073741824
1071841665
2684354560
1067185396
0
1071679835
3758096384
1072619589
0
1071255383
3221225472
1072262616
0
1069205688
0
1071474589
0
1070163016
0
1071770575
1610612736
1071863338
3758096384
1072508098
536870912
1072644174
2684354560
1069271010
0
1071122826
0
1067759298
0
1071776674
536870912
1072573835
2147483648
1071844725
1073741824
1070652493
0
1071194770
1073741824
1069496599
0
1070918545
1073741824
1072041176
3758096384
1070634882
2147483648
1070255785
0
1071544154
2147483648
1070322121
0
1072607999
1073741824
1069155822
0
1071989724
1610612736
1066880844
0
1072193700
0
1070122563
2147483648
1072614650
2684354560
1071665618
3758096384
1071216135
1073741824
1072511802
2147483648
1068490812
0
1070761611
3221225472
1069855187
2147483648
1070673057
2147483648
1071477441
3221225472
1071843596
2147483648
1070722051
3221225472
1072102922
0
1069348131
0
1072080218
1073741824
1072365206
0
1072382062
1073741824
1072568249
1610612736
1069362722
0
1072478883
2147483648
1069394478
0
1072107884
1073741824
1070601238
1073741824
1070933898
2147483648
1065715656
0
1072173468
536870912
1071671622
1610612736
1071975812
536870912
1071762739
1610612736
1067025140
0
1067673856
0
1069140906
0
1072436924
3221225472
1071027526
3221225472
1071157538
2147483648
1071321844
2147483648
1070435562
2147483648
1069448637
0
1072219246
3758096384
1071822841
3221225472
1071019468
0
1071059439
0
1071081167
0
1072285990
3221225472
1069750771
0
1071991598
1073741824
1071817288
0
1071461100
1073741824
1072693247
2684354560
66
