Uvec
2226355706
1071119846
1073741824
1072382270
536870912
1072188598
1610612736
1071942386
1073741824
1070921353
2147483648
1068115120
0
1068962201
0
1072405582
0
1071860027
1073741824
1072488240
536870912
1070103098
0
1070159913
2147483648
1072450919
2684354560
1071711510
536870912
1072396838
536870912
1071768521
2147483648
1071156173
2147483648
1072074677
1073741824
1068651761
0
1072501017
2147483648
1071707835
2684354560
1071783566
3758096384
1072344681
1073741824
1069719227
2147483648
1070719195
1073741824
1071883903
3758096384
1072164729
1073741824
1071947307
3758096384
1069940951
0
1071831126
1610612736
1071824575
1610612736
1070990460
1073741824
1072052648
536870912
1072395586
2684354560
1071568026
1073741824
1071195087
0
1071720855
0
1070782409
3221225472
1071958303
3221225472
1072158995
3758096384
1068784214
0
1072691452
1610612736
1072253740
2684354560
1070159886
0
1070296453
2147483648
1071708567
536870912
1070289637
2147483648
1071390266
2147483648
1072680927
2684354560
1072462609
2147483648
1071589690
2147483648
1069624125
2147483648
1071067377
1073741824
1067128572
0
1070927954
0
1070997400
1073741824
1071863528
3758096384
1069766766
0
1071062991
1073741824
1072251069
0
1071844543
1073741824
1071871577
1610612736
1072446226
2147483648
1071992455
3758096384
1072579822
2147483648
1072571409
2684354560
1069104197
0
1070610725
1073741824
1068606703
0
1072306751
536870912
1069695030
0
1071305272
0
1072385567
2684354560
1071030311
0
1071339029
1073741824
1069154641
0
1069633893
2147483648
1072462065
1073741824
1069043524
0
1072301201
2684354560
1072489463
2147483648
1072473754
1610612736
1071517681
3221225472
1070058814
0
1072141439
2147483648
1072555604
3758096384
1071599458
1073741824
1069572392
0
1071384607
0
1072392813
1073741824
1072246220
1073741824
1069692113
0
1071882376
2147483648
1067545334
0
1068397500
0
1067567646
0
1069882946
0
1070064156
2147483648
1071461100
1073741824
1072693247
2684354560
0
