Uvec
2226355706
1072684958
3221225472
1072658208
536870912
1072242070
3758096384
1072337991
2684354560
1071763646
2147483648
1072388651
3758096384
1070320668
2147483648
1072318862
3758096384
1070617390
3221225472
1068428856
0
1072266547
3758096384
1069604604
0
1072224735
2147483648
1072160934
536870912
1071080290
0
1070777489
2147483648
1071026101
1073741824
1072581999
3221225472
1071330169
3221225472
1071671966
3221225472
1072275273
3758096384
1071169231
3221225472
1071938464
2147483648
1071513457
0
1072547180
0
1071817134
2684354560
1069933625
0
1071813744
1610612736
1070640550
2147483648
1069058539
0
1067796254
0
1071507173
3221225472
1072208681
1073741824
1072202103
3221225472
1072470603
3758096384
1070840040
2147483648
1071517190
3221225472
1071986954
1610612736
1072069982
2684354560
1072177882
2684354560
1072593693
0
1071669809
3221225472
1070880740
1073741824
1071700569
2147483648
1071379827
1073741824
1072374299
3221225472
1072401291
536870912
1072094552
1610612736
1070612351
1073741824
1071271524
1073741824
1072301948
3221225472
1071976454
2684354560
1071194061
3221225472
1071173212
2147483648
1072095007
3221225472
1072005971
1073741824
1070797179
0
1072365487
2147483648
1069041744
0
1070739027
2147483648
1071663016
3758096384
1071828213
2684354560
1071679577
3221225472
1064951648
0
1068053754
0
1072026995
0
1071750152
2684354560
1072113593
3221225472
1070317645
0
1072251407
3758096384
1072269426
1073741824
1068845146
0
1069598853
2147483648
1071921094
1073741824
1070612159
1073741824
1072436093
3221225472
1072313522
1073741824
1070026314
0
1072027055
1073741824
1071482514
2147483648
1072187138
536870912
1072609071
3221225472
1070921583
2147483648
1072494964
2684354560
1072155078
536870912
1071097901
3221225472
1071140659
2147483648
1069773770
0
1072589030
536870912
1071851586
2147483648
1071829515
3758096384
1071094238
3221225472
1071187337
0
1071931328
1610612736
1072203250
0
1067791708
0
1069517071
0
1072137591
2147483648
1071461100
1073741824
1072693247
2684354560
50
