Uvec
2226355706
1071744147
2684354560
1063617920
0
1071534886
3221225472
1072590806
2684354560
1069700086
2147483648
1072026508
536870912
1072211886
3758096384
1069231720
0
1070698704
1073741824
1071330652
0
1070594638
0
1071968812
536870912
1071785110
0
1071981495
1610612736
1072435833
536870912
1072388041
0
1068836974
0
1069336654
0
1069907802
0
1069827494
2147483648
1072410513
1073741824
1072510369
536870912
1071882463
1610612736
1070161233
0
1071542418
1073741824
1072672351
3221225472
1072383699
2147483648
1069003846
0
1070718296
0
1072029545
2147483648
1071535084
3221225472
1072584397
3221225472
1071076805
1073741824
1068505156
0
1065672080
0
1070788776
3221225472
1072067057
1073741824
1072131795
0
1071774425
0
1072452122
536870912
1068811561
0
1071199274
3221225472
1071911938
3758096384
1065715320
0
1072150323
3758096384
1072673507
536870912
1070690436
0
1070287602
0
1071471798
1073741824
1069106696
0
1072286267
1073741824
1071867152
536870912
1070924464
0
1071366313
0
1071722176
0
1072267253
1610612736
1070090853
2147483648
1072358467
536870912
1072235874
2147483648
1070880492
1073741824
1071751269
1610612736
1071855313
3758096384
1069174895
0
1070314731
2147483648
1072188607
3758096384
1069498943
0
1072076127
0
1071518639
3221225472
1072067016
2684354560
1068561944
0
1071863271
1610612736
1066942320
0
1069814308
0
1071135353
2147483648
1070743912
1073741824
1071088429
2147483648
1072422041
3221225472
1072684769
3221225472
1072661094
3758096384
1072253490
1610612736
1070619944
3221225472
1071787931
536870912
1070558758
2147483648
1064425136
0
1072555571
536870912
1072408077
3221225472
1072301375
1073741824
1070008448
0
1071425809
1073741824
1072548544
1073741824
1071937932
1610612736
1071680486
3758096384
1071831692
3221225472
1071832118
3758096384
1072121802
3758096384
1072547415
0
1072102189
0
1068599791
0
1071461100
1073741824
1072693247
2684354560
18
