Uvec
2226355706
1072124673
3221225472
1071645736
3221225472
1071781200
3221225472
1070786758
3221225472
1071044635
3221225472
1071151944
2147483648
1071996324
3758096384
1070263121
0
1070216630
0
1072416209
3221225472
1071699564
3221225472
1071969890
0
1070110632
0
1069832858
2147483648
1068577026
0
1071121541
3221225472
1072521963
536870912
1066246424
0
1072633972
536870912
1072218311
1073741824
1072253424
2684354560
1072335358
1073741824
1072419188
0
1070786580
2147483648
1072308004
2684354560
1071173627
2147483648
1071811195
2147483648
1072367946
536870912
1072421825
0
1069475180
0
1072203574
536870912
1071615509
3221225472
1067988400
0
1069579651
0
1071919202
1610612736
1069755256
0
1072425453
1073741824
1070516363
2147483648
1072148864
0
1072387464
3221225472
1068616497
0
1072590170
1073741824
1071266862
2147483648
1071972721
1610612736
1072140712
2684354560
1072175458
3221225472
1070530637
2147483648
1072018193
1073741824
1071602169
2147483648
1072615981
536870912
1072208738
2684354560
1071536783
2147483648
1070323467
0
1071486316
1073741824
1072321899
536870912
1071948513
1610612736
1071761851
1073741824
1072145636
536870912
1071683925
536870912
1071283026
3221225472
1069795085
2147483648
1072595633
536870912
1070945611
2147483648
1071919818
1073741824
1070716080
3221225472
1072431825
2684354560
1072559187
3758096384
1070602560
3221225472
1072090874
1073741824
1071282769
3221225472
1070724136
0
1067093340
0
1067569738
0
1072429404
3221225472
1072478289
3758096384
1071958893
2147483648
1070742684
3221225472
1072132418
1073741824
1069651013
2147483648
1069669572
0
1072595391
1073741824
1069842643
2147483648
1072128055
3221225472
1071930845
536870912
1071975062
3221225472
1072385793
2147483648
1070510337
0
1068686529
0
1070748662
0
1072256648
536870912
1070268611
2147483648
1072358012
0
1072663068
536870912
1070887262
0
1072091769
2147483648
1070898981
1073741824
1071363328
2147483648
1070981255
2147483648
1071461100
1073741824
1072693247
2684354560
37
