Uvec
2226355706
1070674156
2147483648
1072355061
0
1070770425
1073741824
1071808261
3758096384
1072457483
0
1072493055
536870912
1072676150
2684354560
1071483240
3221225472
1072607423
3221225472
1071570676
1073741824
1072474033
2147483648
1071664007
3758096384
1068759847
0
1072329918
2147483648
1072656873
0
1071909463
2684354560
1072582738
1610612736
1071351728
1073741824
1072687456
2684354560
1071419452
3221225472
1070225176
0
1072256795
3221225472
1072335454
0
1071603464
0
1072668977
3221225472
1071581785
3221225472
1072584567
3758096384
1070136661
2147483648
1071900223
3758096384
1070636672
3221225472
1071424274
0
1069795955
2147483648
1072492610
536870912
1070305361
2147483648
1069111671
0
1067722722
0
1072155866
3221225472
1071338452
0
1072682071
0
1071496402
2147483648
1069640521
0
1072255486
3758096384
1070192681
0
1070694494
0
1072135187
2147483648
1071394900
1073741824
1071772766
536870912
1072085338
1073741824
1072662329
536870912
1069241322
0
1070249379
2147483648
1071388638
1073741824
1072057788
2147483648
1069058084
0
1072554254
1073741824
1072356033
2684354560
1070954666
2147483648
1072152127
3758096384
1069447231
0
1068606852
0
1071866805
536870912
1071641463
3221225472
1071245344
1073741824
1071400601
1073741824
1072005151
1073741824
1071094877
2147483648
1069905103
2147483648
1070981516
2147483648
1071899752
1073741824
1071827933
1610612736
1072604923
3758096384
1071022432
0
1071878170
2684354560
1071778318
3758096384
1070588989
0
1072457607
0
1067696754
0
1070295546
0
1071829082
3221225472
1072690965
2147483648
1070668932
1073741824
1071507574
0
1071928307
2684354560
1069700140
2147483648
1071944552
3758096384
1072406353
2147483648
1071755014
3758096384
1071332684
2147483648
1072386867
2684354560
1069895192
0
1069696555
0
1069569259
0
1070592421
0
1071499867
1073741824
1072179296
3758096384
1072107849
536870912
1070274373
0
1071819555
2684354560
1071461100
1073741824
1072693247
2684354560
33
