Uvec
2226355706
1072296520
536870912
1070527672
2147483648
1069298947
0
1072143209
0
1071098452
2147483648
1071307681
2147483648
1072436873
2147483648
1071427268
3221225472
1071969046
1073741824
1068557387
0
1072375545
2147483648
1072624760
2147483648
1071070782
0
1071714816
3221225472
1069963952
0
1072453367
0
1070412048
0
1071746119
2684354560
1072175507
1073741824
1071979982
3221225472
1072334419
3221225472
1071890452
1073741824
1070823147
2147483648
1069681759
2147483648
1072492510
1073741824
1072660556
1073741824
1071765191
1610612736
1071282062
1073741824
1071673604
1610612736
1070932509
0
1071060664
2147483648
1072087995
536870912
1071308823
3221225472
1070963893
2147483648
1071851206
1610612736
1071793648
1610612736
1072561014
3221225472
1072217505
3758096384
1071801328
1073741824
1071662842
1610612736
1070782161
2147483648
1071538163
0
1070432478
0
1070295338
2147483648
1071567351
3221225472
1071995155
3221225472
1065562312
0
1071764728
0
1071727662
1610612736
1072114224
2684354560
1071084245
0
1070906671
0
1070246181
0
1071382151
3221225472
1071117763
3221225472
1072630040
3221225472
1072598541
2684354560
1072353270
1073741824
1071738491
2684354560
1071562164
3221225472
1072437544
536870912
1069846644
2147483648
1069362890
0
1071597386
0
1072285773
1610612736
1071978474
1610612736
1068834086
0
1072283463
3221225472
1072478772
1610612736
1072187086
3221225472
1068730246
0
1067831774
0
1071912017
0
1069928225
0
1072528961
1610612736
1072439205
536870912
1072619197
1073741824
1069610448
0
1072614353
2147483648
1070577975
2147483648
1072375797
1610612736
1070569800
0
1071940689
3221225472
1070110618
2147483648
1068744053
0
1071892847
2147483648
1071356083
3221225472
1071795638
1610612736
1071183516
3221225472
1072322005
3221225472
1071944963
1073741824
1071679934
2147483648
1072516740
1610612736
1072167906
536870912
1071368005
3221225472
1072599801
1610612736
1070301032
0
1071770787
3221225472
1071461100
1073741824
1072693247
2684354560
74
