Uvec
2226355706
1071727581
0
1071553427
0
1071004703
0
1071037974
2147483648
1069585053
2147483648
1072335046
536870912
1072233238
1073741824
1072602654
536870912
1072287147
2684354560
1072520469
0
1072401326
1610612736
1072683317
3758096384
1071407168
3221225472
1072594332
2684354560
1072439752
3758096384
1066666620
0
1071080435
3221225472
1072496447
3758096384
1071957471
3758096384
1071364705
1073741824
1071652280
1610612736
1072201098
0
1069037955
0
1063920448
0
1071522637
3221225472
1072045490
2684354560
1063676480
0
1072147325
3758096384
1069868799
0
1068955466
0
1071994807
1610612736
1070992604
1073741824
1071634093
2147483648
1067327628
0
1071657999
1610612736
1071405391
3221225472
1071936625
0
1071140159
1073741824
1072246592
536870912
1072386012
2147483648
1070205889
0
1069388910
0
1072070972
1610612736
1072634699
1610612736
1072302279
3221225472
1071428300
1073741824
1071914422
3758096384
1069801484
2147483648
1071682717
536870912
1071958323
1073741824
1071840076
536870912
1067461098
0
1066496288
0
1072051323
2684354560
1071693825
3758096384
1072619545
0
1072297631
2684354560
1071408714
2147483648
1071042748
3221225472
1070810699
0
1071548725
0
1070102285
2147483648
1072332363
1073741824
1072053826
3221225472
1071979965
2684354560
1069576003
0
1072661720
2684354560
1071441220
1073741824
1072013441
1610612736
1072527248
1073741824
1069660068
2147483648
1072476943
536870912
1072073283
2147483648
1071783579
2684354560
1069786561
2147483648
1067705870
0
1072273620
3221225472
1071066149
3221225472
1071061419
0
1071199774
3221225472
1069109507
0
1072560696
1073741824
1072024713
536870912
1072206257
536870912
1072616303
536870912
1070960007
2147483648
1071792307
1610612736
1070646085
2147483648
1071643515
2147483648
1068561318
0
1068583875
0
1070444298
2147483648
1071017278
0
1072248514
536870912
1070789264
3221225472
1072108315
3221225472
1072321962
2147483648
1068567651
0
1071461100
1073741824
1072693247
2684354560
90
