Uvec
2226355706
1072233339
536870912
1071050719
3221225472
1071666925
536870912
1072452001
3221225472
1072105563
2147483648
1070554388
2147483648
1069657209
0
1071884946
0
1072467016
3758096384
1072149011
0
1072524202
0
1071974512
536870912
1071716191
2684354560
1070012517
0
1070196327
2147483648
1070099446
0
1071116336
0
1071473930
1073741824
1072327037
2147483648
1069458694
0
1072448751
2147483648
1070478760
2147483648
1069274774
0
1069609571
2147483648
1070470425
0
1072126831
3758096384
1071766194
3221225472
1072549478
1073741824
1070289427
0
1068701202
0
1072048864
1610612736
1068771279
0
1072536497
2147483648
1072257116
1610612736
1067163068
0
1071729159
1073741824
1071337203
0
1071996288
1073741824
1071821213
0
1069729772
2147483648
1072389356
3221225472
1072025568
1073741824
1071773211
3221225472
1070810025
1073741824
1069870615
0
1071498749
1073741824
1070738309
2147483648
1069635077
0
1072016810
2684354560
1071591830
0
1072140670
3758096384
1072281359
3221225472
1069607964
0
1072560508
1073741824
1071610413
1073741824
1072075931
2147483648
1072476389
536870912
1068483872
0
1071881417
536870912
1072048240
3221225472
1069405800
0
1070459465
2147483648
1071741887
536870912
1072060328
1610612736
1072502337
0
1071928922
3221225472
1072289221
2684354560
1071617777
1073741824
1072565505
1610612736
1071711536
0
1071175878
0
1072292202
0
1072363553
3758096384
1072094707
3758096384
1071604549
2147483648
1072554274
3758096384
1072522047
1610612736
1072383294
536870912
1072389922
1610612736
1072356079
1610612736
1072149959
0
1072023934
1610612736
1071516809
0
1067949212
0
1071364919
0
1072524413
1610612736
1066159728
0
1072641035
3758096384
1072352662
3221225472
1070494962
2147483648
1068077658
0
1066059576
0
1072554206
536870912
1071970897
0
1072100619
2147483648
1063782016
0
1072451848
0
1072112544
536870912
1071461100
1073741824
1072693247
2684354560
20
