Uvec
2226355706
1072131931
536870912
1071799432
2147483648
1071250359
1073741824
1072574040
1073741824
1071676733
1073741824
1071271037
2147483648
1072322454
3758096384
1070819204
2147483648
1071893600
2147483648
1070382243
0
1071761174
536870912
1072153619
3758096384
1072517909
2684354560
1071537911
2147483648
1072356027
536870912
1068848249
0
1072072854
3221225472
1072226591
2147483648
1072253621
3221225472
1071233195
0
1071158889
3221225472
1068706572
0
1072450235
2147483648
1070417651
2147483648
1070794397
1073741824
1071739935
1073741824
1070197581
0
1069221295
0
1072491417
1073741824
1070455352
0
1068235764
0
1072518065
3758096384
1071567553
0
1072035380
2147483648
1070730532
0
1072652413
3758096384
1072344804
2684354560
1071592629
3221225472
1070963077
3221225472
1072500371
1610612736
1072538203
1610612736
1072213369
3758096384
1072327403
2147483648
1069154346
0
1072642186
536870912
1071756606
536870912
1072521095
2147483648
1072371689
536870912
1071571617
2147483648
1069887675
0
1070977913
2147483648
1070908284
1073741824
1071689643
536870912
1072304241
2147483648
1072094184
1073741824
1070900881
1073741824
1072079281
1610612736
1071137532
1073741824
1070891543
3221225472
1068780443
0
1071484367
1073741824
1071889547
1610612736
1072568080
1073741824
1072325893
536870912
1069755846
2147483648
1072131730
536870912
1071242061
2147483648
1071318254
1073741824
1072692065
2147483648
1071348523
0
1072553007
1073741824
1068631915
0
1069922792
0
1071599862
1073741824
1071522916
1073741824
1072076415
2684354560
1070857760
1073741824
1071463278
3221225472
1072675354
0
1071933814
0
1072644025
3758096384
1072166550
2684354560
1068919119
0
1072226289
536870912
1072136939
1610612736
1072612235
0
1070179284
0
1070805927
3221225472
1071943331
1610612736
1071219700
1073741824
1072296428
3221225472
1069758808
0
1072358805
3758096384
1072259832
3221225472
1071737866
536870912
1072049777
3221225472
1067528476
0
1071975265
0
1071461100
1073741824
1072693247
2684354560
70
