Uvec
2226355706
1071915676
2684354560
1072651555
3758096384
1072569495
1073741824
1072115530
2147483648
1071816149
3221225472
1071286077
1073741824
1070602015
3221225472
1068844424
0
1072223368
536870912
1069057566
0
1070118125
2147483648
1070794582
1073741824
1072430319
1610612736
1071041456
3221225472
1070793441
3221225472
1071940780
3221225472
1072335571
0
1071668116
3221225472
1070000826
0
1072489026
2684354560
1069938216
0
1071148044
3221225472
1069614623
2147483648
1072645179
2147483648
1069625571
0
1069796998
2147483648
1069196785
0
1072026027
3758096384
1071960255
2147483648
1072240542
2147483648
1071193965
1073741824
1070787313
1073741824
1072116041
0
1070633682
0
1069587971
2147483648
1071515193
2147483648
1071419755
0
1070373525
2147483648
1071307219
3221225472
1067199760
0
1071792699
3758096384
1072440922
3758096384
1071769004
536870912
1066796332
0
1072255971
3758096384
1070801124
1073741824
1072092679
0
1071802380
1610612736
1072581328
3758096384
1070001402
2147483648
1071625413
3221225472
1070473297
0
1072612588
2684354560
1070773710
1073741824
1072381432
0
1069505301
0
1071634272
2147483648
1071538823
0
1072380453
0
1071729627
3221225472
1072358823
3758096384
1066781752
0
1072045643
1073741824
1072367919
3221225472
1072406191
1073741824
1071978956
536870912
1072119316
1610612736
1071776300
1073741824
1070656728
3221225472
1070262534
2147483648
1071820840
2684354560
1069800128
0
1071788004
2147483648
1071495156
1073741824
1069776593
2147483648
1072435594
0
1072178230
2147483648
1069600354
2147483648
1072052375
1610612736
1071421810
1073741824
1069046421
0
1072371286
2684354560
1072259986
1073741824
1072669174
1073741824
1071449355
3221225472
1071920363
2684354560
1072521455
2147483648
1072331589
536870912
1071864274
3758096384
1069889546
0
1072029219
1610612736
1071386606
3221225472
1071507789
0
1072598406
1073741824
1071578770
3221225472
1070473116
2147483648
1070338471
2147483648
1071862743
3758096384
1071461100
1073741824
1072693247
2684354560
6
