Uvec
2226355706
1070893418
3221225472
1068382494
0
1071270853
3221225472
1070286977
0
1071528067
0
1071176345
0
1071786140
3221225472
1071756467
3758096384
1068797712
0
1072070107
0
1072164968
3758096384
1072536802
0
1071023362
1073741824
1072304959
3758096384
1071845370
3758096384
1072222145
2147483648
1069038101
0
1071023202
0
1072131759
2684354560
1071273212
2147483648
1072636029
2147483648
1071746025
3758096384
1071415978
0
1070650883
2147483648
1071397828
0
1072326899
536870912
1070982858
0
1069084855
0
1071740874
2147483648
1071918756
3758096384
1070821070
3221225472
1070480656
2147483648
1072544571
3221225472
1071505263
0
1070899678
2147483648
1071303341
1073741824
1070961402
0
1068097624
0
1071307296
3221225472
1068816575
0
1070882598
2147483648
1072271744
2684354560
1071703053
1610612736
1072407652
2147483648
1071368908
3221225472
1072622118
536870912
1072560657
1073741824
1071441312
1073741824
1071263322
3221225472
1072443039
2147483648
1070832931
1073741824
1070909267
0
1069986241
0
1070054264
0
1072000825
3758096384
1070986423
1073741824
1071195156
0
1072186421
2147483648
1070317738
2147483648
1071740575
1073741824
1070377136
0
1071898164
1610612736
1072439942
2684354560
1068759343
0
1072319626
0
1071994273
0
1071896912
1073741824
1069794664
0
1071744849
0
1070871174
1073741824
1072585805
2684354560
1072407621
536870912
1072161782
3758096384
1069149707
0
1072445626
0
1069592590
0
1071627750
2147483648
1071243726
0
1069584962
2147483648
1071912855
3758096384
1072431166
536870912
1069355175
0
1070815319
3221225472
1072461312
1610612736
1071436806
2147483648
1069300499
0
1070142656
0
1071547198
3221225472
1072233001
536870912
1071434666
2147483648
1071742430
2147483648
1071791842
3758096384
1068354266
0
1069054373
0
1070867176
1073741824
1072189699
3221225472
1070718363
0
1069689565
0
1071461100
1073741824
1072693247
2684354560
24
