Uvec
2226355706
1071372888
1073741824
1072461661
1073741824
1071661350
2147483648
1068904430
0
1070323127
2147483648
1071504685
2147483648
1071545535
2147483648
1072421915
1610612736
1072596747
1073741824
1071783137
3758096384
1068870512
0
1072335228
2684354560
1071059154
2147483648
1072110158
536870912
1072290937
0
1071801570
2147483648
1071714728
536870912
1072284294
2147483648
1070341433
0
1070119364
2147483648
1072639971
3758096384
1072589628
536870912
1071725041
0
1070873864
1073741824
1070986371
2147483648
1069171914
0
1071093104
0
1072080072
2684354560
1061918336
0
1069394855
0
1071668618
1610612736
1072219964
2684354560
1072186934
1610612736
1072106592
536870912
1066561188
0
1069407878
0
1071157724
0
1071316698
2147483648
1067010760
0
1070183768
2147483648
1072374689
0
1069504096
0
1071256879
2147483648
1069632979
2147483648
1071911680
3221225472
1071134933
1073741824
1071731053
2147483648
1071399087
0
1071802803
2147483648
1071917960
536870912
1072093958
3758096384
1069310807
0
1067012540
0
1071910809
536870912
1072671416
2147483648
1070888956
1073741824
1066263032
0
1071995212
2684354560
1067988374
0
1070614449
0
1071072116
0
1072603252
1610612736
1072012280
0
1072208473
3221225472
1072344376
0
1072388442
3758096384
1071264784
1073741824
1071794184
1610612736
1072645233
1610612736
1071109098
3221225472
1070960897
0
1072133830
2147483648
1070263829
2147483648
1071188717
2147483648
1071752892
1610612736
1072266673
2147483648
1070625873
2147483648
1071603666
3221225472
1071900575
0
1069259454
0
1071268025
2147483648
1072628055
1610612736
1067925526
0
1070282564
2147483648
1071988803
1610612736
1069431101
0
1072183304
2147483648
1070964177
3221225472
1071045494
1073741824
1064872368
0
1070999234
1073741824
1072327468
1073741824
1070449559
0
1067099536
0
1069122451
0
1070917300
3221225472
1068311082
0
1072086806
1073741824
1071461100
1073741824
1072693247
2684354560
22
