Uvec
2226355706
1072627809
1610612736
1071499067
3221225472
1071296115
2147483648
1072308171
3221225472
1072252422
0
1070399892
2147483648
1072610195
2684354560
1070987061
3221225472
1072478273
3221225472
1072645596
0
1066367104
0
1072557938
2147483648
1072564816
1610612736
1071453095
0
1071089253
3221225472
1072322640
536870912
1072384682
1610612736
1071022248
0
1072415410
3221225472
1069567322
0
1071227504
1073741824
1070268845
2147483648
1071924481
536870912
1072351669
2147483648
1072113903
2684354560
1072691218
2147483648
1070646785
1073741824
1070767944
3221225472
1071743624
1610612736
1072636360
2684354560
1071273347
2147483648
1069054383
0
1071707142
536870912
1067844900
0
1070059831
0
1071942177
3221225472
1072016172
0
1067131000
0
1070067766
2147483648
1071285597
0
1072575456
2684354560
1072339428
2684354560
1070401896
0
1072158695
3758096384
1069254809
0
1069622784
2147483648
1070670757
0
1070589096
0
1072024187
2684354560
1072554738
2147483648
1071907926
536870912
1071060612
0
1071653280
0
1072225706
2147483648
1072230805
2684354560
1072615499
1073741824
1071680825
2147483648
1072086451
2684354560
1072672785
3221225472
1072577083
536870912
1070272163
2147483648
1072456957
1073741824
1070976884
2147483648
1071445656
2147483648
1072415593
2147483648
1070099235
2147483648
1072425269
2684354560
1069934423
2147483648
1070071370
2147483648
1069933595
2147483648
1071365224
2147483648
1064874688
0
1071870962
3758096384
1071705737
0
1072529891
0
1072649768
1610612736
1072609989
0
1071878364
1610612736
1069603199
0
1071585538
0
1072502159
1610612736
1071732832
3221225472
1071667068
0
1070736734
0
1072243075
3758096384
1072302797
3221225472
1072223638
3221225472
1071738263
0
1071046480
0
1072428481
536870912
1069869056
2147483648
1070892442
2147483648
1070845043
3221225472
1070247232
0
1072086605
3758096384
1072012374
3758096384
1071840260
2684354560
1072040590
0
1071461100
1073741824
1072693247
2684354560
34
