Uvec
2226355706
1072295778
2684354560
1068937941
0
1067230612
0
1072639367
2147483648
1071896661
2684354560
1071586706
1073741824
1072642565
3221225472
1072158125
1073741824
1071738388
1610612736
1069674510
2147483648
1072121499
0
1070290389
0
1071004820
3221225472
1072658680
0
1066688212
0
1071130895
0
1070903956
0
1064500352
0
1070085438
0
1072055903
1073741824
1072327775
536870912
1071303595
1073741824
1071205275
3221225472
1070956022
1073741824
1071035196
1073741824
1070088638
2147483648
1071673586
1610612736
1072586794
536870912
1071903681
2684354560
1070170818
2147483648
1070037127
0
1071074837
1073741824
1068976984
0
1070845123
3221225472
1071901715
1610612736
1071023731
2147483648
1072345653
1073741824
1072192311
3758096384
1072211110
3758096384
1072533385
2147483648
1071681679
0
1071789581
2147483648
1072341890
2147483648
1072344972
3221225472
1066383960
0
1068424582
0
1071933991
2147483648
1071792913
2684354560
1070424962
0
1072131816
536870912
1071391756
2147483648
1072447659
2684354560
1068498278
0
1070371916
0
1072163756
3758096384
1072436110
3758096384
1070769799
2147483648
1071376055
3221225472
1072419038
2684354560
1072009821
3221225472
1071483590
1073741824
1072187377
1610612736
1069289442
0
1072339682
2147483648
1068947776
0
1071012535
3221225472
1072251262
1073741824
1071120635
0
1071749199
0
1072258389
2147483648
1071095866
0
1071872676
2147483648
1072275150
2684354560
1072304656
3758096384
1070151077
0
1070107565
0
1071930380
536870912
1071706305
1073741824
1070910245
3221225472
1071942855
1610612736
1070620709
3221225472
1070611721
3221225472
1069835321
0
1072383125
3221225472
1072388290
536870912
1070887179
0
1070876886
0
1072287724
3758096384
1071656301
3758096384
1072141769
536870912
1071956203
1073741824
1072019351
536870912
1069837983
0
1072166186
1073741824
1071862781
2684354560
1067147276
0
1069111787
0
1071456121
3221225472
1071461100
1073741824
1072693247
2684354560
94
