Uvec
2226355706
1071249453
0
1071436313
2147483648
1072271832
2684354560
1069837863
0
1072523861
2684354560
1071525449
0
1070434226
0
1071193468
1073741824
1070520443
2147483648
1072516936
3758096384
1072676890
3758096384
1072096686
1610612736
1072125203
2147483648
1070844191
0
1070884169
2147483648
1070878688
1073741824
1071211262
1073741824
1067351544
0
1070092081
2147483648
1071412431
1073741824
1070520978
2147483648
1069954347
2147483648
1070759750
0
1068727212
0
1068098280
0
1072152520
536870912
1069770047
0
1072480014
3758096384
1071126515
2147483648
1069394100
0
1071950754
536870912
1072623962
1610612736
1071648217
536870912
1070267806
0
1071011526
3221225472
1070467200
0
1071925843
2684354560
1072110478
1610612736
1072331933
0
1071808010
3221225472
1070545643
2147483648
1071683637
2147483648
1071267143
0
1069991874
2147483648
1069234609
0
1071732177
0
1071867525
1610612736
1072281672
3758096384
1071719497
2684354560
1066561212
0
1072663867
3221225472
1072484134
2147483648
1072195101
1073741824
1071292449
3221225472
1071828576
3221225472
1071048840
0
1068728648
0
1071651586
2684354560
1070414782
2147483648
1069418306
0
1072065317
536870912
1071112369
3221225472
1071482025
0
1068202202
0
1071829416
0
1071442338
2147483648
1072026570
2147483648
1071574981
1073741824
1070921517
2147483648
1070213801
0
1072344253
536870912
1070142900
0
1069051781
0
1071096037
0
1070950246
0
1071283828
3221225472
1071731193
3758096384
1072251848
1073741824
1071686945
1610612736
1070996585
3221225472
1071424491
1073741824
1072070372
536870912
1068571759
0
1070613313
0
1070858789
0
1072680018
2684354560
1072173779
1073741824
1069645094
0
1072363034
3758096384
1071718850
0
1072650752
3758096384
1069333519
0
1071465313
0
1070594656
0
1072119892
3221225472
1070646393
3221225472
1070871607
1073741824
1070397040
0
1071461100
1073741824
1072693247
2684354560
33
