Uvec
2226355706
1071598740
3221225472
1069455831
0
1072041189
2147483648
1071717518
3221225472
1072390608
536870912
1072316417
2684354560
1071242906
1073741824
1071761514
2147483648
1071450082
3221225472
1072625503
2147483648
1072210016
1073741824
1072686724
3221225472
1072528008
2147483648
1072388988
1610612736
1071106338
2147483648
1069895135
2147483648
1068619342
0
1070824811
1073741824
1072361653
536870912
1072044791
0
1070185265
0
1071916729
2684354560
1072405760
1610612736
1072406151
1610612736
1072210719
1610612736
1070571040
2147483648
1069799193
2147483648
1071179259
3221225472
1071508023
1073741824
1072255244
2147483648
1072046994
1073741824
1072581620
536870912
1070713680
0
1070632898
3221225472
1072431859
3758096384
1072080671
1073741824
1072134562
2684354560
1072253709
2147483648
1071926952
3758096384
1072354831
2684354560
1071892993
1610612736
1071353393
0
1070881533
3221225472
1071886739
1073741824
1071523737
0
1068845459
0
1072332129
1610612736
1071204095
3221225472
1071598990
3221225472
1072165982
1073741824
1068618147
0
1071589880
3221225472
1072131944
2684354560
1071527426
1073741824
1067211080
0
1070817494
1073741824
1070679905
3221225472
1072637858
1610612736
1072089319
536870912
1066488032
0
1071957317
0
1072318816
3221225472
1069780899
0
1071533989
3221225472
1072106664
536870912
1071076850
3221225472
1071692267
1073741824
1070442210
0
1071654183
3758096384
1060026880
0
1069973144
2147483648
1072563107
1610612736
1072026372
2147483648
1072600875
1610612736
1070894264
1073741824
1072236141
3758096384
1072680462
1610612736
1072245554
2147483648
1068166210
0
1072114496
536870912
1071145774
2147483648
1068795591
0
1070788644
2147483648
1072352661
2684354560
1072565845
2147483648
1070954726
0
1066919228
0
1072515154
2684354560
1071564290
2147483648
1070415387
0
1071725089
0
1072413287
2684354560
1072608350
536870912
1070731933
3221225472
1069047752
0
1072434592
0
1071961494
3758096384
1071136073
0
1071461100
1073741824
1072693247
2684354560
14
