Uvec
2226355706
1072639636
1073741824
1068514109
0
1071154482
0
1069428161
0
1069734649
2147483648
1072547550
2147483648
1072004672
2684354560
1071703519
1073741824
1070500105
0
1072625552
2147483648
1070437554
2147483648
1070386393
2147483648
1070854281
2147483648
1071689641
1073741824
1066465356
0
1070218577
2147483648
1071749690
536870912
1071708780
1073741824
1071099816
1073741824
1069403448
0
1072197185
2684354560
1072653853
536870912
1071142738
0
1072618617
3758096384
1071887113
3221225472
1071317883
0
1072098506
1610612736
1072078327
2147483648
1071820384
2684354560
1071496889
3221225472
1072481463
1073741824
1071112847
1073741824
1069889566
0
1072032813
1073741824
1070506570
0
1072222433
1073741824
1072071640
1073741824
1072457071
536870912
1070004231
2147483648
1072523462
0
1069845745
0
1068838318
0
1072602774
2147483648
1071734160
1073741824
1072119710
1610612736
1071688894
3221225472
1072154411
536870912
1071969076
0
1071325894
1073741824
1071699565
1610612736
1071521903
1073741824
1072492019
1073741824
1072146873
2147483648
1072422649
2147483648
1072540836
0
1068300320
0
1067836884
0
1072506225
3221225472
1067532794
0
1072129688
1610612736
1068060950
0
1071543659
3221225472
1070688358
3221225472
1071450772
2147483648
1071991429
0
1071629581
2147483648
1069815697
2147483648
1072287656
2147483648
1071997283
2147483648
1072248268
3221225472
1072522031
2684354560
1071877225
3221225472
1070552070
2147483648
1069952912
0
1068362898
0
1071702081
3758096384
1070189817
2147483648
1070759578
3221225472
1070649673
0
1072389349
2684354560
1071067966
3221225472
1071646969
3758096384
1072034748
3221225472
1071949713
3221225472
1071969328
1073741824
1071223379
1073741824
1072204906
0
1071195256
0
1071959707
3758096384
1070101027
0
1071653628
1073741824
1072653273
3221225472
1070517819
2147483648
1071930191
0
1067782678
0
1072557541
3758096384
1072494378
2147483648
1071334602
1073741824
1071461100
1073741824
1072693247
2684354560
63
