Uvec
2226355706
1072072186
536870912
1071883936
1073741824
1071998324
2147483648
1071505612
1073741824
1072629631
1073741824
1072571106
1610612736
1069604490
2147483648
1070835070
0
1072253041
1610612736
1067947054
0
1071958970
3221225472
1071318198
1073741824
1072513540
3221225472
1072074054
3221225472
1072684780
3221225472
1070987383
3221225472
1070812053
0
1069865108
0
1071184626
0
1072210050
536870912
1071023786
1073741824
1069289659
0
1071857979
3221225472
1072662576
1610612736
1071136649
2147483648
1071298846
1073741824
1072322706
3758096384
1070862179
1073741824
1070705431
1073741824
1072197335
1610612736
1069995344
0
1072647573
1610612736
1070326029
2147483648
1072239528
0
1068354132
0
1071678032
3758096384
1071383744
2147483648
1068935335
0
1069713420
0
1071759429
3221225472
1070806262
2147483648
1070292657
0
1071757878
3221225472
1072149737
3221225472
1072332632
1073741824
1072307431
3221225472
1072148842
2147483648
1072394442
2684354560
1071878134
536870912
1072449582
3221225472
1071511404
1073741824
1070683226
0
1070369895
0
1071985679
2684354560
1070825119
2147483648
1071147256
1073741824
1068823911
0
1072556868
2147483648
1070441353
2147483648
1071662070
1610612736
1072018965
0
1069181123
0
1072674947
3758096384
1072072825
536870912
1071873636
3221225472
1072155032
1610612736
1070620217
3221225472
1072372246
2147483648
1071951614
0
1066582096
0
1069847861
0
1071840100
1073741824
1072048091
3758096384
1071427519
2147483648
1071822194
2684354560
1070614682
1073741824
1071568109
0
1071300183
3221225472
1070778723
0
1068481472
0
1071359566
3221225472
1071558443
2147483648
1069767062
2147483648
1071971780
3221225472
1070463695
2147483648
1070508025
2147483648
1071122938
1073741824
1072645969
2147483648
1070515227
0
1069183675
0
1072610396
3758096384
1071727996
2684354560
1069904924
2147483648
1071971042
0
1071777535
2147483648
1069086771
0
1072687568
1610612736
1071457062
3221225472
1071461100
1073741824
1072693247
2684354560
92
