Uvec
2226355706
1071704219
1073741824
1072671794
3758096384
1070587032
2147483648
1072083370
0
1072496824
3221225472
1072460520
1073741824
1071897835
1610612736
1072560212
1610612736
1070731517
2147483648
1072280318
2684354560
1071664622
2147483648
1071868477
3221225472
1069893442
0
1070554296
2147483648
1070872595
0
1070840104
3221225472
1072347024
0
1071822788
536870912
1069738414
0
1072081101
0
1069311447
0
1071520249
1073741824
1071731942
536870912
1069937887
2147483648
1069408901
0
1071887086
3221225472
1066135768
0
1072259293
0
1070933856
0
1070669254
0
1070778552
1073741824
1072236561
3758096384
1071769979
2147483648
1072038654
3221225472
1070641843
2147483648
1069982567
2147483648
1072565351
536870912
1070539164
0
1070929621
1073741824
1069995129
2147483648
1072200452
1073741824
1070782850
0
1071462601
0
1072035140
3758096384
1071109990
3221225472
1065159376
0
1069094014
0
1071483693
2147483648
1070302741
0
1070737449
1073741824
1072535003
3758096384
1062756416
0
1071498710
2147483648
1072132056
536870912
1071718388
1610612736
1072170233
2684354560
1069973377
2147483648
1070710581
0
1071604161
2147483648
1071287665
0
1072074103
1073741824
1072003216
0
1071731691
536870912
1069209697
0
1071794543
2684354560
1071849777
3758096384
1072081418
3758096384
1072273825
1610612736
1072186823
2147483648
1071962035
3221225472
1071583714
1073741824
1071479352
3221225472
1072021812
536870912
1071845079
1073741824
1070066115
2147483648
1071041907
0
1072304624
1610612736
1072672376
2147483648
1071518002
0
1071630328
1073741824
1071375050
3221225472
1072276036
2684354560
1072443765
3221225472
1067421456
0
1071885616
2684354560
1071908172
2684354560
1067892036
0
1069559951
2147483648
1070466989
2147483648
1069516517
0
1071771379
3221225472
1068292952
0
1072392031
0
1070144508
2147483648
1069305948
0
1068822196
0
1071868114
536870912
1071482398
2147483648
1071461100
1073741824
1072693247
2684354560
66
