Uvec
2226355706
1072320871
2147483648
1070138412
0
1072277909
536870912
1071585120
2147483648
1069987683
2147483648
1071715326
1073741824
1070911095
1073741824
1068547272
0
1071645378
1610612736
1071322450
0
1071723575
1073741824
1072589945
536870912
1071475217
1073741824
1072116344
2684354560
1069324742
0
1071954821
2147483648
1064583376
0
1071666072
0
1072161521
536870912
1072255054
0
1070610893
1073741824
1072230651
2147483648
1070912113
0
1072647936
3221225472
1072127710
3758096384
1072226567
1073741824
1072201733
2684354560
1070456874
0
1071242246
2147483648
1072168330
2147483648
1072201424
3221225472
1071163251
1073741824
1072539988
3758096384
1072380062
2147483648
1072147671
2684354560
1071271407
3221225472
1071016065
2147483648
1069877977
2147483648
1071906514
1073741824
1072497107
3221225472
1070444214
0
1071452010
3221225472
1071958351
536870912
1066772980
0
1072642729
3221225472
1072329200
1073741824
1072369767
1610612736
1071281490
0
1066929768
0
1070880136
3221225472
1070778638
1073741824
1072258748
1073741824
1072159768
536870912
1072192078
3758096384
1068235792
0
1072325761
3758096384
1071283895
3221225472
1069485866
0
1072291189
1073741824
1071987465
1073741824
1070078113
0
1072508733
536870912
1070695985
3221225472
1069321411
0
1072120015
3758096384
1071946320
3758096384
1069985576
2147483648
1072018109
536870912
1072608916
1610612736
1072045771
536870912
1072138782
0
1071563476
3221225472
1071287966
1073741824
1070290208
2147483648
1070720256
1073741824
1070960256
3221225472
1072293910
3758096384
1071904540
3221225472
1070956990
1073741824
1070785325
2147483648
1070373052
2147483648
1072295808
1610612736
1072289608
2684354560
1068017586
0
1072229640
1610612736
1067814448
0
1072079194
1073741824
1069816941
2147483648
1072240475
536870912
1072419889
536870912
1072575059
3221225472
1071902541
0
1072134527
2147483648
1069880272
2147483648
1072113738
1073741824
1072370993
3221225472
1071887152
1610612736
1071740605
536870912
1071461100
1073741824
1072693247
2684354560
54
