Uvec
2226355706
1067440472
0
1069898210
0
1069816121
2147483648
1070511028
0
1070605359
1073741824
1072298936
2147483648
1071109316
1073741824
1070801444
1073741824
1071732937
1610612736
1070299180
0
1072504604
3221225472
1070672433
2147483648
1068580209
0
1070678645
1073741824
1067755958
0
1071648239
2147483648
1072529785
2147483648
1072569851
1073741824
1072268774
2684354560
1072126567
2684354560
1069043839
0
1069350609
0
1071737761
1610612736
1071372339
3221225472
1071860815
3221225472
1070915714
0
1067996444
0
1071347623
2147483648
1070690990
1073741824
1072173250
2684354560
1071417214
2147483648
1072161537
1073741824
1070610425
0
1072324926
536870912
1070224231
0
1069914598
0
1070975643
1073741824
1071853966
536870912
1072207841
536870912
1069793875
2147483648
1072517624
1610612736
1072621044
3758096384
1071243471
0
1070767300
0
1072317553
536870912
1071884332
2684354560
1071751410
2684354560
1072321254
2684354560
1068135126
0
1070628149
2147483648
1072161371
2684354560
1072175221
1073741824
1070229364
2147483648
1072153673
3221225472
1070508273
0
1070498555
2147483648
1070764083
1073741824
1071583223
3221225472
1072627760
1073741824
1070614951
0
1071253917
1073741824
1072013055
3758096384
1072392793
3758096384
1067911762
0
1071613431
2147483648
1072079129
0
1072334237
3758096384
1072209470
0
1071422802
3221225472
1071237882
0
1068259270
0
1071007137
2147483648
1068095764
0
1069728764
2147483648
1070810666
2147483648
1070868814
3221225472
1071857752
0
1069565676
0
1072458352
3221225472
1069676666
0
1069782642
0
1071907069
536870912
1072035756
2684354560
1068996218
0
1072488561
1610612736
1071945129
3221225472
1072601962
1073741824
1070880609
1073741824
1072438577
1073741824
1069442661
0
1072316125
0
1069537807
0
1071317680
3221225472
1070774858
1073741824
1070372329
2147483648
1071453608
3221225472
1072074646
0
1069747639
2147483648
1071461100
1073741824
1072693247
2684354560
77
