Uvec
2226355706
1071255594
2147483648
1070975237
1073741824
1071366933
3221225472
1072322415
3221225472
1071269795
3221225472
1070773589
1073741824
1072249448
1610612736
1069807623
2147483648
1070846769
0
1072590638
536870912
1069127117
0
1070294747
0
1072190873
3758096384
1071005346
3221225472
1071867128
536870912
1072012340
3758096384
1070702537
3221225472
1071064749
2147483648
1069875144
2147483648
1071666228
3221225472
1071927485
0
1070178448
0
1071831673
3221225472
1071379477
0
1072410139
2684354560
1068512887
0
1072197421
1073741824
1070820998
2147483648
1072463844
3221225472
1070345542
2147483648
1072300612
3758096384
1070580477
2147483648
1070195466
2147483648
1067572908
0
1072522676
536870912
1072228604
0
1066396344
0
1072620562
1610612736
1072402720
2147483648
1072395109
1073741824
1072588007
2147483648
1071896767
3221225472
1070561370
0
1072094167
2684354560
1072142689
3758096384
1072052690
3221225472
1067922264
0
1070703691
3221225472
1072593295
3221225472
1070930187
2147483648
1071396674
1073741824
1069560013
0
1071866018
1610612736
1072080231
3221225472
1069799726
0
1068586880
0
1072416530
0
1070538953
2147483648
1071338150
0
1071202991
1073741824
1072218972
3221225472
1071849628
3221225472
1071922684
1610612736
1072532327
3221225472
1069995792
2147483648
1070001177
0
1071572986
1073741824
1071323016
3221225472
1066999952
0
1068421578
0
1071934299
536870912
1071759483
2684354560
1071960769
1610612736
1071234882
1073741824
1072405161
2684354560
1066346712
0
1071323533
2147483648
1072323187
3758096384
1072382129
0
1072077164
2684354560
1071176535
2147483648
1072063639
2684354560
1072212078
536870912
1070874456
1073741824
1069527515
0
1071824325
1073741824
1070830040
2147483648
1068985736
0
1071883270
3758096384
1072639969
1073741824
1072038708
1073741824
1071803269
1610612736
1068731126
0
1070294586
2147483648
1072501647
1610612736
1070862226
1073741824
1072176840
3221225472
1072494782
3221225472
1071461100
1073741824
1072693247
2684354560
86
