Uvec
2226355706
1072186422
536870912
1071632845
0
1072136739
2684354560
1071888898
3221225472
1069834646
0
1070979872
2147483648
1072633371
536870912
1072388584
3758096384
1071916774
3758096384
1072401963
0
1071512189
3221225472
1068051776
0
1072279057
1610612736
1070851224
3221225472
1063187008
0
1072235256
1073741824
1071970555
3221225472
1070748036
3221225472
1072349887
3758096384
1067743486
0
1070346682
0
1070795208
1073741824
1071676923
3221225472
1070826837
1073741824
1070621062
3221225472
1072420091
1073741824
1072411167
536870912
1072692010
2147483648
1072138044
2147483648
1067216936
0
1072145539
0
1068658310
0
1072183891
2147483648
1071880419
2684354560
1071677902
2684354560
1069097387
0
1071741386
2147483648
1069177029
0
1072586265
1610612736
1070808511
2147483648
1070596619
1073741824
1068425042
0
1070887583
0
1064930880
0
1072442612
1073741824
1072641022
3221225472
1070744361
2147483648
1064028000
0
1071022369
1073741824
1072030865
1073741824
1072091042
2684354560
1069694858
0
1071652779
3221225472
1069834673
2147483648
1072028037
2684354560
1071421603
3221225472
1072010225
536870912
1070629068
0
1072669687
1610612736
1072093235
3758096384
1072394273
1073741824
1070588363
0
1072179840
0
1072520102
536870912
1072299537
3221225472
1070182227
0
1070703091
1073741824
1069677831
2147483648
1071573779
2147483648
1071188394
0
1072407102
1610612736
1069867346
2147483648
1071765779
2147483648
1070193224
0
1071615055
0
1072126200
1610612736
1069241188
0
1070158804
2147483648
1072595572
1610612736
1072417287
2147483648
1072127764
2147483648
1071982589
3758096384
1067291504
0
1071999542
1073741824
1072084395
0
1071970043
3758096384
1071904469
2147483648
1068399254
0
1072080169
536870912
1070328630
0
1071154611
0
1072047105
536870912
1071426867
0
1070973119
0
1070517634
2147483648
1072132112
1073741824
1067329320
0
1072434902
2684354560
1071461100
1073741824
1072693247
2684354560
30
