Uvec
2226355706
1072182769
2684354560
1071526522
2147483648
1072092385
3758096384
1071166409
0
1069516420
0
1071929888
1610612736
1071488072
3221225472
1070893874
3221225472
1068221208
0
1072525916
2147483648
1066909532
0
1072590255
536870912
1069441165
0
1071686244
0
1072470773
1073741824
1068357962
0
1072257859
1073741824
1072105431
536870912
1072444445
1610612736
1071414693
0
1068806765
0
1072183735
3758096384
1072303817
3758096384
1070036200
2147483648
1072644342
1073741824
1068212884
0
1070846403
2147483648
1069717547
2147483648
1072400507
536870912
1070230264
0
1070694884
1073741824
1069834716
2147483648
1071906426
3758096384
1070033340
0
1069299768
0
1072645759
3221225472
1070935383
3221225472
1071198512
2147483648
1072167003
3221225472
1070689684
1073741824
1072340494
3221225472
1072434682
536870912
1071289027
2147483648
1070115289
0
1072337289
1610612736
1072388474
3758096384
1071800600
2147483648
1071735845
3758096384
1070808963
3221225472
1072432449
1073741824
1072628676
3221225472
1071140431
2147483648
1070682283
1073741824
1072502302
1073741824
1071896484
1610612736
1072678691
1610612736
1071776825
0
1072109392
1610612736
1071678445
2684354560
1071608937
0
1065050160
0
1072353984
0
1070874281
2147483648
1072533352
536870912
1072237187
536870912
1071503568
0
1071000595
3221225472
1068869021
0
1071801576
1610612736
1069240041
0
1069372631
0
1070635220
1073741824
1071849508
2684354560
1070183439
0
1072368911
0
1070448388
0
1070092766
0
1071400793
1073741824
1071461456
1073741824
1069370074
0
1071228014
3221225472
1072573386
3758096384
1067910984
0
1070684975
3221225472
1072394637
3758096384
1072159387
2684354560
1071673226
1610612736
1072215699
536870912
1070039279
0
1072040806
2147483648
1070329617
0
1072130001
3221225472
1072469245
1610612736
1070241296
0
1071055616
3221225472
1071066291
0
1071048962
1073741824
1072567637
536870912
1071461100
1073741824
1072693247
2684354560
51
