Uvec
2226355706
1071947571
2684354560
1071624769
3221225472
1071222255
1073741824
1071090683
0
1072486158
1073741824
1071494354
0
1071245766
3221225472
1071307178
0
1068654192
0
1072587426
1610612736
1070302972
2147483648
1069243657
0
1072167070
1610612736
1069613268
0
1072162187
1610612736
1070995830
1073741824
1072023039
2684354560
1068224700
0
1072100870
536870912
1072316556
0
1071978189
2147483648
1072069218
2147483648
1072031674
3221225472
1072538628
1610612736
1072473812
1073741824
1072599393
2684354560
1069468093
0
1068812099
0
1071647919
3758096384
1071800583
0
1072403123
3221225472
1069445187
0
1068864796
0
1072317112
2147483648
1072384421
536870912
1071166854
2147483648
1071419312
1073741824
1072149413
1610612736
1072302591
0
1068303316
0
1071472028
1073741824
1069675494
0
1070685302
1073741824
1068990632
0
1072261589
0
1069406345
0
1070195428
0
1071914392
1610612736
1070881845
3221225472
1072472355
2684354560
1071111501
3221225472
1072462314
1073741824
1066294104
0
1071961812
1610612736
1071735128
536870912
1070068553
0
1071438522
2147483648
1071132875
1073741824
1069225208
0
1072577230
3758096384
1067012688
0
1071624873
3221225472
1070869654
1073741824
1071877968
1073741824
1071740556
3221225472
1070601972
0
1072343205
536870912
1070856011
2147483648
1071938959
1610612736
1071209749
3221225472
1072115775
0
1071806720
3221225472
1067028864
0
1072626787
0
1070985708
2147483648
1070796250
2147483648
1072170206
0
1072591923
1073741824
1072053294
2147483648
1072607543
2147483648
1072614514
2684354560
1071664207
3221225472
1072548956
1610612736
1071965275
3221225472
1071104446
0
1072418385
0
1072515975
536870912
1071614955
3221225472
1072384950
3221225472
1071698873
2147483648
1072424754
0
1072543553
2684354560
1071892370
0
1070661649
0
1071695281
536870912
1072413413
3758096384
1072293780
2147483648
1072161746
1073741824
1071461100
1073741824
1072693247
2684354560
16
