Uvec
2226355706
1071760375
3758096384
1070277955
0
1071165007
0
1071872634
536870912
1069676203
0
1072467019
536870912
1072615544
1610612736
1070882407
0
1072114058
1073741824
1072436928
1073741824
1070769633
3221225472
1072082511
536870912
1071068382
1073741824
1066443472
0
1071782361
1610612736
1072612297
2147483648
1069948046
0
1072456446
2684354560
1070872882
0
1069890400
2147483648
1072277838
3758096384
1071799358
1610612736
1071977351
2147483648
1067587898
0
1070606366
3221225472
1072042821
1073741824
1069671015
0
1069520613
0
1069563078
0
1070573255
2147483648
1071131799
3221225472
1069744444
0
1069236452
0
1072498806
536870912
1072473697
3758096384
1071420152
0
1072538663
3221225472
1072187085
1610612736
1072633259
2147483648
1069119222
0
1072476476
3221225472
1071751937
2684354560
1069582570
0
1071615542
0
1072090128
2684354560
1072562519
2147483648
1071942105
2684354560
1069062642
0
1072246049
2147483648
1071653565
1610612736
1072465300
2684354560
1071743033
3758096384
1068128120
0
1069981648
0
1069947632
2147483648
1069583940
0
1072558935
1073741824
1072339275
2684354560
1069721907
0
1068778816
0
1070561858
2147483648
1072572318
2684354560
1070229108
2147483648
1069907786
2147483648
1069689721
0
1068997573
0
1069783693
2147483648
1070544057
2147483648
1070858306
2147483648
1070792517
2147483648
1071802262
0
1071927675
2147483648
1070330096
0
1070253577
0
1069587061
0
1071241822
3221225472
1070311242
0
1072444898
3221225472
1071732681
536870912
1065528112
0
1069837924
0
1069790537
2147483648
1072049678
2147483648
1072442663
536870912
1071380848
3221225472
1071156223
1073741824
1071898392
0
1068020050
0
1069359859
0
1071128095
0
1071549794
0
1068196710
0
1071581648
3221225472
1066000688
0
1072364883
3221225472
1072633110
1073741824
1071482830
2147483648
1069490348
0
1071461100
1073741824
1072693247
2684354560
38
