Uvec
2226355706
1071999372
1610612736
1071028094
0
1070616033
2147483648
1072445398
2147483648
1072150758
2147483648
1072440909
2147483648
1071107659
3221225472
1071346546
2147483648
1072491531
1610612736
1072230365
2684354560
1069865433
0
1072165910
2147483648
1069744797
2147483648
1070564294
0
1071850753
3221225472
1071931774
536870912
1072031611
3221225472
1071224077
3221225472
1072352195
3221225472
1068000186
0
1070964374
3221225472
1072096215
0
1071858452
0
1070676694
3221225472
1071908202
0
1072402226
2684354560
1072282123
2684354560
1071896022
1610612736
1072391814
536870912
1070486263
2147483648
1071928973
3758096384
1071659089
1610612736
1067906054
0
1072349689
536870912
1069405004
0
1070549515
2147483648
1072515084
2147483648
1071806200
536870912
1067923676
0
1071967976
2147483648
1070226453
0
1071917813
2684354560
1070438889
2147483648
1070540787
2147483648
1072314667
3221225472
1070656020
2147483648
1072607090
3758096384
1071498181
2147483648
1069869618
0
1070933529
3221225472
1071133975
3221225472
1069314228
0
1071914418
3221225472
1070869613
0
1072237792
1073741824
1072347698
536870912
1071120181
3221225472
1070470813
0
1072495942
3221225472
1071967475
3758096384
1067198472
0
1069844124
0
1072344566
2147483648
1070461516
0
1071985969
536870912
1070017277
0
1071076726
1073741824
1072673828
0
1072059165
1610612736
1070773545
0
1072243627
3758096384
1071913067
3758096384
1072129653
1610612736
1069681088
2147483648
1071758625
3758096384
1072099832
2147483648
1071032727
1073741824
1071841796
2147483648
1070368356
2147483648
1071917607
2147483648
1071901898
1610612736
1066938684
0
1071208806
3221225472
1071073122
1073741824
1070191495
2147483648
1071462585
3221225472
1068111814
0
1071033854
0
1071654975
2147483648
1071075108
3221225472
1070849582
2147483648
1068404490
0
1072410970
2147483648
1072334036
1610612736
1068810797
0
1070775791
1073741824
1072176770
0
1071421637
2147483648
1071461100
1073741824
1072693247
2684354560
10
