Uvec
2226355706
1071431083
1073741824
1072663880
1073741824
1070761524
3221225472
1071832848
1073741824
1069013190
0
1067719860
0
1069573545
2147483648
1069439450
0
1072239642
1073741824
1072437114
1073741824
1070104492
2147483648
1072623418
536870912
1068804463
0
1072122418
0
1070972743
1073741824
1072594855
0
1070618828
3221225472
1071771494
0
1070718333
1073741824
1071683867
1073741824
1070652001
1073741824
1070940920
3221225472
1070569076
0
1071674466
1610612736
1070711272
2147483648
1070971605
1073741824
1071947606
1073741824
1072107190
0
1070953700
1073741824
1071428624
1073741824
1068644042
0
1072149507
1610612736
1071739356
3221225472
1072421300
3758096384
1071766116
2147483648
1071827756
3758096384
1071361490
2147483648
1072346115
536870912
1072191091
0
1072316808
536870912
1068890854
0
1069792474
0
1071826558
2684354560
1071608722
0
1071184612
3221225472
1072329431
536870912
1072306382
0
1072429855
536870912
1072225863
3221225472
1072032424
0
1069013441
0
1068743830
0
1070153239
2147483648
1068446276
0
1069913506
0
1072237336
1610612736
1072543479
3221225472
1071850305
2147483648
1069392668
0
1072146994
2147483648
1069972583
2147483648
1070204428
0
1072506852
2147483648
1071887376
1610612736
1071726349
2147483648
1071333550
1073741824
1071827911
536870912
1072160224
2147483648
1071263394
3221225472
1071178975
1073741824
1072628553
536870912
1069473130
0
1070616345
0
1069371007
0
1070159304
0
1071813172
1073741824
1070682703
1073741824
1070631191
2147483648
1071508907
2147483648
1067912472
0
1070153902
0
1069786705
0
1070874273
0
1070825398
1073741824
1071122399
0
1071627884
2147483648
1072456754
2684354560
1071343158
3221225472
1068189172
0
1071531458
2147483648
1071998566
536870912
1072026007
1073741824
1071753964
536870912
1072381946
0
1072546612
2147483648
1069903975
0
1072145087
2684354560
1071212847
3221225472
1071461100
1073741824
1072693247
2684354560
48
