Uvec
2226355706
1072488809
3221225472
1072132978
2147483648
1071947813
2147483648
1070231963
2147483648
1071810180
1610612736
1072600162
536870912
1069528084
0
1071191234
2147483648
1071577509
2147483648
1071123974
0
1072301302
1073741824
1069917534
0
1072163045
536870912
1068734201
0
1072399959
0
1072107429
536870912
1068511036
0
1071167798
1073741824
1071970759
3758096384
1072341717
1610612736
1071561637
2147483648
1069637261
0
1071289747
0
1071601471
2147483648
1071586912
3221225472
1070119938
2147483648
1072416321
0
1072663504
2684354560
1072164676
0
1072457481
0
1072219553
3221225472
1071458559
1073741824
1072595944
0
1071509289
3221225472
1071578394
0
1070664192
0
1072656051
1073741824
1070722130
3221225472
1072493998
2147483648
1067903066
0
1068522718
0
1069467541
0
1070186859
0
1071661134
536870912
1071514258
0
1070086261
2147483648
1070275946
2147483648
1071632123
3221225472
1071606666
0
1070615806
0
1069256675
0
1072177131
1073741824
1071839841
2147483648
1068116090
0
1072000630
1073741824
1072279408
1073741824
1072583537
2147483648
1069440539
0
1069437169
0
1071666005
1073741824
1072225061
0
1070718399
3221225472
1070876364
2147483648
1069418640
0
1072154503
3221225472
1071910365
3221225472
1071875944
3758096384
1069909593
0
1070820594
0
1072341202
2684354560
1071410916
2147483648
1069272667
0
1072458885
2684354560
1069743363
0
1071529302
1073741824
1069348362
0
1070164345
2147483648
1068530122
0
1071411068
2147483648
1071389831
1073741824
1072158356
1073741824
1071812727
3758096384
1072086097
536870912
1065983992
0
1072039387
536870912
1072688156
1073741824
1072130282
3758096384
1072249373
3221225472
1071288726
1073741824
1072238827
3221225472
1070972401
0
1070036935
2147483648
1072076539
3221225472
1072173189
1610612736
1070098060
0
1071557902
3221225472
1071390761
2147483648
1069703094
0
1071461100
1073741824
1072693247
2684354560
49
