Uvec
2226355706
1071786166
536870912
1070111499
2147483648
1072530406
0
1070140402
0
1070603053
2147483648
1068461228
0
1072023593
0
1072181656
536870912
1071051598
2147483648
1072580114
0
1072419860
2684354560
1068937257
0
1071955914
1073741824
1072327284
3758096384
1065786472
0
1068207252
0
1071901754
2684354560
1070250903
0
1072120130
2684354560
1069396718
0
1069039978
0
1072655662
3221225472
1072509797
0
1069894035
2147483648
1071255064
2147483648
1070632859
3221225472
1069780024
2147483648
1070947670
2147483648
1071609669
0
1072011845
0
1069931535
0
1070608441
0
1069710939
2147483648
1071235138
2147483648
1062343360
0
1072439697
2147483648
1069962635
0
1070780495
3221225472
1069772788
0
1072350848
1610612736
1070383742
2147483648
1069673598
0
1069555709
2147483648
1068784839
0
1070503178
2147483648
1072636609
2684354560
1065700192
0
1070820659
1073741824
1072500302
3221225472
1071755230
2147483648
1069029944
0
1071064732
0
1070263422
0
1071306743
2147483648
1068527267
0
1070766144
2147483648
1071488027
1073741824
1071814338
2147483648
1070590174
0
1068802559
0
1069351430
0
1072347979
3758096384
1070362873
0
1071981643
0
1071185507
2147483648
1071655048
1610612736
1071699985
536870912
1067961872
0
1072141935
1073741824
1069754947
0
1072085332
536870912
1071710826
1610612736
1072460743
3758096384
1071198514
1073741824
1071582064
3221225472
1072509985
1610612736
1069561344
2147483648
1072433607
2147483648
1068732352
0
1071276550
3221225472
1072471745
1610612736
1071074609
1073741824
1071906420
3221225472
1072016290
0
1071844251
1073741824
1071682118
2147483648
1069082287
0
1071143998
1073741824
1072052892
3758096384
1072248042
1073741824
1071297224
0
1068355768
0
1071864530
3758096384
1072518204
0
1070756873
2147483648
1071819748
536870912
1072456022
1073741824
1070826985
3221225472
1071461100
1073741824
1072693247
2684354560
78
