Uvec
2226355706
1071586966
1073741824
1072465544
3221225472
1072475630
1610612736
1072342311
0
1069425450
0
1071956668
0
1072638340
1610612736
1071705056
2684354560
1070194778
0
1071652159
1073741824
1072008845
1610612736
1071713294
2147483648
1071166831
0
1069694496
0
1072284101
2147483648
1071108918
1073741824
1072015697
1610612736
1071966101
3221225472
1069070058
0
1071715273
1073741824
1071977302
2684354560
1071046492
3221225472
1070886990
1073741824
1071785406
2147483648
1068937022
0
1071361228
1073741824
1068426084
0
1069635483
0
1071714835
3221225472
1072140489
3758096384
1067896446
0
1070630294
1073741824
1071797010
1610612736
1071441763
2147483648
1072229220
0
1071272576
3221225472
1069607155
0
1072003074
3758096384
1072531604
1073741824
1071794053
3758096384
1071872358
2147483648
1069702087
0
1069035084
0
1069424519
0
1071932933
3758096384
1069383015
0
1071827054
2147483648
1071169282
2147483648
1071996942
536870912
1068760540
0
1072617210
1610612736
1065556944
0
1072217374
3758096384
1071796360
3758096384
1072403231
3758096384
1072329712
3758096384
1070882094
1073741824
1071877019
2684354560
1070794852
3221225472
1070932979
2147483648
1072333103
1610612736
1069974562
0
1067947938
0
1071928497
2147483648
1072013756
3221225472
1071262966
3221225472
1069718472
2147483648
1069603610
0
1071804157
3221225472
1071890153
1073741824
1070193988
0
1069165395
0
1072024219
3221225472
1069063757
0
1072217672
2147483648
1072193828
3758096384
1071047440
2147483648
1071880900
2684354560
1071910609
536870912
1071010908
3221225472
1072430393
1610612736
1070985786
3221225472
1072566603
536870912
1071011085
0
1070077812
2147483648
1070532523
0
1071700386
2147483648
1069059677
0
1071645521
0
1072135251
3758096384
1070593269
0
1071688100
536870912
1070192255
2147483648
1071958783
1610612736
1071498186
3221225472
1072122340
2684354560
1072563870
3758096384
1068732646
0
1071461100
1073741824
1072693247
2684354560
30
