Uvec
2226355706
1071990710
536870912
1072668457
1610612736
1069199284
0
1072013015
2147483648
1070088645
0
1071957905
536870912
1071861658
3758096384
1071924747
2147483648
1072460686
3221225472
1072540642
2684354560
1071823912
1073741824
1070890290
1073741824
1070374099
2147483648
1072168733
3758096384
1066565760
0
1069003735
0
1070293722
0
1071857726
3221225472
1071322387
1073741824
1071923039
3221225472
1072111676
1610612736
1070480454
2147483648
1072388918
2684354560
1072445855
3221225472
1070948641
0
1070798757
3221225472
1071028018
2147483648
1072548382
0
1070623631
0
1070889828
3221225472
1072008943
3221225472
1072090839
1073741824
1072681297
2147483648
1072650423
2684354560
1072020070
3758096384
1071781762
0
1072220779
1073741824
1071348820
1073741824
1072042093
0
1071571918
3221225472
1071275629
1073741824
1071580054
0
1072352478
0
1071189272
3221225472
1070718002
3221225472
1072603049
1610612736
1071938025
1073741824
1071590959
3221225472
1072384308
2147483648
1072310570
536870912
1071839964
3758096384
1072192550
3221225472
1072476346
536870912
1072154272
3221225472
1072636429
536870912
1067395108
0
1072577328
1610612736
1071674127
0
1071478623
2147483648
1071731670
3221225472
1072140221
2147483648
1072000602
3758096384
1071067095
3221225472
1069037564
0
1072214060
1073741824
1071832734
3758096384
1071123078
0
1068344430
0
1072349169
1610612736
1070924310
2147483648
1070114092
2147483648
1071498066
1073741824
1072014046
3221225472
1069941284
0
1072680339
1610612736
1071735966
3221225472
1070484718
2147483648
1065261360
0
1072244887
2147483648
1072085419
3221225472
1071684322
1610612736
1071955425
3221225472
1072323942
0
1071417258
3221225472
1072230877
2147483648
1070795191
3221225472
1072612659
1610612736
1071929013
1073741824
1071902474
0
1072191408
2147483648
1065968760
0
1071778017
536870912
1072157361
3221225472
1071125471
0
1071836942
1610612736
1071503660
2147483648
1071317411
3221225472
1072385910
3221225472
1071461100
1073741824
1072693247
2684354560
5
