Uvec
2226355706
1072519581
0
1065189824
0
1072099118
3221225472
1071675135
536870912
1071846151
3221225472
1069054008
0
1072424029
0
1071310726
2147483648
1070708590
3221225472
1071592692
1073741824
1072407769
2684354560
1071668758
3221225472
1070016729
2147483648
1071694315
3758096384
1072306299
2147483648
1069914142
2147483648
1067972340
0
1069961807
0
1072496823
2147483648
1072018866
2684354560
1066606416
0
1068370846
0
1071051627
1073741824
1072574170
3758096384
1071434172
0
1071250817
0
1072438945
536870912
1071872603
1073741824
1070610313
3221225472
1071914451
2684354560
1071219960
2147483648
1070665809
1073741824
1071162912
1073741824
1072105343
1610612736
1068391056
0
1071369055
1073741824
1068578632
0
1070769755
3221225472
1071745879
1073741824
1071764619
536870912
1070171310
0
1070346338
2147483648
1071911822
3758096384
1072511532
0
1066493600
0
1071190642
1073741824
1071167766
1073741824
1072006344
2684354560
1071162169
2147483648
1070452815
0
1071679703
2147483648
1070223169
0
1072686638
1073741824
1072512906
3758096384
1069858425
2147483648
1070903164
2147483648
1070386387
2147483648
1070717574
0
1067347500
0
1071238537
1073741824
1072157620
1073741824
1072327744
2147483648
1072066141
1073741824
1071847187
2147483648
1070792372
2147483648
1072539434
3221225472
1070308582
0
1071718710
1073741824
1071724695
2147483648
1070086088
0
1069774744
0
1072536477
1610612736
1069866996
2147483648
1072146238
2147483648
1072408436
2147483648
1069921080
0
1071074503
2147483648
1068745437
0
1069824938
0
1063778208
0
1069663593
2147483648
1072012358
1610612736
1072525002
0
1072688062
1610612736
1070489122
2147483648
1072325056
0
1071830060
536870912
1072431185
3221225472
1072435259
1610612736
1065938200
0
1072388293
0
1069712112
2147483648
1069867427
2147483648
1069887907
2147483648
1072473896
3758096384
1072162536
2684354560
1072163887
3758096384
1070001204
2147483648
1071461100
1073741824
1072693247
2684354560
88
