Uvec
2226355706
1072673322
536870912
1072273354
1610612736
1071445073
0
1070781232
1073741824
1068566185
0
1072504585
1073741824
1072354867
536870912
1070103687
0
1065809048
0
1071772717
536870912
1069173327
0
1067625622
0
1071901510
2684354560
1072598481
536870912
1072059523
0
1071902210
0
1071953942
2147483648
1072039841
2147483648
1066788288
0
1068496908
0
1070523692
0
1071202514
1073741824
1072429323
2684354560
1069612994
0
1063869536
0
1071697092
536870912
1068835397
0
1069984103
2147483648
1068928331
0
1072318250
3758096384
1071777477
3221225472
1069044589
0
1069830897
2147483648
1071706005
1610612736
1072558449
2684354560
1072259284
1073741824
1072047693
2147483648
1072524987
1610612736
1072508766
0
1071226429
2147483648
1064635712
0
1071893332
1610612736
1071715781
1073741824
1072457366
1610612736
1072022135
2147483648
1070896078
3221225472
1072660038
2684354560
1069720799
0
1071844717
1073741824
1072262527
3758096384
1070388195
2147483648
1072399672
536870912
1071788219
3758096384
1071074641
0
1072241430
1073741824
1069847281
0
1070928425
1073741824
1069913131
2147483648
1069371872
0
1072583227
3758096384
1071995881
0
1069924204
2147483648
1072537938
536870912
1071987226
536870912
1069723062
2147483648
1072293402
3221225472
1072508057
2147483648
1069507060
0
1072136953
536870912
1070776863
0
1070737965
1073741824
1067227092
0
1070067391
0
1070723548
0
1071991366
2147483648
1070601666
3221225472
1072579533
536870912
1072402841
3758096384
1072174948
2147483648
1071664502
1073741824
1071748075
2147483648
1066588816
0
1068775589
0
1070494779
2147483648
1071267899
2147483648
1072630320
0
1071974727
2147483648
1070438172
0
1070662037
2147483648
1072335603
3221225472
1071961591
1073741824
1071669453
3758096384
1068267202
0
1071120493
0
1070190774
0
1072305411
536870912
1070580878
2147483648
1072152854
2147483648
1071461100
1073741824
1072693247
2684354560
56
