Uvec
2226355706
1072184536
0
1071682967
3221225472
1067538838
0
1072306674
2684354560
1071812462
536870912
1072579105
2147483648
1071206528
3221225472
1071063727
0
1072019749
0
1069582420
2147483648
1071964225
3221225472
1070718196
0
1072050897
0
1072258237
0
1070909651
2147483648
1070777117
3221225472
1072516555
1073741824
1070727300
3221225472
1069763319
0
1071035159
0
1071920507
3221225472
1072176982
3221225472
1072012005
3221225472
1071813767
3758096384
1071395193
2147483648
1069546128
0
1065050480
0
1066896104
0
1071858850
1073741824
1072313896
2684354560
1071742312
0
1070817211
2147483648
1069975735
2147483648
1071471585
2147483648
1070011845
0
1071759578
3758096384
1066582884
0
1072206221
1073741824
1071141386
3221225472
1072567756
536870912
1071730478
3221225472
1069799084
2147483648
1071707453
0
1071665612
2147483648
1071887339
3758096384
1071795913
1610612736
1072012204
2684354560
1070856750
1073741824
1072083787
3758096384
1069857033
2147483648
1070340436
0
1068842355
0
1069102733
0
1070450872
2147483648
1071886661
0
1071258923
1073741824
1070348657
2147483648
1071360784
2147483648
1072084824
0
1072002845
2147483648
1071891850
0
1071804603
0
1071132777
2147483648
1070403801
2147483648
1071707822
0
1070177133
0
1069961468
0
1070616445
1073741824
1072212167
1073741824
1070808582
2147483648
1068452230
0
1067573438
0
1071977514
1610612736
1072377405
1610612736
1069785221
0
1071262892
3221225472
1068572545
0
1071980893
3221225472
1067493048
0
1072478479
1073741824
1072564521
2147483648
1071792397
1073741824
1071180955
1073741824
1072603249
3221225472
1071701093
0
1072479316
2147483648
1067143516
0
1071808566
3221225472
1071755702
2684354560
1071573345
1073741824
1071047225
2147483648
1072214648
2147483648
1069942456
0
1071124932
3221225472
1070688691
1073741824
1072558977
3221225472
1071770984
2684354560
1069886996
0
1071461100
1073741824
1072693247
2684354560
32
