Uvec
2226355706
1070334032
2147483648
1071948188
1073741824
1071775902
2147483648
1071167696
3221225472
1070234654
0
1068942570
0
1072289288
1610612736
1070934673
3221225472
1066743672
0
1072250179
3758096384
1070667065
3221225472
1072489445
3758096384
1070864664
3221225472
1072473939
0
1070710150
1073741824
1070231814
2147483648
1072409715
2147483648
1071193079
3221225472
1072301366
0
1070976734
3221225472
1069882700
0
1070011217
2147483648
1072191753
1073741824
1071487296
2147483648
1072645644
3221225472
1071677853
0
1067978366
0
1068707465
0
1070825762
2147483648
1069712879
2147483648
1072679136
2684354560
1067905654
0
1072353149
3221225472
1072074005
3758096384
1071832576
1610612736
1070744921
0
1072208162
3221225472
1071481904
0
1070990885
3221225472
1067622106
0
1070931349
1073741824
1068614851
0
1070065603
0
1069226400
0
1071956942
1073741824
1068612106
0
1071365374
1073741824
1072330784
3221225472
1069578354
2147483648
1072232094
3758096384
1070891182
2147483648
1071503116
0
1069758298
2147483648
1072473103
536870912
1072673296
1610612736
1071208379
3221225472
1070631723
0
1071726265
0
1072380021
2147483648
1071651269
536870912
1068232626
0
1069063907
0
1071852869
2684354560
1070388202
2147483648
1070552002
0
1071360869
2147483648
1069679782
0
1072093844
1610612736
1070968501
1073741824
1072349567
536870912
1069810937
2147483648
1069844282
0
1071816863
536870912
1070439428
0
1069262887
0
1071780226
0
1071977457
3221225472
1072194663
536870912
1072134894
2684354560
1068825302
0
1071999076
3221225472
1072617437
1073741824
1068003274
0
1072076122
2684354560
1072280475
3221225472
1070800241
3221225472
1071937903
1610612736
1072625787
1073741824
1066319464
0
1071804678
1610612736
1072429544
536870912
1071902831
1610612736
1068695970
0
1072485670
2684354560
1072467422
1610612736
1072210792
3221225472
1071520153
3221225472
1072521793
536870912
1071461100
1073741824
1072693247
2684354560
35
