Uvec
2226355706
1072606038
0
1072559524
2684354560
1070915255
1073741824
1070746535
2147483648
1071290624
1073741824
1072437769
3221225472
1070937925
0
1071815254
2147483648
1071231620
2147483648
1068931279
0
1071807962
536870912
1072653880
3221225472
1067478672
0
1071904871
1610612736
1071534238
3221225472
1070993256
1073741824
1069508499
0
1063794816
0
1072685429
3221225472
1071100884
3221225472
1072014721
3758096384
1070029488
2147483648
1070751730
1073741824
1069990685
2147483648
1071586811
2147483648
1072246796
1610612736
1071139817
0
1070908567
0
1072102042
2147483648
1072301930
2147483648
1071919036
2147483648
1069823979
0
1071714698
536870912
1069732748
0
1070534562
2147483648
1072458328
1073741824
1072482493
3758096384
1071391854
2147483648
1070388383
0
1070021686
0
1072276930
0
1071691792
0
1067408112
0
1072513234
2684354560
1070671681
0
1072036900
1610612736
1071746876
0
1071236477
0
1071690988
0
1072624403
3221225472
1070085773
2147483648
1072211621
0
1067799556
0
1070975441
3221225472
1072035448
3221225472
1071801049
2684354560
1071209037
3221225472
1071229822
2147483648
1072421209
536870912
1071966142
536870912
1070318510
2147483648
1068379948
0
1072451553
0
1072119666
1073741824
1071951038
0
1072198601
2147483648
1071683169
1073741824
1072565800
0
1070239015
2147483648
1072665576
1610612736
1072350435
1610612736
1071887449
1610612736
1071584553
3221225472
1069487000
0
1072507264
0
1069596212
2147483648
1071458894
0
1068953049
0
1071155107
3221225472
1071709487
3758096384
1072414030
2147483648
1072690985
2147483648
1069402836
0
1071835261
3758096384
1072669996
1073741824
1070089857
0
1069642645
0
1071235607
3221225472
1067100216
0
1071705514
3221225472
1072073752
1073741824
1069430358
0
1072218965
3221225472
1071787513
0
1070521848
0
1071777305
3221225472
1070777920
1073741824
1071699947
2147483648
1071461100
1073741824
1072693247
2684354560
54
