Uvec
2226355706
1068938362
0
1069868254
2147483648
1072222522
3221225472
1071149977
0
1072075518
2147483648
1071762252
3758096384
1072433545
3758096384
1071333514
3221225472
1072047085
3758096384
1072636589
2684354560
1071648452
3758096384
1071278936
2147483648
1069063756
0
1072454889
3758096384
1071801604
3758096384
1071854217
0
1072203563
1073741824
1072602380
2147483648
1070373444
2147483648
1068699390
0
1070901406
0
1068095886
0
1070625217
3221225472
1070751020
3221225472
1072336914
1610612736
1071872673
1610612736
1072084569
1610612736
1071617032
3221225472
1071777899
536870912
1072219671
2684354560
1072420196
1610612736
1072028077
0
1072127472
2147483648
1071877400
1610612736
1071396018
3221225472
1071280524
2147483648
1070249355
0
1072495212
3758096384
1068547797
0
1071488613
1073741824
1071426258
2147483648
1071831047
2147483648
1072468555
1073741824
1070771000
1073741824
1072167475
1073741824
1071952188
1610612736
1071159140
2147483648
1071203542
2147483648
1069396389
0
1072474264
1073741824
1071667757
536870912
1071880846
3758096384
1070223080
0
1071879913
536870912
1070658833
2147483648
1071465022
2147483648
1066347736
0
1071601894
3221225472
1070509555
2147483648
1068606034
0
1072454993
536870912
1068334990
0
1072180519
0
1071657302
2684354560
1067741618
0
1071769746
1073741824
1072245130
2147483648
1072060872
2147483648
1071422128
0
1069462503
0
1070964673
3221225472
1072319075
3221225472
1071516025
0
1071477658
2147483648
1066443168
0
1070416136
0
1072625749
3221225472
1071799936
0
1072043157
2147483648
1072006314
536870912
1071879006
2147483648
1069370940
0
1071893320
1610612736
1072055123
0
1072349509
536870912
1069291347
0
1070937894
2147483648
1070954005
2147483648
1072089482
2684354560
1072196884
3758096384
1070555178
2147483648
1072685201
3758096384
1071982051
3758096384
1071984135
2684354560
1070385952
2147483648
1064355312
0
1072688399
1073741824
1071690511
3758096384
1071461100
1073741824
1072693247
2684354560
96
