Uvec
2226355706
1069631354
0
1068399572
0
1072098099
3221225472
1070526898
0
1066691932
0
1071477232
3221225472
1070818420
3221225472
1072448490
536870912
1072020194
3758096384
1072391176
2147483648
1071744424
2147483648
1072199578
536870912
1071881373
2147483648
1070799862
2147483648
1072139130
1610612736
1072167136
1073741824
1071113758
3221225472
1071569334
0
1072131487
2147483648
1071645120
1073741824
1070596919
3221225472
1072219721
1610612736
1071400727
3221225472
1072003746
1073741824
1069470223
0
1070083096
0
1070542585
0
1071634640
1073741824
1071173463
3221225472
1072179846
0
1067744606
0
1071353111
3221225472
1071010181
2147483648
1071576933
2147483648
1072603805
3221225472
1065069872
0
1072210464
2684354560
1071821621
3758096384
1072374306
1610612736
1071268558
2147483648
1070208004
2147483648
1070779340
3221225472
1071014599
3221225472
1070910029
1073741824
1071878656
3221225472
1069769717
0
1072499349
0
1072259184
1610612736
1072418086
2684354560
1071203708
2147483648
1072390453
2684354560
1068854875
0
1072080352
3758096384
1070069130
2147483648
1071909130
536870912
1071646537
0
1071520210
1073741824
1071478103
2147483648
1072433056
2147483648
1072360054
2684354560
1068014256
0
1071076350
0
1071925000
1073741824
1070002756
0
1071116858
2147483648
1072671842
3758096384
1071798168
3758096384
1066457708
0
1069531447
0
1072363773
3758096384
1071861213
1073741824
1071813524
1610612736
1071074917
1073741824
1072385419
3221225472
1070927438
3221225472
1072123286
1073741824
1071569404
3221225472
1071353553
1073741824
1071764430
2684354560
1069500088
0
1072200048
1073741824
1072007329
1073741824
1071404041
2147483648
1071233702
3221225472
1071105677
1073741824
1071304206
2147483648
1071121107
0
1072608633
2684354560
1071912378
1610612736
1068631422
0
1070895076
1073741824
1072312415
2147483648
1071139779
0
1072615632
3221225472
1071490750
3221225472
1071502972
3221225472
1072282162
2147483648
1072144795
1073741824
1071461100
1073741824
1072693247
2684354560
73
