Uvec
2226355706
1072207280
3221225472
1070349843
2147483648
1072202672
2147483648
1071698078
3221225472
1071436262
2147483648
1071117015
2147483648
1071231109
3221225472
1072566160
3758096384
1072452510
1610612736
1071578666
2147483648
1072233478
3221225472
1068661902
0
1068269582
0
1071719309
536870912
1071849143
536870912
1072172522
536870912
1072260569
2684354560
1072312891
2147483648
1071655286
1073741824
1072329171
2684354560
1072455610
1610612736
1067789718
0
1071138964
2147483648
1071479678
0
1070691224
0
1069663946
2147483648
1072650554
3758096384
1069711506
0
1072062001
3221225472
1070744751
2147483648
1070921527
3221225472
1069104741
0
1072683850
3221225472
1071008769
3221225472
1065417200
0
1067451052
0
1069894842
2147483648
1072360492
536870912
1066435624
0
1069546718
0
1070873916
1073741824
1072525545
1073741824
1070855038
2147483648
1069646931
2147483648
1071985461
1610612736
1071954603
2684354560
1072639122
2684354560
1072297662
1073741824
1069316947
0
1072416565
3221225472
1072187501
2147483648
1071009380
1073741824
1071909168
536870912
1071765510
0
1071804499
1610612736
1071452871
1073741824
1071105851
0
1071270084
3221225472
1072105882
2147483648
1071388410
3221225472
1068718229
0
1070394454
2147483648
1072324117
3221225472
1071522772
0
1072461971
536870912
1071758867
1073741824
1071370355
0
1072367908
2684354560
1072128598
1073741824
1072208212
1073741824
1070597617
0
1072668413
536870912
1068530649
0
1069927838
2147483648
1069625802
2147483648
1072054524
3758096384
1072097906
2684354560
1072180269
1073741824
1072129192
3758096384
1068903966
0
1072519822
0
1068502303
0
1071985534
0
1072212337
1610612736
1069927072
2147483648
1071754298
2684354560
1071924821
0
1071974403
2684354560
1071636417
0
1072471742
2684354560
1072067989
2684354560
1072055063
0
1069744692
2147483648
1072539986
1073741824
1072073859
0
1070671400
1073741824
1071930545
2147483648
1070092124
0
1071461100
1073741824
1072693247
2684354560
44
