Uvec
2226355706
1071022537
0
1072306325
0
1071012216
0
1069259277
0
1070602849
3221225472
1071284086
1073741824
1071666455
1610612736
1072544382
2147483648
1071854119
2147483648
1072173512
3221225472
1072408139
2684354560
1071510876
1073741824
1065543600
0
1071008016
0
1067826524
0
1071700817
1610612736
1071111566
2147483648
1072693156
1073741824
1071807381
3758096384
1071756847
536870912
1072581496
3758096384
1069325657
0
1071616087
1073741824
1069918564
2147483648
1072268455
3221225472
1071903879
536870912
1071957788
2147483648
1071852893
2147483648
1072233616
536870912
1070522294
2147483648
1070076225
2147483648
1068737313
0
1070404036
0
1072193817
536870912
1071062994
2147483648
1070617256
2147483648
1059783680
0
1069577873
2147483648
1072152767
1610612736
1069727281
0
1072467698
2147483648
1072142322
2147483648
1069776066
2147483648
1070883078
0
1070774123
0
1072440510
3758096384
1072014242
2147483648
1070688978
2147483648
1072070313
3758096384
1070034086
0
1067856404
0
1070791924
3221225472
1071971970
1610612736
1069850060
0
1071348241
3221225472
1068246314
0
1070969396
0
1072637731
1073741824
1069890839
2147483648
1062607936
0
1071681346
3221225472
1068261988
0
1069112443
0
1070723214
0
1070940136
1073741824
1069768156
0
1070905420
3221225472
1072113504
3221225472
1069947876
2147483648
1069759274
2147483648
1071658763
1073741824
1070808531
1073741824
1071829447
3758096384
1071982539
1610612736
1071921441
2684354560
1071737042
1610612736
1072013006
1073741824
1071069997
0
1069688535
2147483648
1072633358
1610612736
1071304885
3221225472
1072458368
0
1072152173
1610612736
1071243525
0
1071987739
536870912
1072679572
536870912
1071617244
0
1069922341
2147483648
1071461313
2147483648
1070738238
0
1072228004
3758096384
1071027810
3221225472
1071542855
2147483648
1067420668
0
1070967994
1073741824
1070357701
2147483648
1069992709
2147483648
1072099511
536870912
1071461100
1073741824
1072693247
2684354560
12
