Uvec
2226355706
1071662950
3758096384
1071064401
2147483648
1072194803
3221225472
1072363489
1073741824
1072617971
1073741824
1071172161
1073741824
1070876160
0
1072161583
2684354560
1068233402
0
1072593051
536870912
1071881549
0
1071455536
1073741824
1072393604
2147483648
1066247624
0
1070229097
0
1070702554
1073741824
1067116608
0
1070773859
1073741824
1070182136
0
1072572085
0
1072033848
1610612736
1067802266
0
1072572897
1610612736
1072462821
2147483648
1069119178
0
1070521225
2147483648
1071492488
0
1067930728
0
1072286872
1610612736
1070083741
2147483648
1072300415
2147483648
1072586953
3221225472
1069948169
0
1071626253
0
1069550596
2147483648
1067722196
0
1072176374
3221225472
1071901315
3758096384
1069896432
0
1072651547
3758096384
1072658334
536870912
1070072665
0
1070096178
2147483648
1071344746
2147483648
1071970809
3221225472
1067523882
0
1071243718
2147483648
1071774057
1610612736
1071763753
536870912
1071905192
2147483648
1072503093
3221225472
1072671656
3758096384
1072218076
3758096384
1068684235
0
1071098219
0
1070812499
1073741824
1071714538
0
1070944450
0
1071949279
2147483648
1068756284
0
1070953402
1073741824
1070352816
2147483648
1071803966
1610612736
1072534360
2684354560
1070106844
2147483648
1072554993
536870912
1072652943
1073741824
1072076387
536870912
1071830711
2684354560
1072452409
2684354560
1071179997
0
1071786207
3221225472
1072011094
0
1072187719
536870912
1072692243
3758096384
1072409031
1073741824
1070731129
1073741824
1071709042
3221225472
1072281379
3221225472
1072452739
1610612736
1071973122
3758096384
1071520462
0
1072518917
2147483648
1068622022
0
1071436256
1073741824
1070725321
1073741824
1071913155
2684354560
1068951046
0
1068708570
0
1070659947
3221225472
1072141339
3221225472
1071461364
1073741824
1071151684
3221225472
1071637431
3221225472
1067448720
0
1069396452
0
1071927575
1073741824
1065628024
0
1071461100
1073741824
1072693247
2684354560
80
