Uvec
2226355706
1071865442
536870912
1068876375
0
1070221981
2147483648
1071355106
2147483648
1068314656
0
1071599923
1073741824
1069403261
0
1071456309
3221225472
1072683830
0
1068871020
0
1071847785
536870912
1072674312
2684354560
1071700840
2684354560
1072496602
1073741824
1068728643
0
1069056236
0
1071682803
1073741824
1071941245
1610612736
1071442428
3221225472
1071696362
0
1070615824
3221225472
1071007846
1073741824
1071858269
2684354560
1071363346
1073741824
1071401115
1073741824
1069339603
0
1069736371
2147483648
1070017408
2147483648
1071478066
3221225472
1070972625
2147483648
1071173307
0
1070903717
0
1071187816
2147483648
1071728606
536870912
1071455154
2147483648
1072141663
0
1072279012
536870912
1072386550
2684354560
1070388699
2147483648
1072458580
2684354560
1071391676
2147483648
1071696070
3221225472
1071052755
2147483648
1072683625
3758096384
1072572026
2684354560
1071906439
536870912
1069336046
0
1071185421
3221225472
1070979241
2147483648
1069613900
2147483648
1070667298
0
1068009358
0
1072218810
2147483648
1072351208
3758096384
1072278271
2684354560
1072552178
536870912
1072337795
3221225472
1072426325
536870912
1072003645
536870912
1071896918
2147483648
1071320317
1073741824
1071781885
0
1070618321
3221225472
1070001629
0
1072568352
1073741824
1069543669
0
1070139234
0
1072531114
2684354560
1072062734
1610612736
1071732779
536870912
1072612560
3758096384
1072548511
2147483648
1072222058
0
1071361920
2147483648
1072034876
1610612736
1066616612
0
1070618205
3221225472
1070029841
2147483648
1071746831
3221225472
1071708182
1073741824
1070557805
2147483648
1071752612
2147483648
1072653276
0
1072339116
2147483648
1072032324
1610612736
1072637622
3221225472
1070732629
3221225472
1072661751
3758096384
1072655783
0
1072577303
2684354560
1068521273
0
1070357703
2147483648
1070929222
2147483648
1071765304
2684354560
1069451481
0
1066841968
0
1071050780
1073741824
1072277486
3758096384
1071461100
1073741824
1072693247
2684354560
72
