Uvec
2226355706
1070477908
2147483648
1071148299
2147483648
1072231206
2147483648
1072239828
1073741824
1072338418
3221225472
1071142710
2147483648
1070807485
1073741824
1071176437
3221225472
1068634744
0
1071526711
0
1072181162
3221225472
1066754432
0
1067675368
0
1072098529
3758096384
1071329661
0
1071942321
536870912
1071109509
0
1071432653
3221225472
1071854074
2684354560
1072686067
1073741824
1072596230
1073741824
1071717747
3221225472
1071696772
2684354560
1071746409
3758096384
1071836282
1073741824
1071689732
1073741824
1071742678
1073741824
1070877155
2147483648
1069523932
0
1071499853
1073741824
1071797697
2147483648
1072569938
0
1072053753
1073741824
1072094666
3221225472
1071039678
2147483648
1068726705
0
1072207521
536870912
1071089252
2147483648
1071253214
0
1065482000
0
1072420944
0
1067591818
0
1071999530
2684354560
1069498491
0
1070689273
0
1072221959
2147483648
1068735437
0
1072683315
1610612736
1071819709
2147483648
1070469622
0
1072310635
1610612736
1070841859
0
1071489753
1073741824
1069582412
0
1068836450
0
1071570493
0
1072352501
3758096384
1072557809
1610612736
1070449697
2147483648
1071128573
3221225472
1069039161
0
1072392159
3221225472
1070383053
2147483648
1069212444
0
1070063264
0
1068684477
0
1071329039
2147483648
1072131250
2684354560
1071170895
3221225472
1071085645
2147483648
1072239494
3221225472
1071164837
3221225472
1072665872
2147483648
1071818095
2684354560
1072163980
1073741824
1071190553
1073741824
1071996365
3221225472
1069606336
2147483648
1071782255
1073741824
1071032950
1073741824
1071797204
1073741824
1070373948
0
1071524471
2147483648
1071788785
0
1072109614
3221225472
1069135323
0
1069207396
0
1070005078
2147483648
1071952561
2684354560
1071240874
1073741824
1071908467
3221225472
1071726247
1610612736
1071397557
3221225472
1071035509
0
1072233115
3758096384
1071111165
1073741824
1071187308
0
1071107279
2147483648
1071461100
1073741824
1072693247
2684354560
72
