Uvec
2226355706
1070938791
3221225472
1072681862
2684354560
1071481355
0
1072233128
2684354560
1072076565
1610612736
1071545155
0
1071857058
3758096384
1072642523
2147483648
1072389143
3221225472
1065528664
0
1071515428
3221225472
1071430140
0
1072309092
2684354560
1072544901
1610612736
1072400198
2147483648
1071595851
2147483648
1070649358
0
1072071839
0
1067466268
0
1070242405
0
1066981192
0
1072104489
2684354560
1072665786
536870912
1070632466
2147483648
1071676289
2684354560
1069033209
0
1070670894
3221225472
1072229990
3221225472
1072421570
2684354560
1070489028
2147483648
1071746106
2147483648
1071942267
1073741824
1072102102
2147483648
1071720384
2147483648
1067477222
0
1071102651
0
1072014194
2147483648
1066283576
0
1071956594
2684354560
1071663552
3221225472
1070263595
2147483648
1071651681
1073741824
1072458276
2684354560
1071871270
1610612736
1071853672
1073741824
1071025617
2147483648
1071800770
3758096384
1067672952
0
1071387622
3221225472
1071686114
2684354560
1070661571
0
1072163877
536870912
1072063420
536870912
1070260984
2147483648
1070001805
2147483648
1071818108
2684354560
1069641858
0
1069953520
0
1069937299
0
1065573672
0
1072153959
1610612736
1062705472
0
1071702622
1073741824
1071606383
3221225472
1071669007
3221225472
1072157520
3221225472
1068853739
0
1070784544
2147483648
1071047565
0
1069445639
0
1070215953
0
1071807319
1610612736
1072032887
3221225472
1068546801
0
1071023030
2147483648
1068660201
0
1072220812
2147483648
1071643222
2147483648
1072272431
1073741824
1071785614
3221225472
1071454064
3221225472
1067729756
0
1071335187
1073741824
1064714352
0
1072583650
2147483648
1069485593
0
1070159558
0
1068881538
0
1070808018
2147483648
1071702790
0
1072225314
2684354560
1069703170
0
1068578173
0
1071724079
536870912
1072666920
1073741824
1070648185
0
1071943579
2147483648
1071201274
3221225472
1071461100
1073741824
1072693247
2684354560
65
