Uvec
2226355706
1072142550
536870912
1071742584
3758096384
1069346961
0
1072027522
3758096384
1072509621
536870912
1069918463
2147483648
1068234800
0
1071011358
2147483648
1070795575
0
1072637549
3221225472
1071251138
3221225472
1070010924
2147483648
1071494473
0
1072190230
3758096384
1072590957
3221225472
1072572735
0
1070794535
1073741824
1065501392
0
1068628215
0
1071330674
1073741824
1072333701
2684354560
1064055904
0
1072686514
0
1071017125
3221225472
1066871796
0
1072274105
3758096384
1071036724
2147483648
1070708413
0
1070573169
2147483648
1072676815
3221225472
1072190163
2684354560
1072647790
3758096384
1072033342
2684354560
1071338617
3221225472
1072068151
2147483648
1066827816
0
1072441903
2147483648
1071952220
536870912
1070838549
1073741824
1071976101
2147483648
1070631935
1073741824
1071961571
3221225472
1069293954
0
1071826980
3221225472
1071465972
0
1072427061
3221225472
1072192087
2147483648
1072287474
3221225472
1072667084
2684354560
1072300317
1073741824
1071755494
2147483648
1070488383
0
1072499085
536870912
1069547870
2147483648
1071137471
0
1072420574
3758096384
1070873446
2147483648
1072228644
3758096384
1067257944
0
1072372603
1073741824
1067450578
0
1072130142
1610612736
1071054409
1073741824
1066493412
0
1067806256
0
1070315362
2147483648
1071800684
1610612736
1072054391
0
1072492340
2147483648
1071995568
0
1071102358
1073741824
1070921512
3221225472
1072378746
536870912
1072312090
1610612736
1071459176
0
1068189214
0
1070054506
0
1070274690
0
1070811351
2147483648
1069986145
2147483648
1071082946
3221225472
1071789823
3221225472
1071449284
0
1072042808
1610612736
1066951696
0
1070870897
1073741824
1070809734
2147483648
1072571500
536870912
1070388549
2147483648
1072464638
2684354560
1072583053
1073741824
1069762410
0
1066826132
0
1072347355
536870912
1071726407
2147483648
1072252675
3221225472
1072062694
2147483648
1072268706
3758096384
1071461100
1073741824
1072693247
2684354560
41
