Uvec
2226355706
1071788370
2147483648
1070357292
2147483648
1071154352
0
1070359820
0
1071129682
0
1071851841
0
1072226490
3758096384
1072063965
1610612736
1068816420
0
1070414797
2147483648
1072160191
2684354560
1070425706
2147483648
1068648399
0
1072462517
3758096384
1072104627
2147483648
1070372357
0
1069686717
0
1072652454
536870912
1068667793
0
1071661500
0
1070129643
0
1071720471
536870912
1072134348
3758096384
1070805982
2147483648
1071964544
3221225472
1071076142
2147483648
1068725649
0
1070174416
0
1071190406
3221225472
1071254067
3221225472
1072620353
2684354560
1071378479
0
1071915210
3758096384
1072644517
536870912
1070862016
0
1071879792
0
1071685154
536870912
1072391331
2147483648
1070068787
0
1070420377
0
1072307909
2684354560
1071978652
2684354560
1070862452
2147483648
1068560433
0
1070811759
1073741824
1070940917
1073741824
1067698140
0
1072590440
2147483648
1069373222
0
1072110983
3758096384
1072403476
2684354560
1072405711
3221225472
1069110700
0
1071391758
1073741824
1071779384
536870912
1071033128
3221225472
1071399340
1073741824
1071330806
1073741824
1072486188
1610612736
1072195196
2684354560
1072272660
3758096384
1070078791
0
1069711399
2147483648
1072297517
1610612736
1068795399
0
1072077632
1610612736
1071734838
2147483648
1072160571
2684354560
1072149394
1073741824
1072146791
2684354560
1070939417
0
1069559901
2147483648
1070937996
0
1072254034
2684354560
1071981112
1073741824
1071988316
3221225472
1071823320
2147483648
1067283868
0
1072322076
536870912
1070592430
0
1069692380
2147483648
1072321093
2147483648
1071177510
1073741824
1067176620
0
1072467009
1610612736
1071829463
536870912
1069656951
0
1071955642
3221225472
1071790723
1073741824
1071670735
536870912
1071030582
2147483648
1072056264
3758096384
1072456962
0
1072433375
2147483648
1072506747
536870912
1071756245
2147483648
1071479507
0
1072017000
1073741824
1071461100
1073741824
1072693247
2684354560
29
