Uvec
2226355706
1072086860
2147483648
1071761431
536870912
1066546852
0
1071635156
3221225472
1070883238
0
1071280813
0
1070822836
3221225472
1069814189
2147483648
1068826045
0
1072393864
3758096384
1071321405
1073741824
1072691697
2684354560
1071401197
1073741824
1070117691
0
1071218389
1073741824
1072397122
3758096384
1071048483
3221225472
1070598309
0
1070848102
3221225472
1071372441
1073741824
1071739575
2684354560
1071076857
3221225472
1071197036
0
1070652707
0
1072375367
2684354560
1068112124
0
1071614530
3221225472
1068542377
0
1071579673
1073741824
1072147619
1073741824
1070611770
3221225472
1072600921
2147483648
1071975057
0
1072084395
3221225472
1072675083
2147483648
1071832409
0
1071936359
2684354560
1071394308
2147483648
1072532609
1073741824
1070734598
2147483648
1071771347
1610612736
1068548054
0
1071659504
1610612736
1072246226
536870912
1070694569
3221225472
1070951858
3221225472
1070602274
0
1071337492
3221225472
1072130565
2684354560
1072395732
0
1072203526
2684354560
1068261150
0
1067092704
0
1068818041
0
1071192858
3221225472
1071051201
0
1072616050
3221225472
1072186575
2684354560
1071927101
1610612736
1071582935
2147483648
1071652222
3758096384
1070389507
2147483648
1071722116
3758096384
1070094626
0
1069552655
0
1069350378
0
1068901763
0
1067257844
0
1070434661
2147483648
1071099626
2147483648
1071811889
1610612736
1072064855
2147483648
1072418198
3758096384
1070105530
2147483648
1069616069
0
1072095319
536870912
1071733991
3221225472
1071499379
0
1069631637
2147483648
1070487219
2147483648
1071876107
2147483648
1068831304
0
1069481678
0
1072094867
536870912
1072519669
1073741824
1067357980
0
1071839785
1610612736
1071247324
0
1070455827
2147483648
1072402454
3758096384
1072364749
0
1070382805
2147483648
1072408132
1610612736
1068694771
0
1069650861
0
1072303236
2147483648
1072516470
3221225472
1069748117
0
1071461100
1073741824
1072693247
2684354560
2
