Uvec
2226355706
1068172072
0
1071846091
1073741824
1072232008
1610612736
1072501259
1073741824
1070085886
0
1071754551
2684354560
1072017463
536870912
1072427171
3758096384
1070395819
0
1071997947
1610612736
1067731636
0
1070693547
2147483648
1072404522
1073741824
1071669700
2147483648
1071795442
1610612736
1069570579
2147483648
1072106505
3758096384
1072642443
536870912
1071949296
1610612736
1072149832
2147483648
1071865969
2684354560
1072060362
3758096384
1071829448
1610612736
1070976440
0
1071578976
1073741824
1072460477
2684354560
1069257881
0
1068025430
0
1071952032
1073741824
1071702217
0
1071885129
536870912
1071709642
1610612736
1071737080
3758096384
1071782774
3758096384
1071539763
1073741824
1071299267
1073741824
1072574400
536870912
1071094685
3221225472
1070233771
0
1070200396
0
1067305500
0
1072663806
3221225472
1072229317
3758096384
1071827259
2684354560
1069813318
0
1072455843
2147483648
1065062256
0
1071746247
2684354560
1072142486
2147483648
1071098691
3221225472
1071448224
1073741824
1071435326
2147483648
1072087448
2147483648
1072392980
1073741824
1072492285
1610612736
1072596181
1610612736
1072449085
0
1072155973
1610612736
1072137858
536870912
1069130990
0
1070806674
2147483648
1071757191
1610612736
1072656032
1073741824
1072667815
536870912
1070519318
0
1067990892
0
1069270490
0
1072257570
2684354560
1072357929
3221225472
1071766594
3758096384
1070258160
2147483648
1071588525
0
1069120111
0
1064128288
0
1072269713
0
1072161487
0
1070964956
2147483648
1071354337
2147483648
1070965229
1073741824
1071688565
3221225472
1071941652
2147483648
1071692087
3758096384
1071657166
3221225472
1071894976
536870912
1072275651
3758096384
1072609499
2684354560
1071335744
0
1072207287
0
1072250529
536870912
1069868789
2147483648
1067803724
0
1072269070
0
1069981688
0
1071708259
536870912
1071826305
3221225472
1072275894
1610612736
1072309428
0
1071504990
2147483648
1071461100
1073741824
1072693247
2684354560
33
