Uvec
2226355706
1069957732
0
1072550848
2147483648
1071723868
1073741824
1072630626
1610612736
1069779827
0
1071860695
3758096384
1072261685
1073741824
1069287558
0
1070345894
0
1071894935
3758096384
1071485084
2147483648
1072357771
0
1071797008
2147483648
1070698385
3221225472
1069403419
0
1072040589
536870912
1067744688
0
1071345189
2147483648
1069217020
0
1070776274
3221225472
1072620953
0
1071090912
3221225472
1072054300
2684354560
1067001172
0
1072174154
0
1071636251
1073741824
1070350294
2147483648
1072178561
536870912
1070599970
0
1072456963
3758096384
1071620217
1073741824
1071221839
3221225472
1071543233
1073741824
1071359824
1073741824
1072513072
536870912
1070635106
1073741824
1067334412
0
1072020554
536870912
1072282207
3758096384
1072117826
1610612736
1072002704
1610612736
1072243145
0
1068598186
0
1071789021
2684354560
1071982071
2684354560
1070349764
2147483648
1072637865
3758096384
1072195967
0
1072614836
536870912
1072630645
3221225472
1071210889
1073741824
1071815211
0
1070665920
0
1070659855
1073741824
1068784177
0
1070844937
3221225472
1071809968
0
1070885144
2147483648
1072018215
2684354560
1071751002
0
1066613276
0
1071943575
2147483648
1071967818
536870912
1072108657
3758096384
1072505154
2684354560
1069900607
2147483648
1070989700
0
1071813666
3758096384
1072568981
2684354560
1070616356
1073741824
1072660009
536870912
1070896187
3221225472
1071805668
3758096384
1071913558
3221225472
1072148862
1610612736
1071319575
0
1071726597
2684354560
1071770147
1073741824
1071979447
2684354560
1071956992
2684354560
1072352343
536870912
1071442900
3221225472
1072613780
3221225472
1072464418
0
1070928050
0
1070364652
0
1072469187
2147483648
1072241696
3758096384
1071486219
2147483648
1070216291
2147483648
1071692249
1073741824
1071710714
3758096384
1070997038
1073741824
1072669781
2147483648
1071373032
3221225472
1072302259
3758096384
1068112696
0
1072437806
3758096384
1071461100
1073741824
1072693247
2684354560
0
