Uvec
2226355706
1072123014
3221225472
1071346570
1073741824
1071854782
0
1068888156
0
1072196447
2684354560
1070882197
3221225472
1071664566
3221225472
1071747787
2684354560
1069510326
0
1070576116
0
1069819622
2147483648
1072196641
0
1072167517
2147483648
1072466797
3221225472
1071050593
3221225472
1069368625
0
1071793393
1610612736
1070855311
0
1072111448
1073741824
1069623440
0
1071703818
0
1068952508
0
1071921311
2684354560
1072131127
0
1072517803
2147483648
1070876137
2147483648
1072135134
3221225472
1071949986
536870912
1069877344
2147483648
1071868588
1073741824
1069217565
0
1071986252
2147483648
1072251137
536870912
1071851091
1610612736
1072076446
2147483648
1072559090
1610612736
1071496912
0
1070726034
2147483648
1071855713
2684354560
1070398605
0
1071619830
2147483648
1071168680
1073741824
1069877632
2147483648
1068262970
0
1071728230
2684354560
1070342341
0
1070804073
0
1072083530
3221225472
1072500613
1073741824
1068127720
0
1072546366
2147483648
1072507035
1610612736
1070835356
0
1071008688
0
1067386460
0
1071626114
1073741824
1070962013
2147483648
1072228548
0
1071811052
1610612736
1069102107
0
1070696758
3221225472
1071979386
2684354560
1072613310
3758096384
1071804809
3758096384
1071999701
3221225472
1072608145
3758096384
1070395161
2147483648
1071929183
0
1071836206
3758096384
1066521176
0
1070426549
0
1072002794
2147483648
1071253704
0
1072577378
1610612736
1072014079
1610612736
1071357632
2147483648
1072351095
3758096384
1071809917
1073741824
1071593630
0
1072116135
3221225472
1068580810
0
1070760740
1073741824
1071900290
0
1072607399
1610612736
1071777188
536870912
1071724868
1073741824
1072181780
3758096384
1071408918
0
1072123415
0
1072354826
536870912
1071766440
2684354560
1071746451
2147483648
1072651126
3221225472
1071897296
3758096384
1068638895
0
1072124637
536870912
1070689775
2147483648
1069690875
0
1071461100
1073741824
1072693247
2684354560
31
