Uvec
2226355706
1070954617
0
1070587107
0
1072448094
3758096384
1070104575
2147483648
1072103531
2684354560
1071718096
0
1070657323
0
1070349141
2147483648
1071109378
2147483648
1069057815
0
1071767614
536870912
1071908770
3221225472
1068422138
0
1072389128
1073741824
1071317911
0
1070603754
2147483648
1072101146
2684354560
1071126145
2147483648
1071903390
2147483648
1072213177
2147483648
1070692745
2147483648
1071648872
3221225472
1070937578
1073741824
1072603375
1073741824
1072521351
1073741824
1072666954
0
1072292807
3221225472
1067302888
0
1071295954
3221225472
1072123177
2147483648
1071628354
2147483648
1070464214
0
1070734920
0
1071639264
3221225472
1072217547
536870912
1071253058
2147483648
1071556321
0
1071965585
2684354560
1070948399
0
1072198351
0
1072298526
2684354560
1070856376
1073741824
1071311012
0
1071788761
2147483648
1072367899
2684354560
1069874686
2147483648
1072684961
1610612736
1072031297
2147483648
1067813096
0
1069347342
0
1072425298
0
1068913882
0
1068340384
0
1072368460
2147483648
1069040890
0
1070653152
3221225472
1071297641
0
1071921908
0
1072491310
536870912
1070966091
0
1071804456
2147483648
1070920733
1073741824
1072464385
2684354560
1072612432
1610612736
1072085198
536870912
1070643400
1073741824
1072459020
2147483648
1072000266
2684354560
1070524475
0
1070108684
0
1070221748
0
1071683916
3758096384
1070117335
0
1070771201
2147483648
1072474830
0
1071626708
1073741824
1071788523
536870912
1070344180
2147483648
1072165006
2684354560
1070465535
2147483648
1072575140
1073741824
1067659698
0
1070719983
1073741824
1072527141
1073741824
1071749444
536870912
1071179550
3221225472
1070970370
3221225472
1072579590
0
1071503909
0
1072599090
3221225472
1064685952
0
1070602039
1073741824
1070783507
1073741824
1072210133
1610612736
1072029202
3221225472
1069775363
2147483648
1071928755
3758096384
1072459981
3758096384
1071461100
1073741824
1072693247
2684354560
75
