Uvec
2226355706
1072100757
3221225472
1072369965
1610612736
1071422978
2147483648
1070048833
0
1071487109
0
1071716914
0
1071134934
2147483648
1071303428
3221225472
1068192584
0
1070984139
0
1071714825
1610612736
1072005949
3221225472
1069982801
2147483648
1071561233
2147483648
1072440129
2684354560
1067493904
0
1069569595
0
1069608889
0
1072477149
536870912
1072599649
1610612736
1070248765
2147483648
1072152865
1073741824
1070916379
1073741824
1069688428
0
1071211204
2147483648
1070966501
2147483648
1072352144
536870912
1071427644
2147483648
1070493037
0
1071132104
3221225472
1070880181
1073741824
1072189610
536870912
1072345635
1073741824
1070206340
0
1072258400
2147483648
1069450014
0
1072120288
1073741824
1072191384
1610612736
1070649636
3221225472
1067081992
0
1069639501
2147483648
1071921483
1610612736
1071657600
1073741824
1071651141
2684354560
1070646988
3221225472
1071895337
2147483648
1072013427
2147483648
1072632804
0
1070392741
2147483648
1072617396
2684354560
1069541917
0
1072380992
3221225472
1066749516
0
1071897206
3221225472
1070909777
3221225472
1069663223
2147483648
1071259273
1073741824
1072113380
3758096384
1070032008
2147483648
1067128884
0
1069250289
0
1071758870
1073741824
1070826487
1073741824
1071904886
2147483648
1070976246
3221225472
1072359667
1073741824
1070783239
2147483648
1072423506
0
1072578846
536870912
1070124689
2147483648
1068340094
0
1071912646
2684354560
1070157942
2147483648
1072296182
2684354560
1071612243
2147483648
1069824174
0
1072478794
536870912
1072520066
536870912
1072404913
0
1070711760
1073741824
1069881377
2147483648
1068371596
0
1072443074
2147483648
1069672391
2147483648
1070004021
0
1071916597
1610612736
1070371471
2147483648
1071917145
3221225472
1071740528
2147483648
1072494043
0
1072068238
3758096384
1072608845
2147483648
1071764624
536870912
1070564130
2147483648
1070366963
2147483648
1072239033
1073741824
1071790320
1610612736
1070151409
0
1071461100
1073741824
1072693247
2684354560
80
