Uvec
2226355706
1071490155
1073741824
1072205379
536870912
1071830440
2147483648
1071679410
0
1072053693
2147483648
1072136257
536870912
1067823246
0
1072661539
3221225472
1071978945
1073741824
1071704674
1610612736
1068281766
0
1072059949
1610612736
1071742676
1610612736
1071982436
0
1071125129
0
1071936691
2684354560
1069595664
2147483648
1072520607
536870912
1072430051
536870912
1071073265
1073741824
1068773443
0
1071823864
1073741824
1072382433
1610612736
1071289470
0
1071666390
536870912
1069657958
2147483648
1072208211
536870912
1071686743
2147483648
1069001226
0
1070800131
1073741824
1068257914
0
1071734128
2684354560
1071668405
536870912
1068196666
0
1072239150
3758096384
1071181704
0
1067702354
0
1065657880
0
1072097250
2147483648
1071538061
0
1071170330
2147483648
1072534566
3221225472
1071820428
1610612736
1072499614
3221225472
1071061103
2147483648
1072067417
3221225472
1068643994
0
1072443115
2684354560
1068931866
0
1070896108
1073741824
1071609511
1073741824
1071618439
3221225472
1069055982
0
1072629579
3221225472
1071286333
3221225472
1071815775
1610612736
1070583258
0
1070862253
0
1071092768
0
1070895221
1073741824
1069781058
0
1072215611
2684354560
1072598625
0
1072466795
3221225472
1071630326
3221225472
1071255045
2147483648
1072091113
2147483648
1072238008
536870912
1072226702
3758096384
1071702973
0
1069692703
0
1071436080
2147483648
1070877841
2147483648
1069471302
0
1072511568
0
1072640365
1073741824
1072615724
2684354560
1072554287
0
1072294197
1610612736
1068013596
0
1072090152
1073741824
1071785085
2684354560
1072659201
0
1071058512
2147483648
1071708060
0
1071682921
3221225472
1071493512
3221225472
1072673200
2684354560
1072068092
2684354560
1071827717
2684354560
1070775404
2147483648
1071493051
0
1072474726
2147483648
1072672531
536870912
1068070596
0
1070376811
2147483648
1065767224
0
1072170325
536870912
1071461100
1073741824
1072693247
2684354560
26
