Uvec
2226355706
1069604510
0
1066873780
0
1071564646
0
1072560205
1610612736
1071720850
3221225472
1071008937
0
1071138027
2147483648
1071753541
1610612736
1071234379
2147483648
1072188587
536870912
1068414432
0
1072171675
3758096384
1069832600
2147483648
1071186917
3221225472
1068783859
0
1067616668
0
1071740647
536870912
1067597160
0
1069748111
0
1070118143
0
1072015743
536870912
1072503958
2147483648
1067832894
0
1069093990
0
1072353523
1610612736
1070781325
3221225472
1072673358
1073741824
1072370647
3221225472
1070653686
3221225472
1068949641
0
1071880864
2684354560
1072415025
1073741824
1072356398
1610612736
1069730879
0
1072369390
3758096384
1072492334
1610612736
1072350474
3758096384
1071300305
1073741824
1068727471
0
1070906021
2147483648
1070258624
0
1072146954
3221225472
1071092024
2147483648
1070452537
0
1071872967
1610612736
1070610327
0
1071891707
2147483648
1070869387
3221225472
1071929894
2684354560
1071382526
3221225472
1071974275
536870912
1071513760
1073741824
1072292901
2684354560
1070252223
0
1070238877
0
1071681771
1610612736
1072057221
3758096384
1070297496
0
1071251695
1073741824
1072610830
0
1072017810
1610612736
1072416206
536870912
1072439117
3221225472
1069556964
0
1072464057
536870912
1071888809
2684354560
1070668387
1073741824
1072270708
3221225472
1072568796
2684354560
1071830177
1073741824
1069960251
0
1072692809
1610612736
1072291730
3221225472
1071201595
3221225472
1070111000
0
1072544967
1610612736
1071920537
2147483648
1071263266
3221225472
1072425761
3758096384
1072398196
2147483648
1070382158
2147483648
1072340633
1610612736
1071475443
1073741824
1069860132
2147483648
1072277009
0
1071715195
1610612736
1072679575
3758096384
1071539148
1073741824
1072340347
2684354560
1072257556
3758096384
1071041499
3221225472
1071696224
1073741824
1071897051
2147483648
1069636123
2147483648
1071418801
3221225472
1072081499
3221225472
1071975018
1073741824
1070415017
2147483648
1071461100
1073741824
1072693247
2684354560
14
