Uvec
2226355706
1069522377
0
1071671198
536870912
1072064125
2684354560
1069576446
0
1072212712
536870912
1070882130
3221225472
1071563908
2147483648
1071649940
3758096384
1070784811
3221225472
1072094365
1610612736
1070852341
0
1068957501
0
1072084233
536870912
1072313589
2684354560
1070539115
0
1072068910
3758096384
1072687704
3758096384
1072352560
1073741824
1072308226
3221225472
1071415043
1073741824
1072099343
0
1069594200
2147483648
1068581873
0
1071618943
1073741824
1070398748
0
1070624993
1073741824
1071930592
3221225472
1071369196
3221225472
1069713564
0
1070724369
3221225472
1072594276
1073741824
1071261857
0
1067772422
0
1070156717
0
1069609306
2147483648
1071726631
1610612736
1070939074
3221225472
1069096629
0
1071263339
3221225472
1071207524
0
1072540980
1073741824
1072657609
1610612736
1071825004
3221225472
1070117871
2147483648
1072112259
536870912
1070981106
1073741824
1069809672
0
1070980486
2147483648
1072024591
2147483648
1072072111
0
1072170377
3221225472
1070719658
2147483648
1072604547
0
1070885741
3221225472
1071921444
3221225472
1072427251
3758096384
1071501028
3221225472
1069007817
0
1072457694
536870912
1070138963
2147483648
1069711575
0
1069810920
2147483648
1071883228
1073741824
1071322391
2147483648
1072532306
3221225472
1066920584
0
1072025684
2684354560
1071545813
3221225472
1071540297
1073741824
1072359850
2147483648
1071695069
2684354560
1072298391
1073741824
1072243881
2147483648
1069757846
2147483648
1070422449
0
1070754992
0
1070384267
2147483648
1071948470
3758096384
1072473570
2147483648
1072517377
3221225472
1065618944
0
1069187519
0
1069771159
2147483648
1069050874
0
1071641722
3221225472
1070972146
2147483648
1070122726
0
1071452048
3221225472
1071840114
2684354560
1068945309
0
1072034804
1073741824
1071657579
0
1069709262
0
1072524132
3221225472
1071697265
0
1072412832
536870912
1070017970
0
1070752790
0
1071461100
1073741824
1072693247
2684354560
5
