Uvec
2226355706
1072140773
2147483648
1072057951
0
1070348568
0
1071582455
1073741824
1065269824
0
1072127408
1073741824
1072419108
536870912
1071351117
2147483648
1072460843
1610612736
1068616207
0
1072504281
3221225472
1072037916
536870912
1071149234
1073741824
1071303144
3221225472
1067900342
0
1071811452
0
1072684170
3758096384
1068107218
0
1070652903
0
1070609597
0
1072654638
2684354560
1071523961
1073741824
1071537799
1073741824
1066101352
0
1072319958
3221225472
1069799554
2147483648
1071687541
2147483648
1072006666
1610612736
1072124391
536870912
1071596772
2147483648
1068808454
0
1072468822
2684354560
1071029262
3221225472
1070846193
2147483648
1070701413
0
1068581027
0
1067121472
0
1068185860
0
1068717030
0
1065365608
0
1071983484
2147483648
1071958800
536870912
1072338661
0
1072031746
3758096384
1071414652
2147483648
1071863765
1610612736
1071663916
1073741824
1069845059
0
1072548688
1073741824
1071105243
2147483648
1067531164
0
1071575163
1073741824
1071776329
1610612736
1071302512
0
1071662322
0
1072622283
3758096384
1070432526
0
1070106777
2147483648
1070783616
3221225472
1070852005
1073741824
1072043367
2684354560
1071144614
0
1072060343
3221225472
1070532342
2147483648
1066633356
0
1069608852
0
1070897518
1073741824
1072078107
2147483648
1072589496
1073741824
1070955693
3221225472
1072251650
2684354560
1068064986
0
1071930516
536870912
1070422297
0
1071763484
2147483648
1071870153
1073741824
1070600202
1073741824
1067719292
0
1072138701
2147483648
1070478754
2147483648
1072346745
2684354560
1070619900
2147483648
1072418226
3758096384
1069101770
0
1070058848
0
1072448443
2147483648
1068756497
0
1069325420
0
1072029694
3758096384
1071227021
3221225472
1072600179
1073741824
1072506369
3221225472
1071271171
1073741824
1072244225
2147483648
1072491526
1610612736
1071013986
1073741824
1071644977
3221225472
1072576096
0
1071461100
1073741824
1072693247
2684354560
78
