Uvec
2226355706
1071896763
3221225472
1070141449
0
1072220708
1610612736
1070147764
2147483648
1070878734
0
1070118584
2147483648
1070582427
0
1072456252
3758096384
1071621453
0
1072674885
1073741824
1071852193
3221225472
1071723513
536870912
1071988778
536870912
1071281132
2147483648
1071960766
2147483648
1070893889
0
1069868066
2147483648
1072070514
3758096384
1072643229
0
1072399693
2147483648
1070670661
2147483648
1072251956
3221225472
1072480396
3758096384
1072325321
0
1072155755
1073741824
1065819920
0
1071320177
0
1067763066
0
1072102717
0
1070917820
3221225472
1070605233
3221225472
1072034934
0
1070809598
1073741824
1072414324
3758096384
1070748800
1073741824
1070747152
3221225472
1071750560
0
1072349386
1610612736
1072025316
2147483648
1072514781
2684354560
1069627759
2147483648
1069959460
0
1070365587
0
1072170273
2147483648
1071812678
1073741824
1069487451
0
1072459273
3221225472
1068682244
0
1072633175
2147483648
1072478415
1073741824
1071391525
2147483648
1072040021
2684354560
1070958109
1073741824
1071959218
536870912
1071659791
1073741824
1071679414
536870912
1071931711
1073741824
1070527590
2147483648
1070808744
3221225472
1069185784
0
1072312534
3758096384
1069169116
0
1072545249
2147483648
1072369984
3221225472
1071878220
3758096384
1072215547
1610612736
1071032086
3221225472
1071559200
1073741824
1070507504
2147483648
1070854915
2147483648
1070925268
1073741824
1072485374
0
1070399816
2147483648
1071605866
1073741824
1071632643
1073741824
1069447931
0
1070771419
3221225472
1070282454
0
1072458996
2684354560
1072129626
536870912
1071176326
1073741824
1072133284
0
1071646361
3221225472
1072094733
536870912
1070842142
3221225472
1071316424
0
1070338870
2147483648
1071827281
3221225472
1071329055
2147483648
1072364735
3758096384
1072648005
2147483648
1063478112
0
1069923896
0
1070403922
0
1071929777
1073741824
1071861996
3221225472
1070728128
0
1070189139
0
1071461100
1073741824
1072693247
2684354560
70
