Uvec
2226355706
1072289224
3758096384
1071985890
0
1070239411
0
1072531445
2684354560
1070711361
0
1071683533
536870912
1069169335
0
1071605462
2147483648
1070839000
0
1071319605
3221225472
1072552462
0
1072070507
2147483648
1072091590
1610612736
1071591029
0
1072633170
536870912
1070436181
0
1070747456
2147483648
1072317998
1610612736
1072486297
2684354560
1072538931
0
1070622232
0
1072032498
1073741824
1071676803
2684354560
1071308693
0
1072147507
3221225472
1072182193
536870912
1072340486
2684354560
1068805711
0
1072000550
1610612736
1071657927
3758096384
1071539641
2147483648
1072144941
0
1071080548
3221225472
1072157551
3221225472
1071155124
2147483648
1072516165
2147483648
1071424828
0
1071071701
3221225472
1072385053
1073741824
1072520686
3758096384
1071368179
0
1070725769
3221225472
1069814695
0
1069694211
2147483648
1072560502
536870912
1070262336
0
1072346102
1610612736
1069616674
0
1070215893
0
1072469975
3221225472
1071311934
2147483648
1071062327
2147483648
1070852756
2147483648
1070626073
2147483648
1071318020
1073741824
1071777462
2147483648
1072388451
1610612736
1066413360
0
1072294491
1610612736
1071588740
0
1071189068
3221225472
1071355486
3221225472
1070978601
0
1072409238
1073741824
1072692570
1610612736
1071901126
2684354560
1072614693
1073741824
1071739367
2684354560
1067857694
0
1072454676
0
1071835829
3221225472
1069640389
2147483648
1070814147
3221225472
1072218337
0
1072180850
3758096384
1072580518
2147483648
1072593691
3221225472
1072096570
0
1070932890
2147483648
1070534929
2147483648
1066559096
0
1070843223
0
1066120280
0
1070212070
2147483648
1072368991
1073741824
1072055749
2147483648
1071861141
3758096384
1071141611
2147483648
1071142804
0
1072323147
536870912
1072318293
3758096384
1070809485
3221225472
1069190346
0
1072070917
3221225472
1071246981
1073741824
1071819515
1073741824
1072664992
1610612736
1071887178
1073741824
1071461100
1073741824
1072693247
2684354560
58
