Uvec
2226355706
1072612927
1073741824
1069089096
0
1072261948
536870912
1071297067
3221225472
1068127034
0
1071845733
1073741824
1071830912
3221225472
1071236298
1073741824
1072161574
0
1070730236
0
1071559261
0
1072218877
2147483648
1071055489
3221225472
1072359522
2684354560
1072033483
3758096384
1072117281
536870912
1072608987
0
1072578041
3221225472
1071342762
1073741824
1071494237
2147483648
1071615111
1073741824
1069615065
0
1068951235
0
1070750703
2147483648
1071349099
3221225472
1070784734
2147483648
1071682481
536870912
1067765468
0
1065798968
0
1069955880
0
1069380692
0
1071354842
0
1070294616
0
1072107004
2684354560
1072102477
2147483648
1072419378
1610612736
1069609607
2147483648
1072214607
3221225472
1072589516
1610612736
1070178231
0
1066531540
0
1072064766
536870912
1069732876
2147483648
1071348218
3221225472
1072571491
3758096384
1072158830
1073741824
1072073648
3758096384
1071937847
0
1072536589
1610612736
1071281472
1073741824
1070673655
2147483648
1071593447
1073741824
1071068325
0
1072642266
0
1072192102
536870912
1072028043
1610612736
1071961043
536870912
1067742120
0
1072431548
2684354560
1070290872
0
1069067748
0
1069586881
0
1071425240
0
1069524335
0
1071338160
0
1067860428
0
1072237471
3221225472
1071936451
2147483648
1072266914
3758096384
1072448701
2147483648
1072344433
2684354560
1070480480
2147483648
1071623513
3221225472
1072584973
3221225472
1072626792
2147483648
1065878072
0
1070876476
3221225472
1072497664
3758096384
1072124547
0
1072002125
0
1072504637
2147483648
1071688946
3221225472
1071929277
3758096384
1066044672
0
1070741595
0
1069820016
2147483648
1071714941
0
1071244337
0
1072649001
3221225472
1070365104
2147483648
1072107119
536870912
1071897413
1073741824
1071250287
2147483648
1071281335
2147483648
1072089320
2147483648
1072630515
2684354560
1069400192
0
1071506573
3221225472
1071461100
1073741824
1072693247
2684354560
23
