Uvec
2226355706
1072267492
3221225472
1071781980
3221225472
1069390972
0
1071113170
3221225472
1069010630
0
1070077264
0
1071488410
1073741824
1072600138
3221225472
1072111055
1610612736
1072016463
3221225472
1070637940
2147483648
1072099300
3221225472
1069926516
2147483648
1072556391
1610612736
1068772494
0
1072242037
1073741824
1072414810
2684354560
1072596105
3221225472
1072274265
0
1070748329
1073741824
1071542910
3221225472
1069845450
0
1069720916
0
1071840530
3221225472
1072619213
1073741824
1064986208
0
1072510088
1073741824
1071806245
2684354560
1071997624
3221225472
1064904992
0
1072496907
1610612736
1069651113
0
1067540974
0
1072037395
0
1071736263
1610612736
1066384600
0
1072422937
1073741824
1070644066
2147483648
1070895281
2147483648
1072670960
2684354560
1072195043
1610612736
1071774064
2684354560
1072527771
0
1070768561
3221225472
1071745658
2684354560
1071857041
3758096384
1071370891
2147483648
1071011881
1073741824
1071895218
536870912
1071242751
0
1069871872
0
1072161672
3758096384
1071323729
3221225472
1069145068
0
1071648240
2147483648
1070147305
2147483648
1072308023
2684354560
1072525467
1610612736
1070595215
0
1071890636
536870912
1072380218
3758096384
1072258193
0
1070025206
2147483648
1072103345
2147483648
1069902751
2147483648
1071662822
0
1071095423
3221225472
1071453245
3221225472
1072553374
2684354560
1070301902
2147483648
1072655121
3221225472
1071701078
2147483648
1071136157
2147483648
1072023162
3221225472
1071808229
1610612736
1072493687
536870912
1071165896
3221225472
1070021174
0
1072662946
2147483648
1069875195
0
1072101497
3221225472
1072453979
3758096384
1070679001
2147483648
1070656889
1073741824
1070208764
2147483648
1068672780
0
1071200760
3221225472
1070715897
0
1071742701
3758096384
1069896829
2147483648
1071950620
2684354560
1071753745
0
1070606797
3221225472
1070764587
1073741824
1070467389
0
1071042749
0
1071680403
1073741824
1070057811
0
1071461100
1073741824
1072693247
2684354560
21
