Uvec
2226355706
1071878566
1610612736
1065848280
0
1072485815
2147483648
1070934294
3221225472
1070091626
0
1072367519
536870912
1072059421
536870912
1070668934
3221225472
1070800477
1073741824
1072533823
536870912
1071525796
1073741824
1071899973
2684354560
1071794215
0
1066996928
0
1070737094
2147483648
1071443870
2147483648
1072169675
3758096384
1072487399
3758096384
1071939356
1073741824
1072591082
2684354560
1070317001
0
1072648369
1073741824
1070820138
0
1072429347
1073741824
1071615276
0
1072017122
3758096384
1072124260
0
1072148049
0
1066839356
0
1071736804
1610612736
1071199090
1073741824
1071692958
1610612736
1072447073
2147483648
1072482283
2684354560
1071832949
536870912
1071800513
3758096384
1070885069
1073741824
1071729786
2147483648
1072035599
3221225472
1071731795
1073741824
1070687934
0
1072597844
536870912
1072666263
3758096384
1071340778
3221225472
1071463751
2147483648
1071732052
2147483648
1072224283
1073741824
1069201907
0
1063440000
0
1071109152
0
1072016088
2684354560
1071328058
2147483648
1072642884
3758096384
1071239912
0
1072143360
2147483648
1071764376
1073741824
1071755049
1073741824
1071693937
3221225472
1070296726
2147483648
1072012947
0
1071879180
2684354560
1066913244
0
1072423955
0
1069574980
0
1072603970
2147483648
1071068422
0
1072397240
2684354560
1072100420
2684354560
1070627498
3221225472
1072295029
0
1070760868
1073741824
1070994365
2147483648
1070772409
1073741824
1071262589
1073741824
1072513820
2684354560
1067080824
0
1070841615
3221225472
1070937998
1073741824
1070498102
0
1071232814
3221225472
1072616212
536870912
1072043972
1610612736
1072460717
2147483648
1067681968
0
1069936685
0
1071184374
2147483648
1069717641
0
1067674880
0
1072090864
3758096384
1071696654
2147483648
1071008014
2147483648
1070640184
2147483648
1071256818
1073741824
1072253678
1610612736
1069574022
0
1069629738
0
1069934487
2147483648
1069857948
2147483648
1071461100
1073741824
1072693247
2684354560
96
