Uvec
2226355706
1070845705
3221225472
1072143884
3221225472
1067347348
0
1071335198
2147483648
1069013904
0
1072438011
3221225472
1069227070
0
1072229097
3758096384
1070446935
0
1072014329
536870912
1069531525
0
1066681588
0
1070426578
2147483648
1069344092
0
1069691448
2147483648
1071077080
1073741824
1072092540
536870912
1069264789
0
1071756978
2147483648
1071135922
1073741824
1068598151
0
1071908624
1610612736
1069105652
0
1069676523
2147483648
1071620819
3221225472
1070979588
2147483648
1071511061
0
1070410589
2147483648
1071397189
3221225472
1072382455
3221225472
1071983258
1610612736
1069934178
2147483648
1072334756
536870912
1071999496
1610612736
1068702949
0
1069778397
0
1069371219
0
1072626116
3221225472
1071794777
0
1071665531
536870912
1072066746
3758096384
1070707817
3221225472
1066741968
0
1070264348
2147483648
1070078868
2147483648
1072283491
3221225472
1070035459
0
1070483031
0
1070938894
3221225472
1069299433
0
1070641003
2147483648
1068848265
0
1069931355
2147483648
1071222881
0
1071745879
1073741824
1071950034
1610612736
1070865632
1073741824
1069945286
0
1072326344
1610612736
1072394778
3221225472
1071931278
536870912
1071784061
3758096384
1070572034
2147483648
1072634201
1073741824
1068803065
0
1065622056
0
1071752625
3758096384
1070626238
3221225472
1072352587
2147483648
1072056986
536870912
1072179548
0
1071079974
1073741824
1071464202
3221225472
1071110388
2147483648
1069675869
2147483648
1069590018
0
1071214031
2147483648
1071823797
536870912
1071233783
1073741824
1072230532
3221225472
1072126174
0
1072658687
3221225472
1072147725
3221225472
1072223167
536870912
1070168823
2147483648
1070982773
1073741824
1070656059
2147483648
1072415619
1610612736
1071635300
0
1071930446
3758096384
1072496686
1073741824
1069819233
0
1071039225
3221225472
1071118324
2147483648
1072307738
3758096384
1069806055
0
1071300613
3221225472
1072411456
0
1071461100
1073741824
1072693247
2684354560
58
