Uvec
2226355706
1072190709
536870912
1070255172
0
1068924181
0
1070404404
2147483648
1071898599
2684354560
1071730870
2684354560
1071536446
0
1071592507
0
1070172475
0
1065715216
0
1072342996
2147483648
1071987231
1073741824
1070677166
3221225472
1072264112
1610612736
1072424455
2684354560
1072443065
2684354560
1071674553
1073741824
1068813780
0
1072570209
2147483648
1070377543
0
1070749662
0
1072197196
536870912
1068257018
0
1066921024
0
1070875888
1073741824
1071524051
2147483648
1067342448
0
1072132843
0
1071866373
0
1070960249
3221225472
1072425655
3758096384
1072041054
536870912
1072146489
1610612736
1072075949
1073741824
1069154840
0
1071081531
1073741824
1071867847
2147483648
1064453232
0
1072290827
0
1071342632
3221225472
1070333386
0
1071542484
3221225472
1071788947
2684354560
1070374710
2147483648
1071007877
2147483648
1072252894
1073741824
1071279105
3221225472
1069299479
0
1070639574
3221225472
1072325306
1610612736
1070160134
0
1072580298
1610612736
1071833673
1610612736
1071918376
1610612736
1072155916
3221225472
1072259432
536870912
1068831170
0
1071268267
0
1072565573
1073741824
1068379570
0
1069903084
0
1071233923
2147483648
1070581702
0
1071203402
0
1072427681
536870912
1072681731
2684354560
1071833032
1610612736
1072538030
0
1070357469
0
1069827711
2147483648
1071858124
3221225472
1068562245
0
1072565616
3221225472
1071556713
2147483648
1070991578
3221225472
1071901606
536870912
1071634648
3221225472
1072119045
3758096384
1072442474
1610612736
1071164213
1073741824
1072473572
2684354560
1064566512
0
1070076191
0
1072227470
3221225472
1071736603
2147483648
1071969333
3758096384
1072639842
1073741824
1072556778
0
1071732823
3221225472
1071244665
2147483648
1070975294
2147483648
1070838109
0
1070603971
0
1072080190
536870912
1070529740
2147483648
1070611125
0
1071399021
1073741824
1065789536
0
1071461100
1073741824
1072693247
2684354560
28
