Uvec
2226355706
1068654641
0
1067611612
0
1072341439
3758096384
1072528411
1610612736
1068822528
0
1070421985
0
1071766291
2147483648
1072192506
1610612736
1071388332
2147483648
1071719364
3758096384
1072459619
2684354560
1069287010
0
1072302584
2684354560
1068071918
0
1069088378
0
1071969028
1610612736
1068992210
0
1072589510
1610612736
1072094682
3758096384
1071713495
2684354560
1071372464
0
1072604681
2147483648
1071541059
0
1071496169
0
1072144119
0
1070926145
3221225472
1071979161
3221225472
1069703828
0
1069546933
0
1067802660
0
1070537390
2147483648
1071995269
0
1065345536
0
1072067318
2147483648
1072088357
1610612736
1071756951
3758096384
1071815852
0
1069248903
0
1071698322
0
1072462455
3758096384
1071718921
0
1067741598
0
1072423481
3221225472
1069550560
0
1072320822
3221225472
1068743148
0
1071721111
1610612736
1071605261
0
1072122333
2684354560
1067665898
0
1071396440
1073741824
1071847640
536870912
1067799378
0
1069553110
0
1072474668
3221225472
1072650750
3758096384
1069882575
0
1071862438
1073741824
1071953859
3221225472
1072297117
536870912
1067539788
0
1071466726
1073741824
1069883542
2147483648
1071387269
1073741824
1071947786
3758096384
1069762148
2147483648
1067387320
0
1072071854
536870912
1072075392
0
1071844186
1073741824
1072280946
0
1072059526
3758096384
1072408959
1610612736
1072006684
0
1071711850
1073741824
1072330642
2684354560
1069119683
0
1072309519
2147483648
1072388934
1610612736
1070197063
0
1071937749
3221225472
1070445724
0
1071890653
3221225472
1069777303
2147483648
1070281667
2147483648
1071409812
3221225472
1069569120
0
1072401494
1610612736
1071856162
3221225472
1071075291
3221225472
1071098968
2147483648
1071934615
0
1072512621
2147483648
1070968422
3221225472
1072297027
1073741824
1072371067
536870912
1071921518
1073741824
1068852303
0
1071461100
1073741824
1072693247
2684354560
81
