Uvec
2226355706
1070688970
1073741824
1070574584
0
1071777122
1073741824
1072075956
1073741824
1067624838
0
1072444952
1073741824
1071388157
0
1072478377
2684354560
1071988757
1610612736
1069749179
0
1072555362
536870912
1071668380
2147483648
1069343820
0
1072182024
3758096384
1068997764
0
1062604352
0
1072084948
3758096384
1072391538
3758096384
1070992044
0
1071685077
536870912
1071141051
1073741824
1071664059
2147483648
1069888717
2147483648
1072442705
0
1071175796
0
1072220926
2147483648
1072625725
1073741824
1071663960
3221225472
1071844996
3221225472
1070411535
0
1072246223
1073741824
1072095663
0
1067045952
0
1069764476
0
1070617780
1073741824
1070812257
2147483648
1072302992
3221225472
1071985817
1610612736
1070838625
0
1071720242
2684354560
1072593425
2684354560
1072037531
0
1069175935
0
1070397808
0
1069650584
2147483648
1071544302
1073741824
1070781474
1073741824
1069106151
0
1072653425
1073741824
1072060134
2684354560
1070751114
3221225472
1071686663
3758096384
1071919327
2147483648
1071181500
0
1071869776
3221225472
1070750825
0
1071322940
1073741824
1071034796
1073741824
1070733438
1073741824
1072212262
0
1072107593
0
1069678423
0
1071658551
2684354560
1072011065
0
1072532523
3221225472
1071864377
1073741824
1071856720
2147483648
1072183911
1073741824
1072077995
1073741824
1071274687
3221225472
1072528328
1610612736
1071703066
536870912
1072363456
3758096384
1068353088
0
1066725244
0
1072519504
2147483648
1072642742
3221225472
1070736901
1073741824
1071261217
1073741824
1072346218
2147483648
1071953147
1610612736
1072253199
2684354560
1070512004
2147483648
1072437402
2147483648
1071875305
1610612736
1065868864
0
1072191534
1073741824
1067469948
0
1072399719
1073741824
1070303040
0
1071587788
1073741824
1071464449
1073741824
1071722706
2684354560
1071780168
2147483648
1067515212
0
1069331846
0
1071563798
1073741824
1069314633
0
1071461100
1073741824
1072693247
2684354560
8
