Uvec
2226355706
1070601070
2147483648
1070079439
0
1070825318
1073741824
1072448500
536870912
1071392535
1073741824
1072517210
2684354560
1067927066
0
1072618049
536870912
1069640958
0
1071854169
1610612736
1069036422
0
1067792846
0
1071140707
3221225472
1070621498
0
1070138769
2147483648
1071867641
1610612736
1071311334
1073741824
1071916833
3221225472
1072113930
3758096384
1070825803
1073741824
1072607803
2684354560
1072401337
536870912
1072220702
0
1070993539
0
1070609565
2147483648
1068691989
0
1071548606
1073741824
1072271354
3221225472
1071870893
2684354560
1071801582
3758096384
1072567919
536870912
1071675864
3221225472
1068772554
0
1071670229
2147483648
1072405185
0
1072193249
1610612736
1071696492
2147483648
1069527234
0
1067392540
0
1071891839
0
1072325701
1610612736
1072615330
3758096384
1071830804
0
1070086877
2147483648
1071687574
2147483648
1071385147
0
1072509826
3758096384
1072167823
2147483648
1072409799
0
1071816225
3221225472
1071877163
2684354560
1068661521
0
1072430590
3758096384
1070131808
2147483648
1072417776
2147483648
1071845465
3221225472
1072582690
1073741824
1072417054
2147483648
1072294405
2147483648
1071066083
3221225472
1072577887
1610612736
1072426825
1073741824
1071343740
1073741824
1072637816
1073741824
1072241515
0
1071910091
2147483648
1071186444
1073741824
1069072306
0
1071750045
0
1072598145
3758096384
1072224389
536870912
1072319632
3758096384
1068913489
0
1071704634
2684354560
1071977070
3758096384
1070649328
3221225472
1067862510
0
1072499933
536870912
1071348984
1073741824
1072077122
1073741824
1070235020
0
1071202262
1073741824
1071853560
3221225472
1069625726
0
1071654590
3758096384
1071286740
1073741824
1071685246
1073741824
1071437348
3221225472
1072493337
3758096384
1072311867
3758096384
1069375036
0
1072137217
536870912
1067278176
0
1070517893
0
1072639359
1610612736
1071783865
2147483648
1072107781
0
1069331870
0
1071461100
1073741824
1072693247
2684354560
48
