Uvec
2226355706
1072239241
0
1072432133
2684354560
1070906523
0
1071493750
3221225472
1071907295
3221225472
1071775876
2147483648
1072125845
1610612736
1068686002
0
1072167320
3758096384
1070534092
2147483648
1071738990
3221225472
1070654255
1073741824
1071356725
0
1069890180
2147483648
1072271224
1610612736
1070772277
2147483648
1072046378
2147483648
1067591768
0
1071906445
1073741824
1072468603
3758096384
1072064527
1610612736
1071658783
3758096384
1071564869
0
1068817516
0
1072492587
1610612736
1072299637
536870912
1070759956
3221225472
1071678199
1073741824
1068710733
0
1070710022
3221225472
1072273774
1610612736
1069807065
2147483648
1071177059
3221225472
1071053664
0
1071544390
3221225472
1068864086
0
1068229686
0
1071927654
536870912
1071046878
0
1069868483
0
1070837331
0
1071813501
1610612736
1072308325
2684354560
1071526000
1073741824
1070874218
2147483648
1069265802
0
1070672162
0
1072006272
2684354560
1071667630
1610612736
1065921608
0
1071061408
2147483648
1070636821
2147483648
1072579558
3758096384
1071471428
3221225472
1072396738
3758096384
1070400781
0
1071949060
3221225472
1072147587
2147483648
1071957568
1610612736
1069795217
0
1070435074
2147483648
1072280680
2684354560
1071081362
0
1070709920
2147483648
1071833302
3758096384
1072193425
1610612736
1069991533
0
1070304789
2147483648
1071578965
2147483648
1072193599
2147483648
1072567822
3758096384
1070411180
0
1070739992
2147483648
1072523184
2684354560
1072116307
3221225472
1071970183
3221225472
1070664679
2147483648
1071387807
1073741824
1070515115
0
1071092505
1073741824
1071897265
1610612736
1070989025
0
1072279683
1610612736
1072432299
0
1071262920
0
1072038638
536870912
1071663272
3221225472
1072030024
1073741824
1072548346
3221225472
1071685389
2684354560
1071954419
536870912
1070909280
3221225472
1071781559
1610612736
1071322309
1073741824
1071428975
1073741824
1069107057
0
1071193840
0
1071967708
3758096384
1071461100
1073741824
1072693247
2684354560
61
