Uvec
2226355706
1071890581
3221225472
1072329611
3221225472
1071786543
2684354560
1071652526
3221225472
1072468808
2147483648
1071022488
0
1072015583
2147483648
1072681406
3221225472
1071159626
2147483648
1070768038
1073741824
1072035367
1610612736
1071974955
1073741824
1072618962
536870912
1069969421
0
1072300077
3758096384
1067973914
0
1071905458
3758096384
1070967892
3221225472
1070548906
2147483648
1071234127
1073741824
1072287898
3758096384
1071473460
1073741824
1072131645
0
1069771802
0
1071968133
3758096384
1072036107
1073741824
1072276288
3221225472
1072108015
3758096384
1065685128
0
1071558199
0
1070620491
2147483648
1072112515
536870912
1072193278
536870912
1070823253
1073741824
1071841434
3221225472
1069146902
0
1072206092
1610612736
1072310010
3758096384
1072622455
0
1071528839
2147483648
1066830244
0
1071960443
0
1070048398
2147483648
1072271017
2147483648
1071652594
536870912
1071004590
2147483648
1071198743
2147483648
1072562099
3221225472
1072290578
3758096384
1069312188
0
1071862185
3221225472
1071030577
1073741824
1067022032
0
1068601090
0
1071867020
1610612736
1066870516
0
1072398299
2147483648
1072325151
1610612736
1071784578
3221225472
1071246643
1073741824
1072144909
3758096384
1072413125
2147483648
1072339390
2684354560
1071983491
2684354560
1072656601
3758096384
1070703574
1073741824
1071903231
2147483648
1071953409
3221225472
1071645079
1610612736
1071828384
3758096384
1072103160
536870912
1071901558
0
1072653036
536870912
1068412710
0
1071690125
1610612736
1071692837
1610612736
1071972916
3758096384
1070502966
2147483648
1070506401
2147483648
1071036568
1073741824
1072109023
2147483648
1071678708
2684354560
1068056538
0
1071544753
0
1071679999
2147483648
1072473206
1610612736
1071673974
1610612736
1070758607
3221225472
1066711892
0
1072177679
2147483648
1070078821
0
1070581996
2147483648
1069101485
0
1072223982
1610612736
1069732245
0
1067940670
0
1071671824
3758096384
1070676372
3221225472
1071461100
1073741824
1072693247
2684354560
41
