Uvec
2226355706
1067633376
0
1071808945
1073741824
1071346543
0
1072583689
3758096384
1071034056
3221225472
1072178480
1073741824
1072358263
1073741824
1069132169
0
1072568915
2684354560
1072186700
1610612736
1071663529
2684354560
1072603745
2684354560
1070946108
0
1072686007
3758096384
1071900229
1073741824
1072516603
0
1072634456
0
1069692212
0
1071952769
1610612736
1071833244
0
1071295236
1073741824
1072622095
3221225472
1070191581
2147483648
1070785497
0
1072399242
1610612736
1072688833
3221225472
1071903929
2684354560
1066915860
0
1071029719
3221225472
1072686092
3221225472
1071817464
2147483648
1072361259
2147483648
1071848791
1610612736
1072601938
0
1072062460
536870912
1070550914
2147483648
1071213438
1073741824
1070927624
0
1070668808
3221225472
1070744368
3221225472
1072245266
1073741824
1071083120
1073741824
1071515458
2147483648
1072130673
2147483648
1069925114
2147483648
1067309188
0
1071927031
3758096384
1072018320
1610612736
1072628133
2684354560
1069382018
0
1072333682
3758096384
1072277514
0
1072012942
3221225472
1068746913
0
1071279618
0
1069758106
0
1071612047
0
1070476936
2147483648
1072156434
3758096384
1072312054
2684354560
1066055120
0
1066516964
0
1071780003
2147483648
1072637797
2147483648
1072064613
0
1072405815
1610612736
1072179836
536870912
1071699123
3758096384
1071470158
0
1072112253
1073741824
1071398305
3221225472
1069915402
0
1072280451
3221225472
1069553432
0
1069254326
0
1072382621
3221225472
1071698614
1610612736
1071899561
0
1069695361
2147483648
1068256320
0
1072200801
0
1072387527
3758096384
1070411215
0
1068657623
0
1071707183
3221225472
1072253364
3758096384
1071680695
3221225472
1071759285
0
1072287954
2684354560
1072641590
536870912
1069193777
0
1071644809
3221225472
1072608299
0
1070837552
0
1069995787
0
1070054884
0
1070715422
1073741824
1072028374
3221225472
1071461100
1073741824
1072693247
2684354560
5
