Uvec
2226355706
1071921966
2147483648
1067027568
0
1071039552
1073741824
1068999113
0
1072653493
3221225472
1070893160
3221225472
1072485370
1073741824
1071188696
3221225472
1072450341
536870912
1071665192
2684354560
1070767591
1073741824
1071043009
2147483648
1071282610
3221225472
1070784421
2147483648
1071930937
3221225472
1072430298
3758096384
1071536759
0
1072164525
1073741824
1071909182
3221225472
1072397460
3221225472
1072222527
2147483648
1072617505
2147483648
1070213986
2147483648
1069787001
0
1072286350
3758096384
1072598576
1073741824
1072100153
1073741824
1071143895
2147483648
1070669441
1073741824
1070111767
0
1071910209
1073741824
1072159036
2684354560
1070992278
1073741824
1070985770
2147483648
1069908862
2147483648
1068953715
0
1072619185
0
1069569541
0
1071891290
2147483648
1071066860
1073741824
1072635652
1073741824
1068425148
0
1071078748
3221225472
1072624937
2147483648
1068716512
0
1063599808
0
1071712307
3221225472
1070522647
0
1071772507
536870912
1072527370
0
1071717823
1610612736
1070126680
2147483648
1067219476
0
1072105419
1073741824
1071483090
0
1071062280
0
1072605697
3221225472
1071814341
2147483648
1072034401
1073741824
1071963895
0
1072117632
1610612736
1072301095
3221225472
1071943902
1610612736
1072591592
536870912
1070172430
2147483648
1072110002
536870912
1070705289
2147483648
1071694312
3758096384
1072282737
2147483648
1070717847
0
1072377258
3758096384
1070569890
0
1071656260
2684354560
1070941626
2147483648
1071133924
1073741824
1069746041
0
1072567945
2147483648
1071062836
2147483648
1072645041
536870912
1069216595
0
1072289075
3758096384
1072602662
3758096384
1067953246
0
1070926548
3221225472
1072104143
2684354560
1070376266
0
1071070779
2147483648
1071898221
3221225472
1070870622
2147483648
1071784061
2147483648
1072470201
536870912
1071365538
3221225472
1069374676
0
1070883096
1073741824
1072319420
1610612736
1071149769
3221225472
1070314376
2147483648
1070983326
2147483648
1071461100
1073741824
1072693247
2684354560
48
