Uvec
2226355706
1072664374
0
1072603892
536870912
1072337621
2684354560
1070279411
2147483648
1072118235
0
1067935308
0
1068711566
0
1072150309
2147483648
1072432867
1610612736
1068895802
0
1071036194
3221225472
1071898546
3221225472
1072536324
2684354560
1070501065
2147483648
1071692223
0
1070010873
0
1070239088
0
1072247662
3758096384
1072188906
1073741824
1070440884
0
1072005478
3221225472
1072014253
536870912
1070860696
0
1070823472
1073741824
1071803830
3758096384
1071677144
2147483648
1070644197
2147483648
1072026152
3758096384
1070850018
2147483648
1068722317
0
1072148930
536870912
1071826302
3221225472
1071929817
2684354560
1071854251
2147483648
1072351335
0
1072638006
2684354560
1068767177
0
1071157532
0
1072646136
0
1072454761
1073741824
1070805482
0
1071262036
1073741824
1071192082
1073741824
1072443194
2684354560
1072073675
2147483648
1068069546
0
1071037831
1073741824
1071048985
0
1068745641
0
1070960447
0
1072119856
2147483648
1068161102
0
1071976788
3221225472
1070653855
1073741824
1071677016
1073741824
1072340343
3221225472
1071754550
1610612736
1071239478
2147483648
1069990017
0
1071603818
1073741824
1072230657
3221225472
1072264564
1073741824
1071200538
0
1072260427
1073741824
1069822108
2147483648
1070307301
0
1071715577
1073741824
1072318415
1073741824
1070077174
0
1072405294
1610612736
1071853130
3221225472
1069154711
0
1071038178
0
1069793990
2147483648
1070726904
3221225472
1072248342
2684354560
1072042973
1073741824
1071974808
1073741824
1071528144
0
1071966361
2147483648
1071370931
3221225472
1072077714
3758096384
1072433898
1073741824
1072518154
0
1070964968
1073741824
1072263713
1073741824
1070932123
1073741824
1072084316
536870912
1072424330
0
1070725322
3221225472
1069515103
0
1071125367
3221225472
1070009382
0
1069806610
2147483648
1072050261
1073741824
1072592988
3221225472
1072181278
1610612736
1072618375
536870912
1071461100
1073741824
1072693247
2684354560
58
