Uvec
2226355706
1072528229
2684354560
1069245654
0
1068976287
0
1072448364
2684354560
1072103958
2147483648
1069888942
0
1071542042
2147483648
1071440564
1073741824
1072047113
3758096384
1071059683
3221225472
1071553612
0
1071293635
3221225472
1071211395
3221225472
1072323695
2684354560
1068891518
0
1071168314
0
1072543301
2147483648
1072269821
0
1072611687
3758096384
1070607192
2147483648
1072059902
0
1072476110
3758096384
1071670616
3221225472
1072126792
0
1072181534
2147483648
1070357138
0
1072434336
1073741824
1072168581
3758096384
1069693060
0
1067885010
0
1072103133
2147483648
1071194611
3221225472
1072322766
536870912
1071468170
0
1070703187
2147483648
1069593215
2147483648
1069708517
0
1070780381
0
1071072057
1073741824
1072009495
0
1072401174
2684354560
1070772196
2147483648
1071900383
2684354560
1072335548
1073741824
1071244538
1073741824
1072409383
3221225472
1072055424
1610612736
1071027201
0
1071300195
2147483648
1072581151
536870912
1071941298
1073741824
1072132732
1073741824
1071947372
1073741824
1071436407
3221225472
1072505087
2147483648
1070491229
0
1070268880
0
1068706856
0
1070900106
2147483648
1068099558
0
1070273133
0
1068330736
0
1071214502
3221225472
1070401721
2147483648
1070979811
1073741824
1071477866
1073741824
1069245036
0
1069663108
2147483648
1071987252
536870912
1070635321
3221225472
1070912497
2147483648
1069926477
0
1070953955
1073741824
1070753379
1073741824
1070186807
0
1072662900
1073741824
1071188971
2147483648
1069363455
0
1072229578
1073741824
1072665604
1073741824
1071923197
2684354560
1071339385
0
1072619160
3758096384
1071718839
2684354560
1072632392
1610612736
1072593285
2684354560
1070378257
0
1069105403
0
1067472156
0
1063514144
0
1070317546
2147483648
1069205269
0
1072119617
0
1072687428
2684354560
1071830425
2147483648
1066744608
0
1068909478
0
1070029080
0
1071461100
1073741824
1072693247
2684354560
32
