Uvec
2226355706
1071564686
3221225472
1072630403
2684354560
1071970741
2684354560
1069798038
0
1068644738
0
1071910545
2147483648
1070770896
0
1069773060
0
1070885832
3221225472
1071779698
1610612736
1069568913
2147483648
1072626322
3221225472
1067931444
0
1067598516
0
1070585528
2147483648
1072395086
1610612736
1072210709
3221225472
1071770871
0
1070231707
0
1072018925
536870912
1068506052
0
1072056595
1073741824
1069587020
0
1066643236
0
1072526582
3758096384
1072408467
2684354560
1070427770
0
1070364045
0
1071660404
0
1072567734
2684354560
1072483530
3221225472
1072442824
1610612736
1071068521
3221225472
1071367400
2147483648
1071218363
0
1070798833
0
1072211160
2147483648
1069800616
2147483648
1070824242
1073741824
1072302364
3758096384
1065471536
0
1069793482
2147483648
1072209626
536870912
1071549792
3221225472
1067250140
0
1071269029
3221225472
1069562367
0
1072144663
2684354560
1072496830
3221225472
1069548766
2147483648
1071697668
2147483648
1072175332
536870912
1072330953
2147483648
1071802043
2684354560
1072619015
3758096384
1072456792
536870912
1069822052
0
1071349859
1073741824
1071868193
1610612736
1072622745
2147483648
1072410221
3221225472
1071483155
2147483648
1069700534
0
1072678854
2147483648
1070987937
3221225472
1071841832
2684354560
1070882614
2147483648
1072108675
3758096384
1072433441
1610612736
1072675590
1073741824
1070168816
0
1069523695
0
1070400360
0
1071310370
3221225472
1072100336
3758096384
1072189028
536870912
1070694280
1073741824
1071921246
1073741824
1072220895
536870912
1072245042
536870912
1071680991
1610612736
1069743532
2147483648
1070162599
0
1071802821
3758096384
1072393140
3758096384
1071889908
3758096384
1068398118
0
1071133729
0
1071341430
3221225472
1071802007
536870912
1065530688
0
1072502324
1073741824
1071388765
0
1071791725
0
1071291934
0
1071371241
1073741824
1072017992
0
1071977829
2147483648
1071461100
1073741824
1072693247
2684354560
49
