Uvec
2226355706
1070290185
2147483648
1071579626
1073741824
1068825061
0
1070663193
2147483648
1070083713
0
1071608468
2147483648
1067659346
0
1068979846
0
1068771078
0
1071436117
3221225472
1070415443
2147483648
1068846156
0
1066582396
0
1072004994
3758096384
1069035881
0
1071944736
1073741824
1071414938
3221225472
1070322108
0
1071793592
3221225472
1070016880
2147483648
1072446377
1610612736
1072248525
2684354560
1071558753
1073741824
1072616887
536870912
1067836862
0
1070876484
1073741824
1072315600
1073741824
1070927527
3221225472
1071400075
1073741824
1067731628
0
1071449211
0
1070096747
0
1072068463
2684354560
1070539671
2147483648
1072406204
1610612736
1071276058
1073741824
1071691642
3221225472
1071795239
2147483648
1072384272
3758096384
1066177064
0
1070842558
2147483648
1072021613
3221225472
1072120797
2684354560
1072388505
1610612736
1072522965
2684354560
1072467014
2147483648
1072339985
3758096384
1070815762
3221225472
1071664859
2684354560
1070964690
3221225472
1071664687
2684354560
1071424864
3221225472
1070642536
1073741824
1071608488
2147483648
1072644077
1073741824
1071945722
0
1071378901
3221225472
1071478651
1073741824
1070359674
2147483648
1070357551
2147483648
1071341942
2147483648
1072488548
2684354560
1070121263
0
1071760348
3758096384
1072692501
1610612736
1071951282
1610612736
1071796645
0
1070702454
3221225472
1072433021
0
1071062756
3221225472
1071373521
1073741824
1069860738
0
1072261298
2147483648
1067400776
0
1072556733
2684354560
1070241164
0
1072323313
1073741824
1070227716
0
1069485193
0
1072499994
0
1069115208
0
1071284696
2147483648
1070586058
2147483648
1072476077
1073741824
1072602574
1610612736
1071295271
2147483648
1069955718
0
1072578760
2147483648
1071026770
2147483648
1071792430
536870912
1070707006
1073741824
1072092784
3221225472
1071585979
3221225472
1071683337
0
1070863374
2147483648
1069606834
0
1068554660
0
1071990372
1073741824
1071461100
1073741824
1072693247
2684354560
64
