Uvec
2226355706
1071891769
2147483648
1063651136
0
1071689948
1073741824
1071502557
2147483648
1065810512
0
1066864708
0
1071872171
3758096384
1072084775
3758096384
1071926749
536870912
1071224874
1073741824
1071585913
1073741824
1072348179
2147483648
1067157432
0
1069636847
0
1072306394
1610612736
1071305861
1073741824
1071993658
1610612736
1072583238
3758096384
1071397146
0
1072353129
1610612736
1072010239
0
1072197198
3221225472
1072305933
2684354560
1067990280
0
1070098474
2147483648
1067009880
0
1071740829
3221225472
1070295675
0
1071630332
1073741824
1070645548
1073741824
1069648648
2147483648
1072140511
2684354560
1070725762
0
1071666680
3758096384
1070468304
2147483648
1072185729
1610612736
1071895455
0
1072185734
3221225472
1072205487
3758096384
1072519532
0
1071327634
3221225472
1072158442
0
1070057145
0
1070912207
2147483648
1071965468
3758096384
1072135153
3221225472
1068693145
0
1067317588
0
1070743776
0
1071379291
1073741824
1072484339
3221225472
1071576524
1073741824
1070856073
3221225472
1069213862
0
1071849746
536870912
1072612227
2147483648
1071852913
2684354560
1072256226
3758096384
1072498865
536870912
1070870877
3221225472
1069338587
0
1070717181
3221225472
1071980776
3758096384
1071167349
0
1069615244
2147483648
1071155941
1073741824
1072519330
536870912
1071594852
3221225472
1072429251
2684354560
1071310813
2147483648
1071869938
536870912
1070142172
2147483648
1061934208
0
1071771409
1610612736
1069995065
2147483648
1072235477
1610612736
1071918194
1610612736
1070889935
1073741824
1072149916
0
1072492284
0
1072450936
0
1072493157
0
1072611189
3758096384
1071545214
0
1070047342
2147483648
1067704348
0
1071997450
2147483648
1070749182
0
1070851043
2147483648
1071758622
3758096384
1071954564
2684354560
1069898179
0
1072058066
1610612736
1069821988
0
1070187172
2147483648
1067634312
0
1070125101
0
1071485648
0
1071461100
1073741824
1072693247
2684354560
55
