Uvec
2226355706
1072101344
0
1071172667
1073741824
1070413877
0
1071567801
1073741824
1071751847
3221225472
1072451964
1610612736
1071915773
1073741824
1072507772
0
1071718354
3758096384
1072173019
536870912
1070280186
2147483648
1070283545
2147483648
1072578558
1610612736
1071808668
536870912
1071180400
3221225472
1071717996
0
1072283683
1610612736
1070894620
2147483648
1072515257
536870912
1072223573
2147483648
1069776614
2147483648
1072468293
536870912
1072439062
1073741824
1072513987
2684354560
1072544328
3221225472
1071674720
3221225472
1071261715
0
1070781750
2147483648
1067347488
0
1072302688
3221225472
1071674662
0
1072177587
0
1072024892
2684354560
1072497675
536870912
1070733503
1073741824
1068454308
0
1072341980
2147483648
1070941312
1073741824
1070313798
0
1070816223
3221225472
1072280718
0
1071808535
2684354560
1072260688
3758096384
1072349578
0
1071561679
1073741824
1072547290
2684354560
1072112519
0
1071347574
1073741824
1071882713
0
1068143066
0
1071570399
1073741824
1071755510
1073741824
1071720204
2684354560
1072380285
1073741824
1070742445
2147483648
1072647317
1610612736
1070314774
2147483648
1067625202
0
1070817129
2147483648
1070942686
2147483648
1070818792
0
1071580627
0
1072174481
2684354560
1071783176
1610612736
1071275710
1073741824
1072629474
2147483648
1070053899
0
1072200954
536870912
1072287999
2147483648
1070880622
2147483648
1069843668
2147483648
1071000852
0
1072596218
2147483648
1070814696
2147483648
1072335158
0
1071878233
0
1071818980
3758096384
1069949970
2147483648
1071448051
0
1071036514
2147483648
1071574799
0
1067712708
0
1072314857
0
1070231517
0
1070640808
0
1069676697
0
1072102154
2147483648
1072427623
3758096384
1068273634
0
1070911037
3221225472
1070111218
0
1072432078
3758096384
1070302292
2147483648
1072308471
1610612736
1072470191
2147483648
1070959561
2147483648
1072634078
3221225472
1071118860
1073741824
1071461100
1073741824
1072693247
2684354560
93
