Uvec
2226355706
1067454486
0
1072061195
3758096384
1071805398
2684354560
1072599597
1610612736
1070104250
0
1071657699
2147483648
1071105895
0
1072553828
536870912
1072664356
2147483648
1072446741
3758096384
1071872385
1610612736
1069364161
0
1070386636
2147483648
1071504109
1073741824
1071747978
3221225472
1072155598
3221225472
1070884302
2147483648
1071723890
3221225472
1068839362
0
1071765525
1073741824
1070939447
1073741824
1072024463
2684354560
1072051578
3758096384
1069531227
0
1069790130
2147483648
1069655894
2147483648
1072652892
3221225472
1071909965
2684354560
1067449336
0
1072253826
3758096384
1071759877
3221225472
1070483609
0
1068941609
0
1070794843
3221225472
1071781929
1073741824
1072170745
1073741824
1068637780
0
1072098829
2684354560
1067019524
0
1072187089
3221225472
1071884822
3758096384
1071673134
1610612736
1072543640
3758096384
1072110494
2147483648
1071369967
2147483648
1072576678
2147483648
1071548634
0
1072258923
0
1072025992
0
1071698724
536870912
1070685323
3221225472
1071566612
0
1071980927
0
1072222600
536870912
1072278888
536870912
1070846008
1073741824
1070979648
1073741824
1066637648
0
1071909291
1073741824
1072209794
0
1071879583
2147483648
1070759921
1073741824
1069980616
0
1067645610
0
1071374723
2147483648
1071286854
3221225472
1069938799
0
1071809731
3221225472
1072607276
1610612736
1071784459
3221225472
1072067907
3221225472
1070093075
0
1072679467
1610612736
1070914802
1073741824
1072132009
536870912
1070245350
0
1072525650
3758096384
1071688826
2147483648
1072649083
2684354560
1071958389
1073741824
1071714833
2684354560
1069640227
0
1072246565
2147483648
1071579017
2147483648
1072296607
2684354560
1072642267
3221225472
1072457829
2147483648
1072079666
536870912
1071498279
1073741824
1068844613
0
1072001817
536870912
1072261883
536870912
1070950804
0
1072325362
2147483648
1069428138
0
1070212711
0
1071616728
2147483648
1071811949
0
1071461100
1073741824
1072693247
2684354560
93
