Uvec
2226355706
1072654569
0
1072242697
2684354560
1071936932
0
1070834647
3221225472
1068848428
0
1066972064
0
1071522139
2147483648
1070942379
0
1069867787
0
1071206623
3221225472
1071663939
1610612736
1072177452
536870912
1071768854
3758096384
1072215076
1073741824
1071967603
1073741824
1072312110
536870912
1070603151
2147483648
1072532677
1610612736
1072607636
1610612736
1072543452
1610612736
1071854711
1610612736
1072118079
1610612736
1072238141
2147483648
1069836646
0
1072197117
3221225472
1071898998
3221225472
1072441262
536870912
1072100999
0
1071733369
3758096384
1070255989
0
1071791842
2147483648
1070928507
0
1071755863
1073741824
1071236984
3221225472
1072381908
2684354560
1071935780
2684354560
1072472237
3758096384
1071036319
2147483648
1072442493
2684354560
1070892048
1073741824
1070655802
2147483648
1072176016
2147483648
1065734352
0
1071755852
536870912
1072163864
2684354560
1071977315
536870912
1072619188
2684354560
1072314695
536870912
1070507980
2147483648
1071862967
536870912
1071353778
1073741824
1070217575
0
1069609331
0
1072438356
3221225472
1072073350
3221225472
1071904502
3221225472
1069992982
0
1072197938
0
1071668571
3221225472
1070123675
2147483648
1072572217
0
1072658486
2684354560
1070228950
2147483648
1071967444
3758096384
1072632325
3221225472
1070957893
2147483648
1071957094
3221225472
1072419167
1073741824
1072420308
1610612736
1071869823
1073741824
1072432707
3221225472
1071804215
3221225472
1070012912
2147483648
1067997946
0
1072541746
536870912
1070800400
3221225472
1072294210
1073741824
1072441421
536870912
1072655681
536870912
1066413720
0
1072520022
3758096384
1072587822
2147483648
1071827959
0
1069007395
0
1072418388
3221225472
1071891736
1610612736
1072311624
1073741824
1071801603
1073741824
1070393267
0
1070208871
2147483648
1071291100
0
1070974226
2147483648
1068931819
0
1071317670
0
1070905752
2147483648
1072190830
536870912
1066803592
0
1071595816
3221225472
1071461100
1073741824
1072693247
2684354560
12
