Uvec
2226355706
1071406732
1073741824
1071768972
1073741824
1070080790
2147483648
1071243694
1073741824
1072345214
536870912
1071898096
536870912
1072499313
1610612736
1072616482
2684354560
1071859694
0
1072457783
2147483648
1072125638
1610612736
1072147157
2684354560
1072241910
3758096384
1069175852
0
1072268681
2147483648
1070234147
2147483648
1070554061
0
1072109516
3221225472
1068332944
0
1071673460
536870912
1071949361
536870912
1072202220
1073741824
1071768351
2147483648
1069647456
2147483648
1071823710
2147483648
1071831438
536870912
1072443081
3758096384
1072431504
536870912
1071570684
1073741824
1071647517
1073741824
1072630966
536870912
1068824624
0
1072271872
2147483648
1071819687
1073741824
1070917791
2147483648
1071567136
1073741824
1070668617
0
1069080197
0
1072364894
2147483648
1071538415
0
1072608533
536870912
1072533038
536870912
1067919148
0
1070190131
2147483648
1072127737
536870912
1068514370
0
1066804820
0
1071007029
1073741824
1071550308
0
1070825732
0
1072486509
1610612736
1067611240
0
1072053829
2147483648
1072692083
2684354560
1072603160
0
1070697533
3221225472
1070407875
0
1070990087
3221225472
1071757595
536870912
1071980831
1073741824
1071896500
1610612736
1071256326
3221225472
1072667677
2147483648
1072474383
536870912
1067256344
0
1072050089
2147483648
1072121085
0
1070531100
0
1072428285
1610612736
1072102841
3758096384
1072223447
1610612736
1068632282
0
1071820870
0
1072439394
536870912
1070106359
2147483648
1071788954
3758096384
1071330697
1073741824
1071579658
2147483648
1071462487
1073741824
1068639490
0
1071503260
0
1072171541
2147483648
1072070250
3221225472
1072647407
2147483648
1069909584
0
1071438633
0
1070920803
1073741824
1069684322
0
1071254729
0
1071635121
2147483648
1071212677
3221225472
1072436258
1610612736
1072210706
3221225472
1071056100
1073741824
1072422165
1610612736
1068937804
0
1071660009
1073741824
1072397457
0
1071461100
1073741824
1072693247
2684354560
68
