Uvec
2226355706
1069379547
0
1071252290
1073741824
1071492383
2147483648
1071345991
2147483648
1072051274
1610612736
1071783744
0
1065914720
0
1071915790
1610612736
1072328734
1073741824
1070937611
3221225472
1070372336
0
1071441529
0
1071978285
536870912
1070906562
0
1068985047
0
1063999808
0
1070610457
3221225472
1071876447
2147483648
1071954860
1073741824
1067669428
0
1072469209
536870912
1071234738
0
1072207342
536870912
1066775600
0
1071462426
2147483648
1072169932
2684354560
1070486659
0
1069679694
2147483648
1069202280
0
1072571007
3758096384
1072356869
2147483648
1069597334
2147483648
1071850281
3221225472
1071954071
2684354560
1071534653
1073741824
1072248879
3758096384
1070401286
2147483648
1066742532
0
1070959088
2147483648
1072523941
2147483648
1071945477
2147483648
1072176069
1073741824
1070914134
1073741824
1068936100
0
1071945284
536870912
1069909248
0
1069581532
2147483648
1071021759
1073741824
1072254318
536870912
1071182961
1073741824
1072292720
3221225472
1071408655
2147483648
1070256831
2147483648
1072241117
536870912
1072045278
0
1071769386
0
1072301139
3758096384
1070144012
2147483648
1071847399
1610612736
1071018665
2147483648
1072532336
3758096384
1072429963
0
1071921756
1610612736
1072403821
3221225472
1071909457
0
1071733416
2147483648
1072394763
3221225472
1070486624
2147483648
1071547015
1073741824
1068818207
0
1071899386
536870912
1071781068
536870912
1072302952
1610612736
1070687668
1073741824
1072577252
2147483648
1072278295
0
1072233337
2147483648
1070860546
3221225472
1069996912
0
1071401791
2147483648
1070146694
2147483648
1071770785
1073741824
1070912053
1073741824
1071644700
536870912
1065391800
0
1070932909
0
1072644534
536870912
1070007111
2147483648
1072445243
3758096384
1072082927
3758096384
1072653243
3221225472
1070610234
2147483648
1072158318
3221225472
1071740922
1610612736
1072115286
2147483648
1072678165
2684354560
1071272094
0
1072083809
2147483648
1071461100
1073741824
1072693247
2684354560
66
