Uvec
2226355706
1070146160
2147483648
1072288933
2684354560
1071684956
1073741824
1061350272
0
1071886677
2684354560
1068777157
0
1071880739
3221225472
1071244357
0
1072147231
536870912
1070838883
2147483648
1071179058
1073741824
1069496351
0
1069072271
0
1070333016
2147483648
1070728344
1073741824
1069124946
0
1071291716
3221225472
1072313493
2147483648
1070596570
2147483648
1070762544
3221225472
1071946356
1610612736
1072263633
1610612736
1069825265
2147483648
1072656296
536870912
1071116579
2147483648
1071444694
2147483648
1072655784
2147483648
1071930489
536870912
1070884588
3221225472
1072691622
3221225472
1070985719
2147483648
1072047501
2147483648
1069564510
2147483648
1071160444
1073741824
1072066528
2684354560
1071013721
1073741824
1070637269
0
1068889340
0
1071658558
0
1070216114
0
1072402582
1610612736
1072219427
536870912
1072431133
1610612736
1068618129
0
1072689712
1073741824
1067376196
0
1072436465
2147483648
1070291494
0
1072614216
3758096384
1070063784
0
1069609375
2147483648
1070859094
3221225472
1068352094
0
1070691328
2147483648
1070726534
1073741824
1071599734
2147483648
1070863030
1073741824
1071435225
1073741824
1070351623
2147483648
1071035818
2147483648
1070831936
3221225472
1066639608
0
1072128047
3221225472
1072272925
3221225472
1072552028
2684354560
1071694566
2147483648
1072658330
1610612736
1069546288
0
1072133944
536870912
1065934312
0
1071541725
3221225472
1072006590
1610612736
1070792871
1073741824
1071016969
0
1072562206
1073741824
1072378520
1610612736
1068180550
0
1068700133
0
1072087375
3221225472
1071705278
1610612736
1071693775
3758096384
1072593793
2147483648
1070235175
2147483648
1072012174
0
1072151513
2684354560
1072000512
536870912
1071267654
0
1072276985
1610612736
1072487587
2684354560
1071964546
2147483648
1072244092
1073741824
1071943006
0
1069921959
0
1070719923
3221225472
1072565649
1073741824
1071956629
1073741824
1071055408
2147483648
1071783259
2684354560
1071461100
1073741824
1072693247
2684354560
48
