Uvec
2226355706
1071120987
3221225472
1069564726
0
1071411442
3221225472
1070479963
2147483648
1072313563
3758096384
1072147821
2684354560
1071681295
1073741824
1071936850
0
1072293708
2147483648
1072220023
2684354560
1069693635
0
1072655890
3221225472
1071963483
0
1069775139
0
1069314471
0
1071363032
3221225472
1071655110
3221225472
1067801920
0
1064498880
0
1070594399
2147483648
1069407365
0
1068653160
0
1072504266
1610612736
1070508729
0
1072385007
536870912
1070834229
3221225472
1069638498
2147483648
1072279132
0
1071224710
1073741824
1072136575
3758096384
1070807628
0
1066787480
0
1070780868
2147483648
1069809329
0
1071636968
2147483648
1071845697
2684354560
1072418889
2684354560
1069938847
2147483648
1071385641
2147483648
1071514219
0
1071573075
1073741824
1070695893
1073741824
1071942348
3221225472
1072005877
1073741824
1071862411
2147483648
1071870404
3758096384
1071211249
3221225472
1072153103
3221225472
1070845778
0
1071661546
3758096384
1072278648
0
1070119912
0
1068119014
0
1072584467
2684354560
1071608714
2147483648
1072394011
3758096384
1072624282
3758096384
1071171881
2147483648
1071508453
2147483648
1069477013
0
1071759885
1073741824
1072597372
2147483648
1072113021
2147483648
1071054587
1073741824
1070149170
0
1071064138
2147483648
1070456959
0
1071574296
3221225472
1072200347
2684354560
1067638678
0
1071881353
1610612736
1071543604
1073741824
1072307884
536870912
1067254296
0
1072563647
1610612736
1071344734
2147483648
1072211138
2147483648
1072094366
536870912
1066983120
0
1072338897
2147483648
1072215380
1610612736
1070507333
2147483648
1069931448
2147483648
1070200944
2147483648
1071967626
1610612736
1071357522
3221225472
1066027200
0
1071827975
536870912
1072447601
1073741824
1072517966
0
1071379968
1073741824
1070676956
1073741824
1072658301
2684354560
1072629748
1610612736
1070452059
2147483648
1070815472
1073741824
1071690735
2147483648
1071608343
2147483648
1071461100
1073741824
1072693247
2684354560
68
