Uvec
2226355706
1069594672
2147483648
1072505412
2684354560
1072652363
0
1072673566
3221225472
1071932066
536870912
1070495687
0
1071393541
0
1072058371
2147483648
1071294503
1073741824
1072250032
3221225472
1071760920
1610612736
1068538831
0
1071548384
3221225472
1067179624
0
1072196418
2684354560
1071029041
1073741824
1071546330
3221225472
1071288352
2147483648
1070929417
3221225472
1069225032
0
1069330806
0
1069766270
2147483648
1071877935
3221225472
1072620563
3221225472
1071727370
3221225472
1071778213
2147483648
1071945399
1073741824
1071437999
1073741824
1072180276
0
1072591170
1610612736
1071685049
3221225472
1072274700
2147483648
1068218598
0
1069600642
2147483648
1071385158
0
1072643420
2147483648
1069395772
0
1071819504
3758096384
1072539057
1073741824
1072473970
3758096384
1070748379
1073741824
1071476598
1073741824
1072437360
1073741824
1072543678
0
1070933156
2147483648
1071920217
536870912
1067675318
0
1072100270
2684354560
1072433953
3758096384
1071956064
2147483648
1069285497
0
1070910762
1073741824
1071387008
1073741824
1070719277
2147483648
1070642031
3221225472
1071759648
2684354560
1068311416
0
1071918591
2147483648
1070993273
1073741824
1072273927
536870912
1072553544
2147483648
1066407788
0
1071845199
1610612736
1072691597
3221225472
1072094636
2684354560
1060244736
0
1071573275
0
1072462058
2147483648
1072250709
3221225472
1067846740
0
1070769604
0
1071863503
1073741824
1072691012
2684354560
1070834681
0
1070027528
2147483648
1072079205
3221225472
1072282891
536870912
1071135850
1073741824
1070758149
1073741824
1072623381
1610612736
1072670991
3758096384
1066906064
0
1072349048
1073741824
1067803452
0
1071216858
3221225472
1071992606
536870912
1069663156
2147483648
1072292690
1610612736
1068789968
0
1070908118
1073741824
1069739882
0
1071181593
1073741824
1071827387
1610612736
1071482827
2147483648
1072106288
536870912
1070022946
2147483648
1067376428
0
1069006385
0
1071461100
1073741824
1072693247
2684354560
57
