Uvec
2226355706
1072355239
0
1071205821
0
1072331621
0
1072376159
2684354560
1071104818
0
1072160719
2684354560
1069684453
2147483648
1071149964
2147483648
1072633769
2147483648
1069967067
2147483648
1072011338
2147483648
1065928840
0
1072350120
536870912
1072560812
1073741824
1072180559
2684354560
1072231162
1073741824
1068979923
0
1071802564
536870912
1069265183
0
1070831468
1073741824
1069725543
0
1069677450
2147483648
1071941489
2684354560
1071691406
0
1072370875
536870912
1071895963
2684354560
1071359826
3221225472
1070666266
1073741824
1071276846
3221225472
1072192147
2684354560
1072367561
0
1071619653
3221225472
1072619581
1073741824
1069563125
0
1072692953
2147483648
1071722801
1610612736
1071745908
1610612736
1071917379
3758096384
1069581606
0
1069792837
0
1072459033
1610612736
1072550769
0
1065757632
0
1071499911
1073741824
1071005577
1073741824
1071893404
3758096384
1071672844
536870912
1072077906
1073741824
1071845035
536870912
1071795557
2684354560
1071205122
1073741824
1070168723
0
1072397721
0
1070886654
0
1071747793
1610612736
1072407893
3221225472
1070682082
1073741824
1072462701
0
1071972996
1073741824
1069405682
0
1072378846
3221225472
1071762183
536870912
1072142028
1073741824
1072150537
0
1072670535
2684354560
1071725129
3758096384
1072635835
3221225472
1071698261
2684354560
1071594286
0
1072221705
0
1072060149
3758096384
1066933560
0
1072026959
536870912
1072097309
3758096384
1072657591
1073741824
1072198707
0
1072600597
536870912
1070950756
1073741824
1072657601
2684354560
1070724774
3221225472
1069955399
2147483648
1070040193
2147483648
1072059846
1073741824
1071514208
1073741824
1071617689
2147483648
1070593815
0
1072395682
2684354560
1072505772
2684354560
1070783509
2147483648
1069703610
2147483648
1071821703
3221225472
1071963519
536870912
1071703897
3758096384
1071222461
0
1069143109
0
1070627775
1073741824
1067608330
0
1072091842
2147483648
1071461100
1073741824
1072693247
2684354560
38
