Uvec
2226355706
1072689990
3758096384
1072558011
0
1071182132
3221225472
1072159194
2147483648
1072444239
3758096384
1072400408
536870912
1071608525
1073741824
1072243115
0
1070641800
1073741824
1070979488
3221225472
1072161268
1610612736
1069640580
2147483648
1072487446
3221225472
1070241856
2147483648
1072579466
2684354560
1072003040
2684354560
1071877818
536870912
1072331944
0
1069582306
2147483648
1072598094
1610612736
1071541090
2147483648
1072231937
0
1071728431
3221225472
1071912358
2147483648
1070371265
2147483648
1071732363
1610612736
1067505158
0
1068844042
0
1072272442
3221225472
1071337839
2147483648
1071262796
0
1072534410
0
1072329296
2147483648
1071746025
2684354560
1069395387
0
1071181886
2147483648
1070441999
2147483648
1072159740
3758096384
1070528469
2147483648
1071872677
1610612736
1072089552
536870912
1072463890
2147483648
1070047601
2147483648
1070385242
0
1071822229
3221225472
1071127913
0
1069579221
0
1069644960
0
1068940078
0
1071026608
2147483648
1067926418
0
1072519280
536870912
1072343069
3758096384
1071348985
1073741824
1072394099
536870912
1071986922
1073741824
1071018478
3221225472
1072574446
536870912
1071862155
536870912
1069444368
0
1070916319
3221225472
1072160831
2147483648
1072194638
2147483648
1071754628
0
1072289287
536870912
1072185846
0
1072127946
1610612736
1072389070
2147483648
1072121663
1073741824
1069502809
0
1072584570
1073741824
1072116705
3221225472
1069815362
0
1067624080
0
1068850996
0
1070345068
0
1071664100
0
1070661184
0
1068046636
0
1071123215
3221225472
1071861483
2147483648
1071971946
1073741824
1071048730
2147483648
1070591765
0
1072431055
2147483648
1071753134
2684354560
1071374260
0
1072233674
2147483648
1072478232
3758096384
1069771191
0
1071798805
3758096384
1072438131
0
1069779820
2147483648
1070455525
2147483648
1072285181
1610612736
1072657554
2147483648
1068955316
0
1072053376
0
1071461100
1073741824
1072693247
2684354560
66
