Uvec
2226355706
1070232945
0
1070243704
0
1072192121
1610612736
1070983995
0
1071017011
1073741824
1071095349
1073741824
1072462093
0
1072292478
1073741824
1072167105
3221225472
1071132367
3221225472
1071655410
536870912
1067658462
0
1071521296
0
1072120174
1610612736
1071218724
0
1068933335
0
1070733255
2147483648
1071528555
1073741824
1071503671
2147483648
1070617323
0
1071371079
1073741824
1072550212
3758096384
1069591354
0
1072054869
2147483648
1071925008
3221225472
1069179882
0
1072656745
3758096384
1072483108
1610612736
1072095237
2147483648
1071582247
0
1071829353
3221225472
1072678971
3221225472
1067720754
0
1071205708
1073741824
1069104571
0
1072298702
1610612736
1071732208
1610612736
1068609664
0
1071309568
3221225472
1071329630
3221225472
1072521837
2684354560
1071182022
3221225472
1072161547
1073741824
1071017750
1073741824
1071689084
1610612736
1069849976
2147483648
1070417537
0
1071640253
0
1070391428
0
1072368284
536870912
1072332963
1073741824
1070863803
0
1072437699
2147483648
1071699703
2147483648
1072194850
1610612736
1071505339
3221225472
1071266118
0
1072515921
2147483648
1072353100
1610612736
1071874581
1610612736
1066461360
0
1071762709
1610612736
1070489742
2147483648
1072119572
536870912
1072135140
2147483648
1071861346
536870912
1072144993
1610612736
1070908879
2147483648
1071709537
3221225472
1070107705
0
1065590856
0
1072155203
0
1069191852
0
1071455563
2147483648
1071410746
1073741824
1070778895
0
1071614444
2147483648
1068333670
0
1071907657
2147483648
1070715422
1073741824
1067175332
0
1072145878
3758096384
1071894683
1610612736
1068999712
0
1072619729
2147483648
1069306848
0
1071313706
2147483648
1069566363
2147483648
1072577041
0
1072380864
2684354560
1068110242
0
1071768340
2147483648
1069026729
0
1072101495
1073741824
1070217388
0
1071892210
2684354560
1070991692
1073741824
1072568926
3221225472
1071461100
1073741824
1072693247
2684354560
68
