Uvec
2226355706
1072323383
2684354560
1072353994
1073741824
1072130237
0
1069901124
0
1069372590
0
1070885008
0
1072109439
536870912
1070097987
2147483648
1072092817
1073741824
1069811446
0
1072103419
2147483648
1071777831
2147483648
1072187247
0
1071973275
1610612736
1071914359
3221225472
1071149002
0
1069497372
0
1068551554
0
1070750322
1073741824
1072656135
1073741824
1071070029
2147483648
1072468355
3758096384
1070646490
1073741824
1071938432
1610612736
1072081300
1610612736
1071332329
2147483648
1072692829
2147483648
1068510234
0
1070903153
3221225472
1071946914
3221225472
1071942595
1073741824
1072098772
3758096384
1072302013
2684354560
1071417679
0
1071829946
3221225472
1071511601
2147483648
1067265528
0
1071996762
2147483648
1071952743
0
1070518204
2147483648
1072211460
0
1070898042
3221225472
1070522108
0
1071883500
2147483648
1072226534
1073741824
1071356577
3221225472
1071449110
1073741824
1063099840
0
1071458228
0
1072210193
2147483648
1072601457
3758096384
1069762387
2147483648
1070287233
0
1071836016
1610612736
1072498954
1610612736
1072127719
2147483648
1072423979
0
1072373755
3221225472
1069670474
0
1070979240
0
1071876974
2147483648
1071528464
2147483648
1072001853
1610612736
1071221521
3221225472
1071407565
3221225472
1071646047
2147483648
1070263245
0
1070831604
0
1070679272
2147483648
1070109528
2147483648
1068534871
0
1070434299
0
1071864237
1610612736
1072549073
3758096384
1072061786
1610612736
1069602732
0
1069748109
0
1071795805
1610612736
1071170579
3221225472
1072632503
2147483648
1069363134
0
1072642983
1073741824
1072046604
3221225472
1069277312
0
1072079490
3221225472
1070867165
1073741824
1072226632
3758096384
1071846312
1610612736
1071995803
536870912
1071910165
2684354560
1070011371
0
1071628417
0
1069859379
0
1070581611
2147483648
1072263628
2147483648
1071986169
1073741824
1070820582
2147483648
1071610417
0
1071461100
1073741824
1072693247
2684354560
4
