Uvec
2226355706
1069270803
0
1072513990
0
1071464368
0
1072439185
3221225472
1071801194
1073741824
1072608384
1073741824
1071814485
3221225472
1065885200
0
1070517289
0
1072687893
536870912
1071781540
3758096384
1071935367
2684354560
1071355851
0
1069936662
0
1071689556
2147483648
1072137353
536870912
1071656492
1610612736
1071438516
2147483648
1072276226
1610612736
1071647875
1073741824
1067182532
0
1071721286
2147483648
1072312118
2684354560
1072629774
3758096384
1072010783
2684354560
1072046869
1073741824
1070983207
1073741824
1070721615
1073741824
1072670812
536870912
1072579747
2684354560
1072083892
3221225472
1072006428
3758096384
1071998138
2684354560
1072247441
0
1071977152
0
1072124415
3758096384
1071080901
3221225472
1072580080
3758096384
1070952726
1073741824
1070668706
3221225472
1072619741
536870912
1070102695
2147483648
1070185761
2147483648
1071510362
3221225472
1070331842
2147483648
1072165724
3758096384
1068948093
0
1070813213
0
1072146031
3221225472
1067171664
0
1068047992
0
1072055684
3221225472
1071768599
0
1070812574
0
1071596725
3221225472
1072653199
2684354560
1068100118
0
1072462545
3758096384
1069740136
2147483648
1071890206
1610612736
1066719684
0
1071251892
0
1072459908
1073741824
1066273544
0
1071928510
1610612736
1072109335
0
1071931296
0
1072214983
3221225472
1072419482
1610612736
1071341181
2147483648
1070040113
0
1071990605
3758096384
1072546694
0
1072614745
0
1069841266
0
1071676777
3221225472
1071814406
1073741824
1071206347
3221225472
1069843100
2147483648
1072427452
3758096384
1071537960
3221225472
1072279315
0
1068421548
0
1071913888
2684354560
1071721712
1073741824
1069643597
2147483648
1067827392
0
1069600333
2147483648
1072496065
3221225472
1069537461
0
1071509545
0
1071662697
1073741824
1072093701
0
1072653590
1610612736
1072437686
3758096384
1071937476
2684354560
1072025917
0
1071763524
2684354560
1071461100
1073741824
1072693247
2684354560
62
