Uvec
2226355706
1071375592
3221225472
1071198963
3221225472
1071653907
1610612736
1071169493
0
1071630935
3221225472
1071801247
1610612736
1070890013
1073741824
1072154759
2147483648
1071287372
2147483648
1070226832
2147483648
1068203378
0
1070384469
2147483648
1069331023
0
1069822586
0
1072607053
536870912
1070777499
0
1070983052
2147483648
1072234103
1073741824
1070452088
0
1070811833
0
1072241413
536870912
1072256036
2684354560
1072160457
0
1069860446
2147483648
1072481973
1073741824
1071001957
0
1068733804
0
1071712689
3758096384
1071057767
2147483648
1070071716
2147483648
1072093009
1073741824
1069599728
2147483648
1072542646
2147483648
1071370877
2147483648
1072500375
3221225472
1071944784
536870912
1070925140
3221225472
1072645436
2684354560
1067965124
0
1072688306
3758096384
1072658317
1610612736
1072293586
2684354560
1070198537
2147483648
1067936046
0
1069779991
2147483648
1070789852
2147483648
1072518804
2684354560
1072260792
1610612736
1069686957
0
1071668056
2147483648
1072397624
2684354560
1072405463
0
1067724664
0
1068522875
0
1072447625
1610612736
1071954434
3758096384
1065918176
0
1072221160
2147483648
1072276393
1610612736
1069620819
0
1072461496
2147483648
1072256807
2684354560
1069840716
2147483648
1066698964
0
1072342818
2147483648
1071679621
1610612736
1069395335
0
1071331041
2147483648
1071998287
2684354560
1072469939
2147483648
1070130625
0
1072081587
1610612736
1072291331
2147483648
1071351911
2147483648
1072605399
1610612736
1070084117
2147483648
1069437689
0
1069140515
0
1070523817
0
1070115859
2147483648
1072146322
2147483648
1072601766
1073741824
1072022764
1073741824
1072230701
3758096384
1071942238
1610612736
1070223874
0
1071541959
3221225472
1071869687
1073741824
1070218335
2147483648
1070959045
2147483648
1070471489
0
1071955391
1073741824
1070310145
0
1071735421
3221225472
1070394986
0
1072645511
3758096384
1070204168
2147483648
1071742341
0
1071461100
1073741824
1072693247
2684354560
13
