Uvec
2226355706
1072284876
1610612736
1070678796
3221225472
1067297180
0
1072485585
3221225472
1072423596
1073741824
1071845546
0
1069971571
0
1071270830
0
1072331176
3221225472
1070919628
2147483648
1072191509
1073741824
1072690112
1610612736
1068120454
0
1072654920
536870912
1068889212
0
1069480108
0
1071974900
2684354560
1070457689
2147483648
1070560884
0
1071132175
1073741824
1072191109
3221225472
1071596128
3221225472
1070419761
0
1071654969
1610612736
1069837548
2147483648
1072459760
1610612736
1071034145
0
1071458159
0
1068090538
0
1071703663
3758096384
1072173569
1073741824
1069246173
0
1071529245
0
1072421872
536870912
1071571121
1073741824
1072238953
536870912
1072679922
0
1072367811
1073741824
1069226077
0
1070848169
1073741824
1069625503
0
1069272704
0
1072224954
1073741824
1072156784
2147483648
1071831587
1610612736
1071587610
2147483648
1072355776
3758096384
1071870723
3221225472
1072259471
536870912
1070634623
1073741824
1068180672
0
1064874352
0
1071128100
3221225472
1070737673
1073741824
1069723347
2147483648
1072540190
536870912
1071512605
2147483648
1072479017
1073741824
1072227724
2684354560
1072677430
3758096384
1072579496
2684354560
1072251618
1610612736
1072493438
2147483648
1071649061
1610612736
1071738727
1610612736
1072419529
2684354560
1072639704
536870912
1072363156
0
1071561315
1073741824
1067772940
0
1072088088
0
1071217490
1073741824
1072387962
3758096384
1072481512
2147483648
1072540904
2147483648
1070665195
0
1070019172
0
1071846810
1073741824
1070827446
2147483648
1071342280
3221225472
1072050762
0
1069573343
2147483648
1070825740
0
1072472354
2147483648
1069646985
2147483648
1072082452
1610612736
1072658409
536870912
1071586803
1073741824
1072233802
1610612736
1072376613
1610612736
1070882762
3221225472
1068608802
0
1072499668
2684354560
1069836503
2147483648
1071954527
3758096384
1071933717
0
1070871257
2147483648
1067962200
0
1071461100
1073741824
1072693247
2684354560
53
