Uvec
2226355706
1071278094
0
1072276121
0
1072055758
3221225472
1072357515
2684354560
1069929015
2147483648
1072111787
2147483648
1072370007
2147483648
1071108783
1073741824
1070202587
0
1070777243
2147483648
1072113699
2684354560
1071835590
3758096384
1071144271
0
1072485889
0
1070152332
0
1071055322
1073741824
1072169316
1073741824
1071979914
2684354560
1072634137
1610612736
1070617745
3221225472
1071672387
2684354560
1071399464
3221225472
1070064908
2147483648
1069729494
0
1070708279
2147483648
1072377547
2684354560
1071972627
3221225472
1070984936
1073741824
1069752355
2147483648
1072146652
0
1071741760
3758096384
1072081926
3758096384
1071829342
3758096384
1070511727
0
1070166609
2147483648
1068915583
0
1071689834
2147483648
1072337242
2684354560
1071228912
3221225472
1072572750
2147483648
1072599188
3758096384
1068426546
0
1072604356
0
1069852332
0
1072465359
2147483648
1072059726
3221225472
1071458515
2147483648
1071700428
3758096384
1069127832
0
1072456086
1073741824
1072513611
2684354560
1072372685
3758096384
1068342556
0
1072247224
1610612736
1072056657
1610612736
1071083102
2147483648
1071904612
3758096384
1071864870
1610612736
1071329634
3221225472
1068508502
0
1068917926
0
1070890627
3221225472
1071012167
3221225472
1071920435
2147483648
1071915271
3221225472
1069617405
0
1071210903
2147483648
1069118868
0
1067339376
0
1066595744
0
1066476680
0
1072315508
1610612736
1071625553
1073741824
1071959396
536870912
1068130056
0
1072648063
2684354560
1071455588
2147483648
1071534407
0
1072299203
3758096384
1072141602
3758096384
1072182733
1610612736
1071679969
2147483648
1071697203
1610612736
1071806911
1610612736
1072153921
2147483648
1069818473
2147483648
1072154420
2147483648
1072383599
3758096384
1072156007
3758096384
1071191263
1073741824
1069888206
0
1072205175
1610612736
1071546970
3221225472
1070266842
0
1070279612
0
1069043085
0
1072445845
536870912
1069464439
0
1071461100
1073741824
1072693247
2684354560
76
