Uvec
2226355706
1071419392
0
1072623888
3758096384
1072666055
1073741824
1072273445
1610612736
1066741760
0
1072632427
3221225472
1070642644
1073741824
1072525438
2684354560
1069438589
0
1071904515
536870912
1071990773
2684354560
1071988613
3221225472
1070676129
2147483648
1072119584
0
1071940725
2147483648
1070413622
0
1065764144
0
1072165025
0
1070148725
2147483648
1071947648
1073741824
1072331059
3221225472
1072683017
1073741824
1072294413
0
1072609139
2147483648
1072553209
536870912
1069690314
0
1071659234
0
1070790226
1073741824
1071882846
1073741824
1071822644
1073741824
1071064014
2147483648
1069940162
2147483648
1072509174
1073741824
1071654892
3758096384
1071210825
2147483648
1070653060
1073741824
1070643656
3221225472
1072485673
2147483648
1069559419
2147483648
1072306741
0
1070852172
0
1068844568
0
1070653008
1073741824
1071867183
2147483648
1072331197
536870912
1072441442
1073741824
1070137661
2147483648
1072379007
3221225472
1064335120
0
1072136619
2684354560
1070357717
2147483648
1071620147
2147483648
1069971741
2147483648
1072438439
1073741824
1072396503
2684354560
1070454324
0
1068031610
0
1072600432
2147483648
1072322934
0
1070735224
2147483648
1072265332
3758096384
1071810380
1073741824
1072098702
2147483648
1072051340
1610612736
1070980893
3221225472
1069786402
0
1072622929
1610612736
1072155114
3221225472
1071822542
3221225472
1072044551
0
1070044058
0
1071099636
1073741824
1072220207
1610612736
1064808160
0
1071056001
0
1071650071
2684354560
1066577408
0
1071432037
0
1071960696
536870912
1070806307
3221225472
1071342506
3221225472
1071414008
0
1072439769
3758096384
1072588305
2147483648
1070200443
2147483648
1071632434
3221225472
1072664459
2147483648
1070379101
2147483648
1071841963
1073741824
1072162032
0
1070724281
0
1072174897
536870912
1072087816
3758096384
1071830652
3758096384
1069882381
0
1071638545
2147483648
1072335260
0
1071485130
3221225472
1071461100
1073741824
1072693247
2684354560
41
