Uvec
2226355706
1071584684
1073741824
1070309412
0
1072301997
3221225472
1072670818
0
1070506516
2147483648
1072109281
3758096384
1071525808
1073741824
1065696352
0
1069720478
2147483648
1071691345
536870912
1072189175
536870912
1071441718
3221225472
1072563357
1610612736
1070991341
1073741824
1072632764
2684354560
1070653909
1073741824
1070673313
0
1072050454
2684354560
1071977115
2147483648
1072335535
1073741824
1070080731
0
1072030622
2147483648
1069709546
0
1071848100
0
1071535612
2147483648
1072014460
536870912
1071098874
2147483648
1072659907
2684354560
1070655975
0
1072007007
1610612736
1069806994
0
1071477841
3221225472
1069483779
0
1068910685
0
1072193525
1073741824
1072539487
536870912
1071371152
2147483648
1072629645
2684354560
1071783516
2147483648
1071389874
0
1072375646
2147483648
1072018105
3221225472
1071721308
2147483648
1071940244
3221225472
1072287867
3758096384
1069724232
0
1071693230
1610612736
1070256233
2147483648
1071895288
0
1072387503
1610612736
1071452330
1073741824
1072312612
2684354560
1072564910
0
1071112239
1073741824
1070894470
2147483648
1065544008
0
1069587204
2147483648
1069807192
2147483648
1069944286
0
1070646560
2147483648
1072624381
3221225472
1071874069
3221225472
1071927804
0
1070890173
0
1071069266
0
1072479655
536870912
1072471282
2684354560
1069807931
2147483648
1071999552
1610612736
1072542739
3758096384
1072138099
1073741824
1071241711
0
1072596780
2147483648
1072451313
2147483648
1072674679
2684354560
1072316689
3758096384
1071631276
3221225472
1069635142
2147483648
1071422363
0
1071808156
536870912
1072371892
2684354560
1072534474
3221225472
1071783420
2147483648
1071393365
3221225472
1069283103
0
1069846208
0
1070637324
0
1072431418
3758096384
1072014575
1610612736
1067667600
0
1071835497
1073741824
1071288297
3221225472
1070553747
0
1072234026
3221225472
1072011118
536870912
1070895041
3221225472
1072523182
536870912
1069556051
0
1071461100
1073741824
1072693247
2684354560
24
