Uvec
2226355706
1070926296
1073741824
1069967650
2147483648
1072113880
1073741824
1069588128
0
1072314196
1610612736
1071977539
0
1072469796
2684354560
1069916122
2147483648
1072561982
1073741824
1071645190
0
1070919816
2147483648
1072607975
1610612736
1072423199
1610612736
1071358300
3221225472
1072062891
2147483648
1072370149
3221225472
1071319590
0
1071313770
2147483648
1072257590
1073741824
1072275073
2684354560
1071784291
3221225472
1070937728
1073741824
1071649747
1073741824
1072526622
1610612736
1072506725
0
1070482241
2147483648
1072538571
1073741824
1072476195
3221225472
1072312802
2684354560
1070556301
0
1070297789
2147483648
1071684628
2684354560
1072144065
0
1072482388
2684354560
1072092298
1610612736
1069619509
2147483648
1072060913
2684354560
1071811995
1073741824
1071858919
1073741824
1072564398
536870912
1069862462
0
1071940374
536870912
1069614114
0
1070707637
2147483648
1071785294
0
1071884166
2684354560
1071742629
3758096384
1070685117
3221225472
1072454892
3758096384
1071206637
3221225472
1072580894
3758096384
1072190188
3758096384
1071762685
2147483648
1071636765
1073741824
1068070660
0
1071490394
3221225472
1072157916
3758096384
1070408313
2147483648
1072167536
536870912
1072663530
3758096384
1071320249
2147483648
1071797083
3758096384
1071688008
0
1071212709
1073741824
1071343337
3221225472
1070870200
1073741824
1072369817
3758096384
1070752375
3221225472
1072637764
2147483648
1070452340
0
1070782903
0
1068970411
0
1072391963
3758096384
1065503792
0
1072385825
1610612736
1067690096
0
1072545636
1610612736
1069719045
0
1072043588
3758096384
1069707066
0
1072556859
1073741824
1071817536
3221225472
1059927552
0
1071951084
0
1072239182
2684354560
1072049106
2147483648
1072418648
536870912
1072476754
536870912
1071443903
2147483648
1072050276
3221225472
1069777731
2147483648
1069684935
0
1072133160
0
1071873606
2684354560
1072439568
0
1072091253
536870912
1072219911
3758096384
1071917146
1610612736
1071461100
1073741824
1072693247
2684354560
28
