Uvec
2226355706
1071371503
2147483648
1069568146
2147483648
1070882790
0
1068327332
0
1071296669
3221225472
1069685661
0
1071671844
536870912
1070586673
0
1070675689
3221225472
1071615280
0
1072366037
1073741824
1071423689
0
1072214512
536870912
1071069277
0
1070019350
0
1071540689
0
1071068767
0
1067704100
0
1071662599
2684354560
1071015113
1073741824
1071855779
3221225472
1072107511
3758096384
1071125175
0
1072631845
2684354560
1071520968
0
1072368476
3221225472
1071969001
3221225472
1072456935
1073741824
1067660650
0
1072042859
2684354560
1072530936
3758096384
1072393178
536870912
1070612375
3221225472
1072334281
2147483648
1071663916
3758096384
1067992878
0
1072306939
2684354560
1072105785
3221225472
1071720378
2147483648
1066627212
0
1071993347
3758096384
1072170414
2684354560
1071809165
3758096384
1071275736
0
1072260929
3221225472
1071514984
0
1071648459
2147483648
1071022411
2147483648
1069790784
0
1068300816
0
1071145327
1073741824
1071652708
3758096384
1071478819
3221225472
1071340335
2147483648
1069660189
0
1072311110
1073741824
1072465906
536870912
1071859693
3221225472
1071723803
2684354560
1072675324
2684354560
1071734446
2147483648
1071675969
1610612736
1071766589
3221225472
1071903446
3758096384
1062826496
0
1070856453
2147483648
1070630567
1073741824
1071567305
1073741824
1070794114
3221225472
1072216772
1610612736
1072064347
536870912
1069855337
0
1070335618
0
1071672636
3221225472
1068675136
0
1068077410
0
1072026152
2684354560
1072458955
2147483648
1071065836
0
1070877387
3221225472
1072137751
1610612736
1072115072
3221225472
1071072867
3221225472
1070629858
1073741824
1072199944
1073741824
1072671716
3221225472
1071494951
0
1072336227
3221225472
1069841494
0
1072014213
2684354560
1072586425
3758096384
1071330784
1073741824
1069496512
0
1070650766
1073741824
1068118376
0
1070659054
2147483648
1069316207
0
1071205058
0
1071461100
1073741824
1072693247
2684354560
6
