Uvec
2226355706
1065784768
0
1071385502
0
1072524974
2147483648
1072575739
1610612736
1070748882
0
1068909896
0
1068804353
0
1070232403
2147483648
1072022259
0
1071344715
1073741824
1071784506
0
1072588215
536870912
1072100129
1610612736
1071846142
0
1071068570
2147483648
1070779266
0
1068977717
0
1072235049
1610612736
1070931430
1073741824
1067832634
0
1071016751
0
1070363814
2147483648
1071832877
2684354560
1070544365
2147483648
1072087892
2684354560
1060334336
0
1072092574
536870912
1071043489
1073741824
1069099296
0
1071687376
2684354560
1071703502
2147483648
1070909682
1073741824
1071657005
2684354560
1069580129
2147483648
1069916992
2147483648
1071404277
2147483648
1072100206
2684354560
1072580484
0
1072663204
536870912
1072232885
1073741824
1071140949
1073741824
1070816245
1073741824
1070158574
2147483648
1071940911
0
1070599615
0
1067900654
0
1072411870
536870912
1071399082
2147483648
1070881421
2147483648
1070775210
0
1071241303
0
1070349502
0
1072425650
3758096384
1070925693
1073741824
1070738657
3221225472
1071862696
1610612736
1071961539
3221225472
1072572470
1073741824
1070767201
1073741824
1071877666
3221225472
1070106728
2147483648
1072153154
1610612736
1069839851
0
1071585998
1073741824
1070999737
3221225472
1068513040
0
1071463694
0
1070579801
0
1072129863
3758096384
1071591927
0
1071628473
3221225472
1069958535
2147483648
1072617780
0
1072364841
1073741824
1071216914
3221225472
1071894179
3758096384
1070791489
1073741824
1071837703
536870912
1072121689
2147483648
1066390920
0
1072636810
2147483648
1072190710
1073741824
1072022365
2684354560
1062978560
0
1071512900
3221225472
1071134107
3221225472
1069895676
2147483648
1072464657
1073741824
1071809468
1610612736
1072447171
2684354560
1070260860
0
1071627489
0
1070779337
2147483648
1069619284
0
1072107503
2684354560
1070820358
3221225472
1072145644
3221225472
1072022959
536870912
1071461100
1073741824
1072693247
2684354560
4
