Uvec
2226355706
1071968093
1073741824
1068989588
0
1072077537
3758096384
1071260185
3221225472
1068544219
0
1071756134
2147483648
1072475684
3758096384
1071620596
0
1072039278
2684354560
1072201640
0
1072466901
536870912
1071005610
3221225472
1072373097
1073741824
1071355326
2147483648
1070954268
2147483648
1071903821
2684354560
1070750830
2147483648
1071894197
1073741824
1071866415
0
1072011589
2147483648
1069445456
0
1072340029
2147483648
1072365777
2147483648
1070173717
2147483648
1072671952
3758096384
1071584436
0
1066621288
0
1070455732
0
1068967826
0
1072215936
1073741824
1071910997
2684354560
1071959261
1073741824
1072275275
536870912
1071670852
2684354560
1072135053
3221225472
1067522784
0
1072663586
1610612736
1070090846
0
1070814822
3221225472
1070775412
1073741824
1069980486
0
1072236466
0
1071742898
0
1071918719
1073741824
1069141951
0
1072441168
2684354560
1072304448
536870912
1070681670
0
1071674376
1610612736
1071325865
3221225472
1072140558
0
1072442574
0
1065807808
0
1072664077
3758096384
1072257182
1073741824
1071990058
2147483648
1070945326
0
1070712232
0
1072016189
3758096384
1072082889
536870912
1069776234
0
1070046357
2147483648
1072454466
1073741824
1068130370
0
1071369191
0
1072088095
2684354560
1071553298
0
1070563761
2147483648
1071124026
2147483648
1072395764
0
1070763672
1073741824
1070869915
0
1071446878
2147483648
1070041746
0
1070350798
2147483648
1072017733
3758096384
1071061638
2147483648
1072451532
536870912
1072300322
1073741824
1072688613
2147483648
1072045989
536870912
1072339491
1610612736
1072326837
1073741824
1071912608
2684354560
1070113152
0
1070966028
1073741824
1068027970
0
1070732922
2147483648
1070992838
1073741824
1071788546
0
1070517527
0
1068110166
0
1072103047
536870912
1070786027
0
1072351678
536870912
1072150460
0
1071202039
0
1072348625
1073741824
1071461100
1073741824
1072693247
2684354560
66
