Uvec
2226355706
1070717707
1073741824
1071177585
0
1072675820
2684354560
1072305074
2147483648
1072373724
1610612736
1069866721
2147483648
1071174794
2147483648
1072619818
2684354560
1071617578
1073741824
1072664058
3758096384
1070777007
1073741824
1071064411
2147483648
1066188680
0
1072301447
536870912
1071266711
2147483648
1072355467
1073741824
1071959947
3758096384
1071569344
2147483648
1071170051
0
1069154337
0
1072558209
2147483648
1072407679
3221225472
1069772448
0
1071452475
1073741824
1072381939
0
1071808053
2684354560
1072370743
3221225472
1071278762
2147483648
1070994532
0
1071681261
3758096384
1072365677
0
1069774986
0
1072462845
0
1069951483
0
1072577845
3758096384
1069158960
0
1071864183
1610612736
1066460588
0
1070958372
3221225472
1071822558
2684354560
1071160171
2147483648
1068823027
0
1070536879
0
1069618928
0
1071288991
3221225472
1072025278
2147483648
1072441014
3221225472
1069900792
2147483648
1072401487
3758096384
1071959425
2684354560
1071266294
2147483648
1070770421
3221225472
1070790284
3221225472
1071684486
1610612736
1071798807
2684354560
1072091400
536870912
1069986822
2147483648
1071868091
1610612736
1071275869
2147483648
1072086684
0
1071908222
2147483648
1068718236
0
1071174571
3221225472
1071394612
0
1071614942
3221225472
1072674905
1610612736
1071658860
3221225472
1070929554
2147483648
1072288488
3758096384
1068921962
0
1072239465
3221225472
1070749352
3221225472
1070645309
3221225472
1071293366
1073741824
1072608181
0
1069483539
0
1072669932
3221225472
1070953568
0
1071590757
1073741824
1071481074
3221225472
1072642898
1073741824
1072558460
1073741824
1072489890
0
1071097163
0
1072677577
1610612736
1072433066
0
1070348627
0
1070710071
0
1071507276
1073741824
1071690589
536870912
1071012068
3221225472
1071482210
3221225472
1071395382
2147483648
1068198814
0
1072159245
3221225472
1070826844
0
1071775671
536870912
1070639378
1073741824
1071461100
1073741824
1072693247
2684354560
44
