Uvec
2226355706
1070730921
0
1072166681
2684354560
1066475216
0
1069791539
0
1071294053
1073741824
1071337211
2147483648
1071909074
1073741824
1071965749
2147483648
1072212652
2147483648
1071361066
0
1071654514
536870912
1070239685
2147483648
1071860790
1610612736
1071226219
3221225472
1072391284
2684354560
1071749645
1073741824
1072358550
1610612736
1072576084
2147483648
1067933026
0
1072557018
536870912
1072039283
3758096384
1067370960
0
1070129475
2147483648
1069481631
0
1071219699
0
1071355070
0
1071702802
2684354560
1071707512
2147483648
1071921807
1073741824
1066238408
0
1068896567
0
1072682366
2147483648
1069363091
0
1070247440
2147483648
1071968866
1073741824
1072283548
3758096384
1071660319
2147483648
1068132754
0
1071730989
3758096384
1070720554
3221225472
1070942350
2147483648
1071100188
2147483648
1071233263
1073741824
1072545208
1073741824
1071815757
536870912
1071896990
3758096384
1069841831
2147483648
1071705908
3758096384
1072219644
0
1072216680
2684354560
1071397895
0
1072688139
3758096384
1072551636
2684354560
1071828773
2147483648
1072022155
536870912
1072664701
3221225472
1070758517
1073741824
1072170485
0
1071756304
536870912
1072221670
3221225472
1068109668
0
1072648042
0
1069532902
0
1071322921
0
1071846141
3758096384
1072163656
1610612736
1069411281
0
1067844320
0
1069840045
2147483648
1071023588
3221225472
1072580573
1073741824
1069904625
0
1071420383
0
1069644380
0
1069799300
0
1069607898
2147483648
1069657019
2147483648
1070505669
2147483648
1072485072
536870912
1071427176
1073741824
1072391155
0
1069470965
0
1072571995
3221225472
1071869722
0
1071987140
3758096384
1070749777
3221225472
1072293003
1073741824
1070894747
1073741824
1072368043
2684354560
1072074063
2684354560
1067884402
0
1072173152
3758096384
1070744623
2147483648
1068632559
0
1071801354
536870912
1072362995
0
1066038920
0
1071628219
3221225472
1071461100
1073741824
1072693247
2684354560
88
