Uvec
2226355706
1072328826
0
1071605540
3221225472
1066407396
0
1072490708
2684354560
1072620711
0
1071391435
3221225472
1072211404
3758096384
1072444519
1073741824
1072040558
3758096384
1070328602
2147483648
1072435297
0
1069958528
2147483648
1072392948
0
1072278927
2684354560
1070586928
2147483648
1071765225
2684354560
1072116066
2684354560
1071945079
1610612736
1072323994
1610612736
1071736444
1073741824
1070530908
0
1071105698
1073741824
1071735089
0
1072562693
3221225472
1071836561
3758096384
1068766544
0
1072244638
0
1071984706
2684354560
1069595794
0
1071985376
1073741824
1069846107
0
1072528324
0
1072099111
0
1071374665
1073741824
1070131569
2147483648
1068725971
0
1068930421
0
1071682419
3758096384
1072187658
1610612736
1070931887
1073741824
1071903391
3221225472
1072023165
0
1072586206
3758096384
1072496806
2147483648
1072568712
3221225472
1069749693
2147483648
1070245358
0
1063920384
0
1068866328
0
1069766984
0
1070025491
0
1071020271
2147483648
1071737237
1073741824
1072085949
2684354560
1072531636
2147483648
1072013791
2147483648
1072063805
536870912
1071505021
0
1071314668
2147483648
1071879499
1610612736
1070131513
2147483648
1070704400
1073741824
1072307226
2147483648
1071671623
2147483648
1070165435
2147483648
1070962067
3221225472
1072226400
2684354560
1071825103
1073741824
1071471948
2147483648
1072330440
536870912
1071961535
536870912
1070678778
3221225472
1068345746
0
1072004450
536870912
1069870391
0
1071899412
3758096384
1071017283
1073741824
1071864982
3221225472
1071207139
1073741824
1072599026
536870912
1071771308
3758096384
1069744174
0
1071898149
3758096384
1072265324
0
1071990900
1610612736
1071797368
3758096384
1072444787
2684354560
1070943436
0
1069844044
0
1071778928
1073741824
1069671987
2147483648
1070441167
2147483648
1071866797
1073741824
1072632296
2147483648
1072653952
3221225472
1070140612
2147483648
1070605644
1073741824
1069141834
0
1071461100
1073741824
1072693247
2684354560
55
