Uvec
2226355706
1070911982
1073741824
1072208057
2684354560
1068935405
0
1072317519
3221225472
1072003750
2684354560
1071289154
3221225472
1072544153
1610612736
1072070714
3221225472
1071857085
1073741824
1072486175
2684354560
1072494219
1610612736
1068865976
0
1072178620
536870912
1071337923
1073741824
1070838888
0
1072182605
536870912
1068774052
0
1072666914
1073741824
1069913644
0
1071702979
2147483648
1072288054
3758096384
1070102799
0
1064537904
0
1071310792
0
1069150153
0
1071785604
3758096384
1071898431
0
1070834714
1073741824
1069318456
0
1071482474
1073741824
1072590899
3221225472
1070900381
3221225472
1072220833
2684354560
1071778750
3758096384
1072079484
2684354560
1069779524
2147483648
1072554141
1610612736
1071938591
2684354560
1072276643
2147483648
1072487073
2684354560
1072038729
1073741824
1071955271
3221225472
1072039311
1073741824
1067195216
0
1071748974
2147483648
1070798895
3221225472
1070622452
0
1069979287
2147483648
1071105960
3221225472
1069544204
0
1072262165
3758096384
1071585549
1073741824
1068594037
0
1072434450
536870912
1071661025
2684354560
1072267980
3221225472
1071930905
2684354560
1071165478
3221225472
1070753941
0
1072528229
3221225472
1070610866
2147483648
1072421740
3758096384
1071074755
2147483648
1072249994
3758096384
1069613853
2147483648
1069597797
2147483648
1072526975
1610612736
1066938724
0
1072365653
1073741824
1072361659
1610612736
1071246720
1073741824
1069617823
2147483648
1071079334
1073741824
1071728253
3221225472
1071388828
3221225472
1072143705
536870912
1071682387
536870912
1068169766
0
1070343911
2147483648
1072149312
536870912
1071486019
1073741824
1070023925
0
1069585901
0
1071686697
3758096384
1071864226
0
1072355082
2684354560
1071272165
0
1070692981
3221225472
1071073356
0
1071553723
0
1071072869
3221225472
1071706158
1073741824
1069687144
2147483648
1070068852
2147483648
1072682234
0
1070401951
2147483648
1072000759
1610612736
1070078227
0
1071461100
1073741824
1072693247
2684354560
14
