Uvec
2226355706
1071771181
2684354560
1070585504
2147483648
1072397024
2147483648
1072291998
3221225472
1070160673
2147483648
1071865304
3221225472
1072320732
536870912
1066356488
0
1071578918
0
1072633388
1610612736
1070583895
0
1071910556
2684354560
1070104299
0
1072211296
0
1072025901
536870912
1072191686
3221225472
1071074956
0
1070826952
2147483648
1072639205
3758096384
1071952510
3758096384
1070346112
2147483648
1071656454
0
1071920717
1610612736
1069839833
2147483648
1070648082
2147483648
1072551067
1073741824
1072503258
2147483648
1069094412
0
1072556962
1073741824
1070401134
2147483648
1072460046
1073741824
1070678603
3221225472
1071306702
2147483648
1072123929
0
1072209239
1610612736
1072165746
1073741824
1071699358
2147483648
1069537574
0
1071804953
3221225472
1071784744
3758096384
1071652991
536870912
1072123908
2147483648
1071983296
1073741824
1071841598
1073741824
1072433554
536870912
1070948813
2147483648
1068513611
0
1071878631
2147483648
1064030848
0
1072031491
3221225472
1071805699
0
1068537846
0
1070518061
2147483648
1072134853
536870912
1072434552
3221225472
1072248243
2147483648
1071809927
3221225472
1068687346
0
1069232236
0
1071860528
3221225472
1067604248
0
1071403791
0
1070738725
1073741824
1072251077
1610612736
1071675957
1610612736
1072269474
3758096384
1072279078
3221225472
1071631090
0
1071252040
1073741824
1072077766
0
1072486214
536870912
1068638807
0
1068020282
0
1071808461
536870912
1069884467
2147483648
1071758295
2147483648
1071241055
3221225472
1072492356
536870912
1070792027
0
1072405434
1073741824
1071826347
1610612736
1068784086
0
1072044654
2147483648
1071562812
2147483648
1071809572
3758096384
1072680335
536870912
1071433216
3221225472
1072212860
2684354560
1071688718
3221225472
1068674739
0
1071743614
2147483648
1070195622
0
1071238525
2147483648
1070762716
0
1069266481
0
1071100860
2147483648
1072359079
536870912
1072313896
2147483648
1071461100
1073741824
1072693247
2684354560
63
