Uvec
2226355706
1071845857
3221225472
1071969191
2147483648
1072518549
3758096384
1067888406
0
1072388890
3221225472
1070254252
2147483648
1066669456
0
1072427712
1610612736
1072622431
1610612736
1072018978
2147483648
1071827775
2684354560
1072033866
1073741824
1072371614
0
1070491978
0
1071916717
2147483648
1071349326
2147483648
1070713512
0
1072349511
2684354560
1071756954
536870912
1072307868
0
1070754111
2147483648
1072362460
3221225472
1069446987
0
1072231568
3758096384
1071798281
3221225472
1069658671
0
1069756508
2147483648
1072534764
0
1071271245
0
1069667797
0
1072259825
536870912
1069663473
2147483648
1072432083
2684354560
1071936200
536870912
1071890745
2147483648
1072640834
536870912
1072152840
1073741824
1070369696
0
1070020891
2147483648
1071737907
2684354560
1071605175
0
1072201572
0
1065763376
0
1071433411
1073741824
1072100753
2147483648
1070778982
2147483648
1072205961
1610612736
1072253230
3221225472
1071355797
1073741824
1072201276
3221225472
1067530850
0
1072366853
536870912
1070598175
2147483648
1067413044
0
1072559548
3221225472
1071684818
1073741824
1072394132
3758096384
1070448498
0
1072330790
1073741824
1070171310
0
1072519808
1610612736
1072332553
3758096384
1070284696
2147483648
1071111973
3221225472
1068722571
0
1071456595
2147483648
1071072615
3221225472
1071368241
3221225472
1071435489
2147483648
1070415419
2147483648
1067611620
0
1070743222
3221225472
1071719963
2147483648
1072061279
3758096384
1072195422
3758096384
1072576639
0
1072207786
3221225472
1070838986
2147483648
1071958736
2684354560
1070411024
2147483648
1071070762
0
1070917610
1073741824
1071141610
1073741824
1067053132
0
1071836244
536870912
1070197159
0
1070398882
2147483648
1070761168
3221225472
1071767441
3758096384
1072312098
0
1071447430
0
1069644212
0
1072626099
1073741824
1071136145
3221225472
1071244735
1073741824
1071718590
2147483648
1071280879
2147483648
1072116776
3758096384
1071461100
1073741824
1072693247
2684354560
58
