Uvec
2226355706
1071614468
2147483648
1066020384
0
1072053013
536870912
1072237482
3758096384
1069884471
2147483648
1072064636
2684354560
1072085479
536870912
1069195539
0
1072221831
3221225472
1070398962
2147483648
1070997280
3221225472
1072566043
3221225472
1070853255
2147483648
1072138332
2147483648
1070859757
1073741824
1071691088
1610612736
1072536456
0
1072639222
2147483648
1070381852
2147483648
1069299689
0
1070935276
0
1072137344
536870912
1071068559
0
1072318278
0
1069379102
0
1069560562
2147483648
1069457639
0
1071988606
536870912
1069076802
0
1071471648
2147483648
1066828560
0
1070267578
0
1069237830
0
1070095292
0
1071118579
3221225472
1072310064
3221225472
1070992738
2147483648
1069781614
0
1071499315
2147483648
1071868494
1610612736
1071009281
3221225472
1071938045
3758096384
1070813520
2147483648
1071757208
3221225472
1071592075
0
1071696757
1610612736
1070707289
0
1070663199
1073741824
1069637446
2147483648
1072189390
2147483648
1072623615
0
1072643439
3221225472
1071875602
2147483648
1072348791
2684354560
1072069292
536870912
1071315516
3221225472
1071736225
0
1072297378
2147483648
1071924327
3221225472
1072506969
0
1072011646
3221225472
1070893331
0
1068852335
0
1067819602
0
1070919081
0
1072296058
0
1072499155
1610612736
1071322788
2147483648
1072625845
3758096384
1071931247
1073741824
1066875048
0
1071008624
2147483648
1072404674
2684354560
1070598239
3221225472
1072108111
1073741824
1070933507
0
1072380364
2147483648
1071015822
2147483648
1069619107
2147483648
1071002665
3221225472
1071480979
1073741824
1071859662
2147483648
1071998353
3758096384
1071171552
3221225472
1069931304
0
1072490299
2147483648
1071997563
3758096384
1071000206
2147483648
1068180724
0
1072368259
3221225472
1068176966
0
1072204687
1073741824
1072421926
3221225472
1071341274
2147483648
1071786763
0
1072246261
2147483648
1072418758
1073741824
1070960225
0
1071461100
1073741824
1072693247
2684354560
19
