Uvec
2226355706
1071525518
0
1072222480
3221225472
1066126512
0
1072320589
0
1069816328
0
1071733404
2684354560
1071817442
1073741824
1070951520
1073741824
1071958386
1610612736
1072561290
1610612736
1072670859
1610612736
1068500188
0
1072374619
3221225472
1072473097
3758096384
1070526484
2147483648
1065409376
0
1072293011
1610612736
1070094693
0
1072289023
2684354560
1070052929
0
1071601908
0
1071146086
3221225472
1071036304
0
1072387603
3758096384
1070904678
2147483648
1070232326
2147483648
1072370816
1610612736
1072005102
1073741824
1072660556
0
1070611633
1073741824
1072458087
536870912
1072433421
3758096384
1070705652
1073741824
1069900909
0
1071904482
536870912
1071526461
1073741824
1069093673
0
1071882968
3758096384
1071857309
3221225472
1072287604
3758096384
1070852310
0
1072366589
1610612736
1071675170
3758096384
1071055005
3221225472
1067825400
0
1065360040
0
1071960566
0
1072486221
0
1072434140
3221225472
1071221205
0
1071853710
2147483648
1072198533
2684354560
1072601608
1073741824
1071972390
1610612736
1071892120
3758096384
1070684566
0
1071788434
2147483648
1072090688
536870912
1070906459
0
1069727272
0
1071746415
1610612736
1071305717
2147483648
1072685740
3221225472
1067524682
0
1072294807
0
1070722437
2147483648
1072094183
1073741824
1071448596
1073741824
1070680993
0
1071016423
2147483648
1070954559
0
1072378931
3221225472
1072088510
2684354560
1072550885
2684354560
1071360095
1073741824
1069813690
2147483648
1072591028
2684354560
1070882628
3221225472
1071916211
3221225472
1069486525
0
1071286818
0
1072162839
3221225472
1071878170
1073741824
1072166263
2684354560
1071894167
3221225472
1068407160
0
1070704546
3221225472
1072584557
1610612736
1072310620
0
1071898666
3221225472
1071963491
2684354560
1070355435
2147483648
1071484619
3221225472
1070418755
2147483648
1071598244
0
1070982056
1073741824
1070219045
0
1072249183
536870912
1071461100
1073741824
1072693247
2684354560
77
