Uvec
2226355706
1072080760
2684354560
1071774466
536870912
1070350130
2147483648
1070620731
1073741824
1071813903
3758096384
1072195827
1610612736
1071726225
2684354560
1070237007
0
1071874033
2684354560
1071601897
1073741824
1071921899
0
1072425914
0
1072069215
0
1071027902
1073741824
1071857927
1073741824
1071439844
1073741824
1071385720
1073741824
1072366260
536870912
1072351939
3758096384
1070261753
2147483648
1072602420
2684354560
1072505739
1073741824
1071828803
1073741824
1067363020
0
1071350424
3221225472
1072571585
536870912
1072332944
1073741824
1072155963
2147483648
1072663279
0
1071291781
2147483648
1070756570
2147483648
1070773994
1073741824
1072268633
2147483648
1070892225
3221225472
1071464631
1073741824
1071430325
3221225472
1072127030
536870912
1072636426
1610612736
1072260080
3758096384
1070827719
1073741824
1072007392
3221225472
1070654419
3221225472
1072149293
1610612736
1070989659
2147483648
1071576791
2147483648
1072617084
2684354560
1072617038
2684354560
1072075279
3221225472
1070738958
2147483648
1071833155
0
1070097015
0
1072164682
3221225472
1070903127
1073741824
1072478823
1610612736
1070481994
2147483648
1072503382
3758096384
1070922197
1073741824
1072160887
3221225472
1070714043
0
1071030856
3221225472
1068522773
0
1069174446
0
1069582324
0
1072371664
536870912
1071950116
1610612736
1071887082
1073741824
1070808045
1073741824
1069785458
0
1071723946
1610612736
1072236884
1610612736
1071279610
3221225472
1071747585
536870912
1072630686
1073741824
1070882578
2147483648
1070323878
0
1071595498
1073741824
1065373984
0
1070646044
3221225472
1071561611
1073741824
1072391595
2684354560
1072262586
0
1070799655
1073741824
1071007587
0
1067810786
0
1070250631
0
1072225457
1610612736
1069837927
0
1066474516
0
1071779218
2147483648
1072033942
2147483648
1072261419
3221225472
1070227424
0
1072034002
2684354560
1067834596
0
1071601998
1073741824
1070388068
0
1072177062
2147483648
1072681258
3758096384
1071461100
1073741824
1072693247
2684354560
51
