Uvec
2226355706
1071806034
2684354560
1072468427
3221225472
1071668973
1073741824
1069609776
0
1071003552
3221225472
1071946819
2684354560
1071856833
2684354560
1072144191
3758096384
1072625257
2684354560
1071158856
0
1072340993
1073741824
1072070686
3221225472
1069933037
0
1069376425
0
1072360580
3221225472
1072211530
3758096384
1072247675
3758096384
1069701647
0
1071236988
0
1070134272
0
1071719864
3221225472
1071636179
0
1070600212
1073741824
1070843074
1073741824
1070092036
0
1069893923
0
1072541452
2684354560
1072159063
3221225472
1064919360
0
1072110920
3758096384
1068359554
0
1072092308
2147483648
1069752605
0
1071811705
2147483648
1071930057
536870912
1072579999
2684354560
1065552784
0
1072374579
1073741824
1071649121
2684354560
1072663758
3758096384
1071197621
0
1071011118
3221225472
1071729745
0
1071864816
1073741824
1069732412
0
1071915055
2684354560
1072424804
0
1071970916
536870912
1071887750
2147483648
1062683200
0
1071640504
2147483648
1071391329
0
1072252466
1073741824
1072139772
3221225472
1071885631
536870912
1071350026
3221225472
1071962525
2147483648
1071284147
2147483648
1070292279
2147483648
1070852881
1073741824
1069465105
0
1070032005
2147483648
1072693092
0
1072481673
3221225472
1070250467
2147483648
1070075967
2147483648
1071056208
3221225472
1071922839
536870912
1070934206
3221225472
1072294710
0
1068891943
0
1070104611
0
1071373523
3221225472
1072566434
2684354560
1072466079
2147483648
1071613864
3221225472
1070052280
0
1070997848
1073741824
1070767253
1073741824
1072509556
1073741824
1071732782
1610612736
1070060952
0
1071612612
0
1070827940
3221225472
1071890056
0
1072383572
0
1072622741
1073741824
1072389014
2684354560
1071031953
2147483648
1072104443
3758096384
1070781953
3221225472
1071375878
1073741824
1072110833
3221225472
1072663913
3221225472
1070816322
2147483648
1067781150
0
1072228341
536870912
1072127383
1610612736
1071461100
1073741824
1072693247
2684354560
80
