Uvec
2226355706
1070368565
0
1072484085
1610612736
1071754203
536870912
1070029045
2147483648
1071149605
1073741824
1070479095
0
1071980859
536870912
1071822556
536870912
1071650865
3758096384
1071876384
3221225472
1072213248
1610612736
1068686603
0
1072380558
3758096384
1068877653
0
1071954387
3758096384
1071874185
536870912
1068881694
0
1069631948
0
1069876826
0
1072089284
1073741824
1070502239
0
1072529862
536870912
1070165276
0
1072284289
2684354560
1072288279
1610612736
1072406044
0
1072458282
0
1071250893
3221225472
1071879477
0
1069844914
2147483648
1070184708
2147483648
1064101952
0
1070880995
3221225472
1071639983
1073741824
1070108701
0
1071239419
0
1072212814
2147483648
1072466204
1610612736
1072684336
3221225472
1072039998
3221225472
1071084400
2147483648
1070877976
1073741824
1070220623
2147483648
1071913534
1610612736
1070820003
3221225472
1070834408
2147483648
1071664100
2684354560
1072441787
3221225472
1063663232
0
1071440742
1073741824
1071188066
2147483648
1071797390
536870912
1068764347
0
1071798630
1610612736
1070858292
1073741824
1071830104
536870912
1072123990
536870912
1072104555
3758096384
1072105901
1073741824
1068724886
0
1072205329
1610612736
1072377248
3758096384
1070494513
2147483648
1069553074
0
1071600092
3221225472
1071785037
2684354560
1068832405
0
1072143270
3758096384
1072209735
3221225472
1072510943
536870912
1071351013
3221225472
1071180985
3221225472
1072370115
3758096384
1071131558
3221225472
1072274908
2684354560
1072660245
2147483648
1070853532
3221225472
1071850221
3221225472
1072269082
2684354560
1070539038
0
1071198883
3221225472
1072112735
536870912
1070940930
2147483648
1070662744
0
1070669009
2147483648
1068533775
0
1070039159
2147483648
1072079318
1610612736
1071003539
1073741824
1072194415
0
1068962003
0
1071832477
1073741824
1070669235
0
1070729918
2147483648
1072348130
2147483648
1072131070
0
1069427127
0
1072444510
3221225472
1071461100
1073741824
1072693247
2684354560
57
