Uvec
2226355706
1072502926
3221225472
1072028195
2684354560
1072100572
1073741824
1072153628
1610612736
1071542024
2147483648
1066818732
0
1072480609
2684354560
1072682008
2147483648
1071706981
0
1070739300
0
1071924942
536870912
1072440545
1073741824
1071266269
1073741824
1071670198
3758096384
1072494837
3758096384
1071340271
0
1071125161
0
1072083248
3221225472
1071238662
2147483648
1071967496
0
1071676050
2147483648
1070273807
0
1069683947
0
1069577743
0
1071943905
2147483648
1072119996
2147483648
1067833668
0
1071724002
3758096384
1071763256
1073741824
1067511130
0
1067313084
0
1072682083
2684354560
1069545936
0
1069320056
0
1072528935
536870912
1071347259
1073741824
1072336919
2684354560
1071933756
536870912
1071533223
0
1072524643
2684354560
1072635812
2147483648
1071877902
2684354560
1067918608
0
1072669012
0
1072412123
3758096384
1072178845
3758096384
1071900237
1073741824
1071865051
3221225472
1072126682
536870912
1070906676
0
1070067697
2147483648
1072290523
3758096384
1071132718
3221225472
1071471840
1073741824
1067610338
0
1072299938
2147483648
1072470217
1610612736
1070803462
2147483648
1072164860
1073741824
1071133673
1073741824
1071991290
0
1066616988
0
1071242630
2147483648
1071962731
1073741824
1071624283
0
1071302771
2147483648
1072248888
3221225472
1072669248
0
1071157402
0
1072537031
1073741824
1069801612
0
1071490478
2147483648
1070893812
2147483648
1072025467
3221225472
1070111469
2147483648
1069837390
0
1068783402
0
1067951554
0
1071971363
0
1072115128
2684354560
1072444034
2684354560
1070685331
1073741824
1071535450
0
1070911013
1073741824
1069995061
2147483648
1068277756
0
1070011040
0
1071839934
3758096384
1072500877
1610612736
1072217977
536870912
1070712717
1073741824
1070726269
3221225472
1070118376
2147483648
1067876884
0
1071757264
3221225472
1072446654
2147483648
1070994029
0
1071932151
2147483648
1071461100
1073741824
1072693247
2684354560
1
