Uvec
2226355706
1071998655
3758096384
1066759360
0
1066996304
0
1069069732
0
1067319180
0
1071026638
3221225472
1070678652
2147483648
1072503375
1073741824
1072572501
2147483648
1070530415
0
1071819250
0
1069973752
2147483648
1072274698
536870912
1071702035
536870912
1070639435
1073741824
1070798073
3221225472
1071666748
3221225472
1064645024
0
1070907038
0
1072010124
1073741824
1072596852
3221225472
1065740048
0
1068314432
0
1068520774
0
1072418748
1610612736
1071496302
3221225472
1071426673
3221225472
1068053388
0
1071003693
2147483648
1069083304
0
1072479166
3758096384
1069586641
2147483648
1070663959
2147483648
1072217965
536870912
1069988915
0
1069640006
2147483648
1072271934
1073741824
1071395891
0
1069592820
2147483648
1069702968
2147483648
1071291559
2147483648
1070636323
3221225472
1068473066
0
1071004309
0
1068171842
0
1072370415
536870912
1072140650
2147483648
1071906368
3221225472
1072512679
3758096384
1071286504
2147483648
1070464361
2147483648
1062069504
0
1072529602
2684354560
1072000106
2147483648
1071343095
3221225472
1072383589
0
1072678493
1610612736
1071686127
3221225472
1071862872
536870912
1072131589
3221225472
1071976181
2147483648
1067890322
0
1070962228
2147483648
1071571264
3221225472
1069989773
0
1071834661
536870912
1071954203
536870912
1068607991
0
1072316262
2684354560
1072340877
0
1071732560
0
1070652914
3221225472
1072404889
1073741824
1070521885
2147483648
1070317958
0
1065861808
0
1072249717
1073741824
1070797554
0
1070258893
2147483648
1070583654
2147483648
1068653256
0
1071526997
1073741824
1071985456
536870912
1070733081
3221225472
1071718973
536870912
1072160691
1073741824
1072316915
2684354560
1070107306
2147483648
1072076630
2147483648
1072139355
536870912
1069224684
0
1070667032
3221225472
1072341741
1073741824
1070433199
0
1071001081
0
1070887675
2147483648
1068426462
0
1070667793
3221225472
1071461100
1073741824
1072693247
2684354560
71
