Uvec
2226355706
1072561801
1073741824
1072008192
536870912
1071755645
536870912
1071436096
3221225472
1071742504
2684354560
1070607382
3221225472
1072191067
2147483648
1072645667
0
1070202787
2147483648
1070444851
2147483648
1071932928
0
1070611770
1073741824
1070710015
0
1070761015
3221225472
1071933808
536870912
1071385921
0
1071782219
3758096384
1071664788
3221225472
1072177118
1610612736
1068290292
0
1072400138
536870912
1070572008
0
1072306142
3758096384
1072616338
536870912
1071503030
3221225472
1071778918
1610612736
1068941965
0
1072520691
1073741824
1071823548
3221225472
1068791906
0
1072315147
3221225472
1072233869
0
1071153587
1073741824
1072057660
2147483648
1071967216
3758096384
1070383425
0
1070124596
0
1069686050
0
1070554859
2147483648
1071204990
3221225472
1072164378
3221225472
1071895841
3758096384
1070704554
0
1072013139
1610612736
1071822776
1610612736
1070847929
0
1072221606
2684354560
1070401155
2147483648
1072500338
3221225472
1072358557
2147483648
1072404815
536870912
1072654426
2684354560
1070302120
0
1070793986
2147483648
1070706963
2147483648
1071936359
2147483648
1071996856
0
1072665609
0
1071350275
2147483648
1071646123
1073741824
1071767727
1073741824
1072231664
2147483648
1072413321
2684354560
1072028202
1610612736
1072270150
2147483648
1070045036
0
1069198104
0
1071776550
3758096384
1071961963
1610612736
1071796448
536870912
1072091876
536870912
1071764258
3221225472
1072586169
3221225472
1072474249
3758096384
1069846391
0
1070083931
2147483648
1072575640
3221225472
1071580107
3221225472
1072246725
3758096384
1070745036
1073741824
1072258118
3758096384
1070001868
2147483648
1071164671
2147483648
1072154341
2147483648
1072095287
0
1071495315
1073741824
1071394580
3221225472
1069512619
0
1069792460
0
1067320444
0
1072022341
2684354560
1072359237
3758096384
1071060015
0
1071856309
0
1070995683
3221225472
1070811526
1073741824
1071201895
1073741824
1071754786
3221225472
1071461100
1073741824
1072693247
2684354560
41
