Uvec
2226355706
1072545746
2147483648
1069564278
0
1065215248
0
1071276533
3221225472
1071342737
1073741824
1072210852
3758096384
1071068089
3221225472
1072142028
3758096384
1071216472
2147483648
1072574192
1610612736
1072623008
1610612736
1072323505
3758096384
1068908709
0
1072110105
3758096384
1071081193
3221225472
1072305414
3758096384
1068280500
0
1072560549
1073741824
1072326007
3221225472
1068931332
0
1068801272
0
1072062371
1073741824
1072087543
3758096384
1072262177
536870912
1066555264
0
1070732390
1073741824
1072114002
1073741824
1071931768
3758096384
1067289540
0
1068985544
0
1071680853
1073741824
1070680681
2147483648
1072156555
1073741824
1072114997
3758096384
1069359047
0
1072084314
3758096384
1072418920
3758096384
1071388229
1073741824
1070339600
2147483648
1071032883
0
1071847639
536870912
1071564227
3221225472
1071932188
2147483648
1072089006
1610612736
1072316125
3758096384
1072137092
3221225472
1071294766
1073741824
1072445788
2684354560
1072150245
1073741824
1069720631
0
1072018160
2684354560
1070754334
3221225472
1070171197
2147483648
1071801101
3758096384
1070809198
0
1070230614
2147483648
1071462679
1073741824
1070394132
2147483648
1071963845
2684354560
1072156886
536870912
1071031915
0
1070327896
2147483648
1072040220
0
1070609229
2147483648
1072245932
0
1071778776
3221225472
1069493144
0
1071748584
3758096384
1069804880
0
1071679059
3758096384
1072413972
2147483648
1070808528
2147483648
1071746939
3758096384
1071744373
536870912
1070843874
3221225472
1071137008
3221225472
1072140937
3221225472
1071469429
3221225472
1068438216
0
1071597959
1073741824
1070730867
1073741824
1071482014
2147483648
1071910698
3221225472
1071666007
1073741824
1071768399
1073741824
1070678565
0
1068514718
0
1072537599
3221225472
1071042235
0
1069863026
0
1072629668
2684354560
1071284774
3221225472
1070965221
3221225472
1072462623
2147483648
1072607119
2684354560
1072039111
1610612736
1069570101
0
1071793860
1610612736
1071461100
1073741824
1072693247
2684354560
28
