Uvec
2226355706
1072362378
1073741824
1071222904
1073741824
1072030894
2147483648
1070585022
2147483648
1072405718
3221225472
1072546716
2684354560
1070607133
2147483648
1069077531
0
1072414638
0
1072202962
1073741824
1071990411
3758096384
1064343360
0
1071323054
1073741824
1072257951
0
1070789440
0
1067494702
0
1072340462
3221225472
1069662236
2147483648
1072179201
3758096384
1072046775
1073741824
1069025651
0
1069957616
0
1070759716
1073741824
1069523054
0
1069641467
0
1069726103
2147483648
1070945900
1073741824
1071943254
2684354560
1071900151
536870912
1071719496
1073741824
1071325473
2147483648
1069833821
0
1071204449
0
1070621559
2147483648
1072575617
2684354560
1071412955
2147483648
1071515500
2147483648
1072063604
3758096384
1069415395
0
1071335475
0
1072470420
2147483648
1069952621
2147483648
1070686883
0
1072689810
1073741824
1072348470
0
1071881408
2684354560
1069805616
2147483648
1071614528
2147483648
1070903745
1073741824
1071856286
3221225472
1069745140
2147483648
1070764079
1073741824
1071365646
0
1070639682
0
1072546804
1073741824
1071424654
0
1072571274
2684354560
1070903302
1073741824
1069661734
2147483648
1071721848
3221225472
1072550443
2684354560
1072363610
3221225472
1068553562
0
1072501745
3221225472
1069765458
0
1072306361
3221225472
1072579260
536870912
1071784507
536870912
1071741352
2147483648
1072307010
2684354560
1072206901
3221225472
1068816391
0
1068774700
0
1069545507
0
1071611099
3221225472
1072439809
1073741824
1072133265
0
1071023443
0
1072149133
0
1072169029
0
1071633799
0
1071894864
0
1072291387
1073741824
1071302109
0
1070581325
0
1072345087
3758096384
1067245344
0
1072300084
2684354560
1071622816
3221225472
1070850824
0
1071815753
2147483648
1070824087
0
1071007572
0
1072181619
0
1069425775
0
1071971993
3758096384
1069991416
0
1071852281
2684354560
1071461100
1073741824
1072693247
2684354560
11
