Uvec
2226355706
1071019150
3221225472
1070148420
0
1071366272
1073741824
1070543849
2147483648
1071512235
0
1072115167
1610612736
1072105804
2147483648
1071662256
0
1072188594
0
1070944892
0
1072432564
2147483648
1072241463
1073741824
1072542998
3758096384
1071409284
1073741824
1071149929
1073741824
1070354562
0
1071147973
3221225472
1069798455
2147483648
1072526683
1610612736
1069105318
0
1072578168
1073741824
1072483272
2147483648
1071104556
2147483648
1071489262
2147483648
1072354545
2684354560
1067757212
0
1072063465
2147483648
1069100547
0
1071868146
1610612736
1071409510
2147483648
1070968126
2147483648
1072119505
3221225472
1072263031
3758096384
1068695894
0
1071980809
2147483648
1070990958
2147483648
1069726479
2147483648
1069641611
2147483648
1069601289
2147483648
1070745174
1073741824
1072372283
1073741824
1072092798
3221225472
1072473574
1073741824
1072051896
1610612736
1070420951
2147483648
1070725551
2147483648
1072408942
3758096384
1071436706
3221225472
1072210701
2147483648
1070785206
0
1066451212
0
1071479449
3221225472
1070898906
0
1072163434
2684354560
1071818073
2684354560
1070653511
1073741824
1071926710
3221225472
1072497296
3221225472
1072430153
1073741824
1067579902
0
1071904694
2684354560
1072502578
0
1072436316
3758096384
1071855734
3221225472
1070812679
3221225472
1072591618
1610612736
1072480443
2684354560
1070145453
2147483648
1067549468
0
1071605182
2147483648
1072318433
2684354560
1071704196
536870912
1072125058
536870912
1072325743
1610612736
1071258413
0
1067748286
0
1067725232
0
1072373126
2147483648
1072064591
1073741824
1071208876
3221225472
1071670881
536870912
1069765013
2147483648
1070314390
2147483648
1070631912
0
1067850906
0
1072420101
0
1072237836
1610612736
1066619120
0
1070342135
2147483648
1067964410
0
1072064266
3221225472
1072405225
0
1072595541
2147483648
1068647008
0
1069396214
0
1071479478
1073741824
1070974137
1073741824
1070666906
2147483648
1071461100
1073741824
1072693247
2684354560
1
