Uvec
2226355706
1070813834
2147483648
1070173841
0
1072136400
1610612736
1071474878
1073741824
1072385876
2147483648
1071352880
3221225472
1071356046
2147483648
1069600248
2147483648
1071870637
1610612736
1072112046
1073741824
1071155582
2147483648
1072093599
2147483648
1071579938
1073741824
1070711060
0
1072516718
3221225472
1072141783
536870912
1068469582
0
1071821806
2684354560
1070357724
0
1072617744
3758096384
1071750059
2684354560
1071685156
1610612736
1070436903
2147483648
1070154375
0
1067526658
0
1071658343
3758096384
1072452420
536870912
1071892387
3758096384
1070391696
2147483648
1072126767
1073741824
1070206350
0
1070243859
0
1072484171
536870912
1072344645
3758096384
1072225782
2147483648
1072464417
536870912
1069868618
0
1071941317
1073741824
1071879808
2684354560
1072648680
1610612736
1069204377
0
1072630105
536870912
1064077920
0
1070718018
1073741824
1071748426
2684354560
1071977776
2684354560
1069221678
0
1069798400
0
1072645818
1073741824
1072144738
536870912
1072178711
1610612736
1072561587
1073741824
1069734883
2147483648
1072121122
536870912
1072660463
3221225472
1072234972
1073741824
1069468946
0
1072535830
3221225472
1072590812
0
1072159505
536870912
1066508432
0
1071233960
0
1072452105
2147483648
1072402743
3221225472
1071473313
2147483648
1072609092
0
1071448714
0
1072179858
3758096384
1070761260
0
1071124794
2147483648
1072456252
536870912
1071196000
0
1071528317
0
1069206556
0
1069765140
0
1070433068
0
1072154082
3758096384
1071526215
3221225472
1068762625
0
1072382543
1073741824
1070681640
3221225472
1072496798
1610612736
1069753744
2147483648
1072506781
1610612736
1072470542
536870912
1071197807
0
1067243960
0
1072130907
3758096384
1070769358
1073741824
1072305463
1073741824
1070661869
1073741824
1068640402
0
1072647959
3221225472
1071993640
536870912
1071954130
3758096384
1068394476
0
1072198243
536870912
1071229510
1073741824
1071461100
1073741824
1072693247
2684354560
66
