Uvec
2226355706
1072257490
2147483648
1070423754
0
1071856528
536870912
1068601903
0
1070240684
2147483648
1070737163
2147483648
1071297624
0
1071989131
536870912
1064963088
0
1072289576
3758096384
1069228983
0
1071392082
3221225472
1070754668
3221225472
1070135433
2147483648
1071702217
2147483648
1068966938
0
1069752220
2147483648
1067574796
0
1071219718
3221225472
1069693516
2147483648
1072199497
3221225472
1068072150
0
1072612133
3758096384
1066090008
0
1071053339
0
1071730849
3758096384
1070659821
0
1070924236
2147483648
1070888313
2147483648
1070105345
2147483648
1071911070
2684354560
1070267196
2147483648
1071837574
2684354560
1070820361
1073741824
1066889188
0
1072468608
1610612736
1071702482
1610612736
1071830521
0
1072483139
1073741824
1071381753
0
1071986793
1073741824
1069632238
0
1070821619
1073741824
1071682424
2684354560
1071967498
2147483648
1071370459
0
1069687081
0
1072013563
3758096384
1070938722
3221225472
1072685476
3758096384
1066033112
0
1072587890
1610612736
1072370236
2147483648
1071484620
0
1071809044
2147483648
1071847783
1610612736
1072493405
2684354560
1071427078
1073741824
1070769215
2147483648
1071011821
2147483648
1070149486
2147483648
1070003999
2147483648
1071598128
0
1072639169
2684354560
1072551140
0
1067817656
0
1069888359
2147483648
1071029101
3221225472
1071701948
3758096384
1070692927
0
1071756512
536870912
1072154445
2684354560
1072158692
536870912
1072681220
1610612736
1071521374
0
1071944760
3758096384
1072541603
3221225472
1071762044
0
1066731076
0
1070950785
0
1070934483
2147483648
1070756832
3221225472
1070736856
1073741824
1070845438
0
1070620324
1073741824
1072122423
3758096384
1072222485
3758096384
1069782216
2147483648
1070598022
0
1072262972
2147483648
1071373899
0
1070347860
0
1072559222
2147483648
1072606281
536870912
1068331556
0
1072593973
1610612736
1071991234
3221225472
1072589739
1610612736
1071461100
1073741824
1072693247
2684354560
74
