Uvec
2226355706
1072175595
2684354560
1072282049
2147483648
1071262704
1073741824
1071388418
1073741824
1071757247
1073741824
1072273666
3758096384
1068846932
0
1072540466
0
1071487038
2147483648
1071892997
3221225472
1072584824
536870912
1069791253
2147483648
1072358035
0
1070339081
0
1070712945
0
1071736171
1073741824
1072537917
536870912
1071323639
1073741824
1071582079
2147483648
1071858766
2147483648
1064990912
0
1069266485
0
1070748019
3221225472
1072037819
2684354560
1071644787
3758096384
1064309696
0
1069662990
2147483648
1069741470
2147483648
1070560066
2147483648
1071498807
0
1072129275
2684354560
1072396624
3758096384
1071830485
1073741824
1072390318
2684354560
1069639711
0
1071377804
2147483648
1072536371
1073741824
1071705701
1073741824
1072084396
2147483648
1070366570
2147483648
1072157784
1073741824
1071463960
2147483648
1071732565
3758096384
1068574054
0
1070618925
3221225472
1066697416
0
1071485227
2147483648
1069961816
0
1071824141
1073741824
1070140497
2147483648
1071538345
3221225472
1071326721
1073741824
1070553764
2147483648
1071358986
2147483648
1072107351
3221225472
1069984208
2147483648
1071778053
536870912
1071982254
1610612736
1072365141
2147483648
1070314895
2147483648
1069841564
2147483648
1072390234
2147483648
1070461412
0
1072471265
1073741824
1071813450
2684354560
1072286573
536870912
1068545346
0
1069805232
0
1069511188
0
1071445487
0
1071264641
1073741824
1072096013
0
1071149206
3221225472
1071887245
0
1072075515
0
1072305194
3758096384
1069826057
0
1071954266
3758096384
1072677433
2684354560
1070939951
2147483648
1070333988
2147483648
1068911066
0
1070996639
2147483648
1068131264
0
1070114024
0
1071436426
2147483648
1071968441
1073741824
1071939017
2684354560
1070884634
1073741824
1070077882
0
1068605334
0
1072430731
536870912
1070658879
3221225472
1072268636
536870912
1068723359
0
1070644965
0
1070943735
0
1069461370
0
1071461100
1073741824
1072693247
2684354560
31
