Uvec
2226355706
1069317270
0
1071015966
0
1072410630
536870912
1072298497
0
1072108990
2147483648
1070947090
1073741824
1071561753
1073741824
1072464254
1073741824
1072313522
0
1064841984
0
1070918800
0
1068868913
0
1070390334
0
1070028483
2147483648
1072416817
2684354560
1071257198
1073741824
1071717954
3758096384
1071954519
1073741824
1071691474
536870912
1071010506
1073741824
1071717819
1610612736
1072443268
1610612736
1071710137
1610612736
1069454459
0
1068081588
0
1072558104
3221225472
1071298960
1073741824
1068394354
0
1071814619
2684354560
1071324230
1073741824
1071233218
2147483648
1068930921
0
1072569091
2684354560
1071572271
2147483648
1071214913
1073741824
1072355779
3758096384
1071942329
3758096384
1067409268
0
1071513539
0
1072679668
3221225472
1068209398
0
1071712696
1610612736
1072477084
2684354560
1071097474
0
1072212448
1610612736
1071095301
2147483648
1070605296
2147483648
1066819036
0
1071299570
1073741824
1069706611
0
1072395848
2147483648
1070330593
2147483648
1072224396
2147483648
1066846464
0
1070956934
1073741824
1071473728
1073741824
1071639165
3221225472
1072683082
3758096384
1071874314
3221225472
1072536277
3221225472
1072450046
1610612736
1067987596
0
1071960161
3221225472
1070635131
0
1069860140
2147483648
1069935607
2147483648
1071903668
3221225472
1072560838
2147483648
1072257244
1610612736
1069418518
0
1072338943
1073741824
1070945723
3221225472
1072425133
1073741824
1072472407
536870912
1072464135
2147483648
1068415790
0
1071509120
2147483648
1071722634
3221225472
1072220800
1610612736
1071897315
2147483648
1072200582
536870912
1068223478
0
1071242402
3221225472
1070393402
2147483648
1071808135
1073741824
1069073892
0
1070721135
0
1072445239
3758096384
1072143516
2684354560
1071126139
1073741824
1071037406
2147483648
1071384299
1073741824
1070961331
0
1072091925
2684354560
1070719661
0
1072168775
0
1070901920
3221225472
1071653435
3221225472
1071461100
1073741824
1072693247
2684354560
55
