Uvec
2226355706
1070674742
2147483648
1066708680
0
1072496443
1073741824
1071903603
3221225472
1069261251
0
1071035414
1073741824
1071841790
1610612736
1072287529
2147483648
1072105615
536870912
1072132216
3758096384
1071812189
536870912
1071986164
1610612736
1072650649
2684354560
1072094590
1073741824
1072405144
536870912
1067312432
0
1068940751
0
1068474748
0
1071700958
3758096384
1072348558
3758096384
1070767735
3221225472
1067999956
0
1071999849
536870912
1071035169
0
1071677323
1073741824
1072481616
3221225472
1070957935
3221225472
1072204716
2684354560
1072053257
536870912
1069869857
2147483648
1071991522
1073741824
1071242074
1073741824
1072554971
0
1071388047
0
1071155015
0
1067791626
0
1071302533
2147483648
1071500796
1073741824
1071098096
0
1070177339
0
1071766587
3758096384
1065602800
0
1071030975
2147483648
1072147899
536870912
1072528895
3758096384
1072689384
2684354560
1071702981
536870912
1071855535
1073741824
1072537043
2147483648
1071726088
0
1068538659
0
1072539610
2684354560
1072356008
1073741824
1070638712
2147483648
1072446948
1073741824
1069046892
0
1071666468
3758096384
1071779825
2147483648
1072655484
3221225472
1070845804
0
1072670628
2684354560
1071728895
3221225472
1071658564
1610612736
1068049166
0
1071858943
1073741824
1070757207
0
1072276178
3758096384
1072362038
0
1072436513
2147483648
1069892784
2147483648
1071026648
2147483648
1071301245
3221225472
1071499833
1073741824
1072140285
2684354560
1071977132
536870912
1070761051
1073741824
1071647397
536870912
1071828899
1073741824
1072633780
1073741824
1071963407
2147483648
1071788107
3221225472
1072008099
2147483648
1071691247
1610612736
1071586821
0
1071220742
2147483648
1072551620
2147483648
1071873306
2684354560
1070223001
2147483648
1069463393
0
1072535108
1073741824
1066443992
0
1071667510
3221225472
1065407000
0
1071689112
3758096384
1068860422
0
1072421194
2147483648
1071464223
2147483648
1072508820
0
1071461100
1073741824
1072693247
2684354560
40
