Uvec
2226355706
1070287979
0
1070981000
1073741824
1071473528
0
1071640006
1073741824
1069440920
0
1071365348
3221225472
1072205495
1073741824
1072124734
3221225472
1072257290
1073741824
1070605083
1073741824
1067033640
0
1072638365
536870912
1071214798
2147483648
1072279794
0
1066529160
0
1072514052
3221225472
1072569314
0
1070172134
2147483648
1071834683
536870912
1070718098
2147483648
1069589734
0
1072090939
536870912
1071214046
1073741824
1068520796
0
1071695970
3221225472
1070445273
2147483648
1071974406
2684354560
1066485396
0
1070658392
0
1068108578
0
1071936824
1610612736
1070200043
0
1072107124
3221225472
1071905981
1073741824
1072482158
2684354560
1071872700
3221225472
1069867461
0
1072343150
0
1068753297
0
1070615168
1073741824
1072304161
3758096384
1070964982
0
1071958515
3221225472
1072601317
1073741824
1071613788
0
1070667419
2147483648
1071765690
1610612736
1072393829
0
1071930638
536870912
1069877462
0
1072603697
3758096384
1071971566
1073741824
1072087596
2147483648
1070349346
0
1072108266
0
1072401208
3221225472
1072516422
3221225472
1072421661
2684354560
1067070864
0
1072237820
3758096384
1071685074
3758096384
1071930929
1073741824
1072493689
2684354560
1072328430
2684354560
1069937679
0
1072399676
3758096384
1069996198
0
1071941315
2147483648
1068515378
0
1072278479
2147483648
1072167065
1610612736
1070689661
3221225472
1071268672
3221225472
1070209687
2147483648
1069743519
2147483648
1072506794
0
1068771230
0
1070006660
0
1072491912
1073741824
1060422144
0
1069769080
0
1070470888
2147483648
1067295540
0
1072585303
3758096384
1070212812
2147483648
1071665211
2684354560
1071536581
3221225472
1072248809
3758096384
1072071151
0
1072241613
3221225472
1072648057
2147483648
1072480616
536870912
1064902464
0
1068650224
0
1072657563
3221225472
1071779685
3758096384
1072411883
3758096384
1069493351
0
1071461100
1073741824
1072693247
2684354560
49
