Uvec
2226355706
1069553225
0
1068754101
0
1072158709
3221225472
1072072104
2147483648
1069857156
0
1071896016
2147483648
1072187261
536870912
1072169941
3221225472
1071075801
3221225472
1067288260
0
1066291784
0
1071277830
0
1070892119
0
1072678132
2684354560
1071565273
1073741824
1071776973
0
1072363617
2147483648
1072012165
1073741824
1070345028
2147483648
1070575641
0
1071631611
3221225472
1072643004
2147483648
1071172090
2147483648
1072088910
536870912
1071946016
536870912
1071952556
3221225472
1069246834
0
1070867176
3221225472
1072459655
536870912
1072027240
3221225472
1071497333
2147483648
1071046880
1073741824
1071869929
2147483648
1072344111
0
1071153579
0
1070741002
2147483648
1071745789
2684354560
1071501715
3221225472
1068701381
0
1072550588
3758096384
1066231560
0
1071601994
2147483648
1071835115
1073741824
1069564079
0
1072620072
3758096384
1071136468
0
1072182512
3221225472
1072649099
1610612736
1066812944
0
1070642804
0
1072429373
536870912
1072010891
536870912
1072196172
1610612736
1070364338
0
1072013742
1610612736
1072175471
3758096384
1069040123
0
1070104113
0
1070613920
2147483648
1072051175
3221225472
1071866355
2147483648
1070573666
2147483648
1072077744
3758096384
1072533380
3758096384
1068834287
0
1071952012
1610612736
1072593208
2147483648
1072632843
3758096384
1072570271
3221225472
1070870086
1073741824
1070144310
2147483648
1070137034
0
1070764942
2147483648
1070424636
2147483648
1070989429
3221225472
1068159298
0
1070653765
0
1070749138
0
1071232383
1073741824
1070441134
2147483648
1066194328
0
1069547336
0
1072503354
536870912
1070761565
0
1071906299
2147483648
1070933509
2147483648
1070423620
0
1071740080
1073741824
1071872601
1610612736
1069694419
0
1071973157
3758096384
1071139773
1073741824
1069535517
0
1070280089
0
1070791045
3221225472
1071631713
0
1070892786
0
1068139208
0
1071461100
1073741824
1072693247
2684354560
89
