Uvec
2226355706
1071794128
1073741824
1072133586
1073741824
1070099895
2147483648
1072147783
3758096384
1071982513
1610612736
1072098479
0
1072436999
0
1070795271
0
1069429699
0
1072540964
2684354560
1072638719
3758096384
1072291579
2684354560
1071796887
3758096384
1071527943
0
1071448333
3221225472
1072263974
2147483648
1071812469
3221225472
1072689002
1073741824
1072505208
2147483648
1072689484
3221225472
1072354014
1073741824
1072125572
1073741824
1071593170
0
1072095551
1073741824
1070340271
2147483648
1070938022
1073741824
1070975564
3221225472
1070337212
2147483648
1071042889
3221225472
1070225590
2147483648
1072416625
536870912
1071198192
1073741824
1071831016
1073741824
1071953449
536870912
1071847235
0
1069783140
2147483648
1072359898
1073741824
1071820769
1610612736
1072105722
1073741824
1071864412
536870912
1071967116
3221225472
1070489919
0
1071188490
2147483648
1072545540
2147483648
1071249437
3221225472
1071874327
0
1072564774
2147483648
1072508304
0
1071306889
0
1072464595
2684354560
1071666458
536870912
1072419742
2147483648
1069372210
0
1072251033
0
1072422074
1073741824
1071342725
1073741824
1072568747
1610612736
1071688990
3221225472
1071820870
3221225472
1071551976
3221225472
1072127972
1610612736
1070361527
0
1068910576
0
1072250136
0
1069747225
0
1072103870
1610612736
1070999403
3221225472
1065614384
0
1071356837
3221225472
1072107345
3758096384
1072409447
2147483648
1070479777
0
1072517789
2147483648
1072430467
0
1072319883
536870912
1066976976
0
1071872897
3221225472
1071107384
2147483648
1071698873
3758096384
1072390074
2147483648
1070820979
3221225472
1070981175
0
1070597843
2147483648
1069616638
0
1071048467
1073741824
1072496924
1073741824
1066016784
0
1068126576
0
1071397992
3221225472
1072040410
0
1071380748
0
1071689513
0
1068914852
0
1072190940
3758096384
1069841896
0
1070859955
0
1072148414
536870912
1072260850
2684354560
1071461100
1073741824
1072693247
2684354560
56
