Uvec
2226355706
1072170041
3758096384
1071155405
3221225472
1071898029
1073741824
1072650856
3221225472
1071954388
1610612736
1070715935
3221225472
1071775454
536870912
1071791629
3221225472
1072071034
1610612736
1070288766
0
1070053062
0
1069848736
2147483648
1071430754
2147483648
1072657189
1610612736
1072316875
3221225472
1069862603
2147483648
1072190972
1073741824
1071226282
0
1072412208
3758096384
1069964899
0
1070278867
2147483648
1070155695
2147483648
1072297715
1610612736
1071380781
1073741824
1071919387
2147483648
1071506707
3221225472
1070619586
1073741824
1072222606
536870912
1071979123
3758096384
1069526904
0
1071742878
3221225472
1072470561
536870912
1072028398
1610612736
1066185408
0
1071179312
0
1072324559
3221225472
1069061509
0
1071342455
1073741824
1071646807
1610612736
1070867710
0
1072375537
3221225472
1071938300
536870912
1069448952
0
1072649467
536870912
1072018064
1610612736
1072685726
2147483648
1071874048
3221225472
1071324496
1073741824
1072291764
3758096384
1072265256
3758096384
1070988322
0
1072539521
1610612736
1071759048
1610612736
1070803994
3221225472
1070413165
0
1071460337
3221225472
1071353937
0
1069321754
0
1072113847
3221225472
1071863298
3758096384
1072682909
2684354560
1069165589
0
1069409351
0
1072371343
0
1071628408
3221225472
1072255175
3221225472
1067816066
0
1071169033
2147483648
1072071345
536870912
1062635392
0
1067619926
0
1072419536
536870912
1069919955
2147483648
1072206220
0
1069961559
2147483648
1072202386
2147483648
1071819643
1073741824
1069650823
0
1072196472
3758096384
1071363104
3221225472
1070330018
2147483648
1072521589
2684354560
1071674606
0
1067275920
0
1070048221
2147483648
1072257973
536870912
1070158234
2147483648
1072574646
2147483648
1068215512
0
1070894570
2147483648
1070324274
2147483648
1071894955
1610612736
1071254183
1073741824
1071896327
3758096384
1071305411
0
1068578820
0
1067600752
0
1072606249
1073741824
1071461100
1073741824
1072693247
2684354560
79
