Uvec
2226355706
1072489059
3758096384
1072660688
3221225472
1069824246
0
1072614501
1610612736
1069461954
0
1069849985
2147483648
1071872664
1073741824
1070402802
2147483648
1065820472
0
1068090934
0
1071647316
1073741824
1071724646
0
1072662948
0
1070478653
2147483648
1072163641
2147483648
1072503240
3758096384
1069918570
2147483648
1072410800
536870912
1068251186
0
1071530283
0
1072585276
1610612736
1072391508
1073741824
1070975000
2147483648
1071979450
1610612736
1067530560
0
1071748523
3221225472
1071745222
3221225472
1069491580
0
1072215776
1610612736
1072232116
2684354560
1072402501
0
1069361864
0
1072277001
2684354560
1072495780
3758096384
1072487372
2684354560
1071551004
2147483648
1072680419
0
1072072787
1073741824
1072562767
1610612736
1072557204
0
1071515267
1073741824
1072625826
536870912
1070795995
0
1072054984
1610612736
1070426086
2147483648
1069777121
2147483648
1072329713
1610612736
1072627337
2684354560
1072607650
2684354560
1072059239
2684354560
1071756896
3221225472
1070169041
0
1070772489
1073741824
1071829232
2684354560
1068766143
0
1070480282
0
1072581154
2147483648
1071833176
3221225472
1068526456
0
1071329223
0
1069060772
0
1072680645
1073741824
1071854190
0
1071031230
3221225472
1072122728
2684354560
1071649093
2147483648
1071945908
1610612736
1070992449
0
1070609487
2147483648
1070555708
2147483648
1072378102
2147483648
1069769544
0
1072104474
3221225472
1071614440
3221225472
1072135070
536870912
1072685158
1610612736
1072668819
536870912
1072054846
2147483648
1071855427
3758096384
1072603825
3758096384
1071897076
1073741824
1072245700
0
1072268365
0
1072567239
0
1072646166
0
1071768622
0
1071113794
0
1072204946
2147483648
1072044903
1610612736
1071072565
0
1071353421
3221225472
1069369171
0
1072444179
3758096384
1071896281
1610612736
1068452846
0
1072537630
3221225472
1069032400
0
1070852366
1073741824
1071461100
1073741824
1072693247
2684354560
24
