Uvec
2226355706
1071582242
2147483648
1070880518
1073741824
1072254598
0
1072578324
0
1072179386
2147483648
1069570107
0
1072078261
1073741824
1072387585
3758096384
1071918571
3221225472
1071897457
0
1070003681
0
1071715263
0
1072067266
3758096384
1070927360
0
1069996836
0
1070302857
0
1071405075
2147483648
1072211417
3758096384
1071920626
3758096384
1071800751
1073741824
1071810142
536870912
1070806500
0
1068640360
0
1071986742
3758096384
1071758233
3221225472
1072361041
1073741824
1070072964
0
1072572996
2147483648
1067375584
0
1072057450
2684354560
1069726055
0
1071118718
0
1071714286
2147483648
1072441538
3221225472
1072512040
2684354560
1072084004
2684354560
1072301522
0
1072612230
3758096384
1065232064
0
1072665724
2147483648
1072240157
1610612736
1071317806
2147483648
1072384624
3221225472
1067628716
0
1072504016
1073741824
1072446151
3758096384
1070163110
2147483648
1072644156
3221225472
1070423669
2147483648
1071196321
0
1066542044
0
1070830990
0
1072106571
2147483648
1070265866
0
1069091577
0
1072645804
1610612736
1068268962
0
1071457082
0
1067733634
0
1072468245
1610612736
1068308822
0
1071368236
0
1071846235
2147483648
1071917054
1073741824
1071772596
1610612736
1071643957
2147483648
1071840765
1073741824
1071352395
3221225472
1068985310
0
1071406201
0
1068417324
0
1072261094
1610612736
1066534560
0
1071832913
2147483648
1071246839
2147483648
1071069967
1073741824
1071833496
1073741824
1069110395
0
1070740681
0
1071189817
1073741824
1071463758
0
1068576456
0
1071557009
1073741824
1072586866
3221225472
1071754599
1610612736
1071673612
2147483648
1072681472
1073741824
1070635597
3221225472
1071667032
1073741824
1071676290
2684354560
1070542090
0
1072539562
3221225472
1071422170
0
1070698344
3221225472
1072062366
1610612736
1072440049
0
1072059271
3221225472
1072192382
3221225472
1071461100
1073741824
1072693247
2684354560
42
