Uvec
2226355706
1071859244
1610612736
1070224063
2147483648
1072471570
3758096384
1071496131
2147483648
1072052243
536870912
1070900776
3221225472
1070988777
0
1066643964
0
1069816988
0
1070129553
0
1069676674
2147483648
1067842572
0
1072689431
536870912
1070194791
0
1069881797
0
1072418298
2147483648
1071903040
1073741824
1066188240
0
1069578577
2147483648
1072258385
3758096384
1072264360
1610612736
1072633134
0
1071847077
1610612736
1070372576
2147483648
1072271724
3758096384
1070505441
2147483648
1069492280
0
1071989224
536870912
1067048348
0
1070055187
0
1072366482
1610612736
1072324629
3221225472
1070630153
1073741824
1070789131
1073741824
1071906441
2684354560
1070704000
2147483648
1072191915
3221225472
1071188688
3221225472
1070491253
2147483648
1071576325
3221225472
1072624797
3758096384
1072050516
3221225472
1072339429
1610612736
1071999519
1073741824
1071855862
1610612736
1070224284
0
1070959588
2147483648
1071375983
3221225472
1071864545
2147483648
1072115890
2147483648
1071237379
0
1071632213
2147483648
1069780463
0
1071449784
0
1070963572
1073741824
1072006925
1610612736
1071093204
3221225472
1064653584
0
1072321405
3221225472
1069422065
0
1070492706
2147483648
1071720493
1073741824
1069582043
0
1071581710
3221225472
1071384069
0
1072546491
2147483648
1072431565
3758096384
1071074974
0
1069054476
0
1071838620
3221225472
1069277638
0
1069986789
2147483648
1071196331
3221225472
1069683307
0
1071722433
3221225472
1071776042
2684354560
1072158536
3221225472
1072332036
3221225472
1072545865
1610612736
1071891279
2684354560
1069514754
0
1068691137
0
1072034121
2147483648
1071308302
0
1072469321
3758096384
1071947635
536870912
1070690160
0
1071215358
3221225472
1066764560
0
1071095433
3221225472
1070704780
3221225472
1070784386
0
1072073065
2147483648
1072163656
0
1071993901
2684354560
1072216503
536870912
1071762279
3221225472
1071042210
2147483648
1071461100
1073741824
1072693247
2684354560
33
