Uvec
2226355706
1072210302
0
1071399248
2147483648
1072228838
2684354560
1071635750
2147483648
1072440047
536870912
1070891470
3221225472
1072553396
536870912
1068908846
0
1070700387
0
1071224134
2147483648
1071215228
1073741824
1071898859
3221225472
1071803525
2147483648
1069043963
0
1072429735
536870912
1072048266
1073741824
1072566608
536870912
1067775326
0
1070527936
0
1069399043
0
1072317345
2684354560
1072631895
3221225472
1072125347
536870912
1072093452
536870912
1072019970
1610612736
1069807018
2147483648
1072640732
2147483648
1072564724
2147483648
1071882050
3221225472
1072107212
1610612736
1071381375
0
1072547931
536870912
1070107410
2147483648
1072548657
3221225472
1071591869
0
1072684843
1610612736
1068374542
0
1069641767
0
1071040048
2147483648
1072096660
3221225472
1072363698
1073741824
1071759066
536870912
1072414874
3758096384
1072098813
0
1064308416
0
1069813174
2147483648
1069471977
0
1072362587
1073741824
1070855280
2147483648
1069462297
0
1072197072
2684354560
1071910263
0
1071655874
2147483648
1072434858
1073741824
1070941425
1073741824
1072259741
536870912
1068901038
0
1071621242
1073741824
1071823463
3758096384
1071716675
2684354560
1068375654
0
1066701308
0
1071123781
1073741824
1072568983
3221225472
1071270371
3221225472
1069195236
0
1070619945
3221225472
1072384855
3221225472
1072126302
1073741824
1067715136
0
1071253100
2147483648
1070801268
1073741824
1071134031
0
1072371995
1610612736
1071273448
2147483648
1071751595
2147483648
1071756985
2147483648
1072521911
1073741824
1070493955
0
1070458143
2147483648
1072549888
1073741824
1070808328
1073741824
1069981941
2147483648
1069829166
0
1071301748
0
1072506609
3758096384
1072437951
1610612736
1065044720
0
1071002774
0
1069240503
0
1069416517
0
1072582608
1073741824
1072685302
1073741824
1072339587
1610612736
1071742975
2684354560
1071106572
1073741824
1072265546
0
1071891488
536870912
1071461100
1073741824
1072693247
2684354560
37
