Uvec
2226355706
1072476317
1610612736
1071511396
1073741824
1071665776
3758096384
1072319749
536870912
1072111593
2684354560
1071883305
1610612736
1067996072
0
1071609251
3221225472
1072542203
3758096384
1072060992
2147483648
1071529185
2147483648
1070173085
0
1071661206
536870912
1071688782
3221225472
1071633636
3221225472
1072378130
0
1072277110
536870912
1069118426
0
1070280913
2147483648
1072466736
1610612736
1072543584
0
1072195660
536870912
1071409069
0
1070945313
2147483648
1071890151
2147483648
1070269901
0
1071010678
1073741824
1071694021
1073741824
1071714949
3221225472
1072009258
0
1069881881
2147483648
1070982086
1073741824
1071022884
2147483648
1070906275
1073741824
1072293543
536870912
1070723795
2147483648
1066897052
0
1072572811
2147483648
1071917960
3221225472
1067809754
0
1072103732
0
1072536492
3758096384
1067451020
0
1071822815
3758096384
1058777088
0
1067589448
0
1072221004
536870912
1071606029
0
1071853325
3758096384
1072021750
2147483648
1072232786
1610612736
1070822388
1073741824
1071958013
2147483648
1068762430
0
1070769334
1073741824
1071653322
0
1072404161
3758096384
1072513928
2147483648
1072623483
3758096384
1071941384
536870912
1072548516
3221225472
1071823570
3758096384
1072374455
0
1072573249
3221225472
1072276053
3221225472
1071556203
3221225472
1070680337
3221225472
1072144093
1610612736
1071984380
0
1072197707
3221225472
1069766664
2147483648
1071574707
3221225472
1071066803
3221225472
1072322511
1610612736
1070877450
0
1070492758
0
1070770045
3221225472
1071183283
1073741824
1067541402
0
1071642972
2147483648
1070934040
0
1072023164
536870912
1072553669
1073741824
1072487992
3221225472
1072536225
2147483648
1072463105
2147483648
1069854551
2147483648
1069680396
0
1070501915
2147483648
1072244306
3758096384
1072546605
2147483648
1070889061
1073741824
1071695625
1073741824
1068153032
0
1071689882
536870912
1071670133
1610612736
1071711965
3221225472
1070699876
1073741824
1071461100
1073741824
1072693247
2684354560
44
