Uvec
2226355706
1070729978
1073741824
1071716179
3221225472
1070078404
2147483648
1072202087
2147483648
1072056998
2147483648
1072160939
2147483648
1071315832
3221225472
1068838540
0
1072286953
2684354560
1071385060
1073741824
1071600404
2147483648
1070890594
2147483648
1071050815
2147483648
1072127257
3221225472
1071363982
1073741824
1072216961
2147483648
1070626965
2147483648
1070700524
2147483648
1071260196
2147483648
1071528424
0
1072018650
2147483648
1072171773
0
1071671473
2147483648
1072606783
3221225472
1067096412
0
1072602343
3758096384
1072562201
2147483648
1070317989
2147483648
1072186441
536870912
1071264862
3221225472
1071064845
3221225472
1071097569
3221225472
1063799360
0
1069219975
0
1070064169
0
1071428640
0
1070089151
2147483648
1071756381
1073741824
1071527727
0
1072196784
2147483648
1071879415
0
1071342888
1073741824
1070657113
3221225472
1060068864
0
1072671152
3221225472
1070000039
0
1072431842
1610612736
1071117879
1073741824
1071608653
2147483648
1071326007
2147483648
1072550163
1610612736
1071727200
3758096384
1071813108
3221225472
1070989945
3221225472
1070806161
1073741824
1070386331
2147483648
1072352296
1073741824
1071002021
2147483648
1071356350
1073741824
1072328060
536870912
1072480389
536870912
1072312959
1073741824
1069145255
0
1069244191
0
1071464410
2147483648
1070225437
0
1069337643
0
1071915369
0
1066049848
0
1071549559
1073741824
1070254148
2147483648
1072561696
0
1071757817
3221225472
1068896170
0
1071560463
2147483648
1071612410
2147483648
1070314687
2147483648
1068983591
0
1072167104
1073741824
1072380811
3221225472
1071162478
2147483648
1068342874
0
1072664475
3758096384
1071656731
536870912
1070918362
0
1072337954
2147483648
1070915143
0
1072055142
2147483648
1072128192
2147483648
1072030552
1610612736
1072291748
0
1071097253
0
1072475816
0
1071315701
0
1070241889
0
1069193785
0
1069881633
0
1069290200
0
1071461100
1073741824
1072693247
2684354560
59
