Uvec
2226355706
1072376525
536870912
1071561942
2147483648
1068361720
0
1070307526
0
1071910738
536870912
1072157338
2684354560
1071653255
1610612736
1071420335
0
1071054394
2147483648
1072005121
2147483648
1071820031
1073741824
1071774657
0
1072081903
2684354560
1070313239
0
1072224245
1073741824
1072108711
2147483648
1071271024
2147483648
1071515733
2147483648
1071698655
3758096384
1071583097
1073741824
1066870788
0
1070640451
0
1071567173
0
1068326838
0
1067640566
0
1070306423
0
1072476450
1073741824
1071767153
1610612736
1072508438
1610612736
1071438698
1073741824
1067944472
0
1070773058
3221225472
1067790470
0
1071940108
0
1070222904
2147483648
1067260788
0
1072261075
1073741824
1070989879
1073741824
1069760106
2147483648
1071648682
536870912
1065918336
0
1072146633
536870912
1070270708
0
1072096301
1073741824
1072556988
1073741824
1069817556
2147483648
1072407399
1610612736
1072243900
3221225472
1070173510
2147483648
1072220997
2684354560
1070732261
0
1070791357
1073741824
1069953366
0
1072302477
3221225472
1072486749
3221225472
1070123578
2147483648
1071515974
3221225472
1072012181
0
1068213176
0
1071532675
0
1071685998
1610612736
1070661557
0
1072527385
1073741824
1071756491
0
1070127986
0
1071368362
0
1072457160
0
1071701606
1073741824
1071149633
1073741824
1072535154
536870912
1072078550
1073741824
1072266938
2684354560
1062653568
0
1070806932
2147483648
1072501362
0
1071322253
1073741824
1070938209
2147483648
1070929979
1073741824
1072166433
3758096384
1072080763
0
1068529323
0
1072291749
536870912
1072345673
0
1072672088
0
1072229330
536870912
1070377207
0
1071349209
0
1071303625
1073741824
1069857787
0
1069501282
0
1071374095
0
1071774556
1610612736
1068535724
0
1072373293
1610612736
1070936117
1073741824
1072407442
3221225472
1071902079
2684354560
1067698808
0
1071461100
1073741824
1072693247
2684354560
67
