Uvec
2226355706
1069610218
0
1072126730
0
1071815795
0
1072335912
1073741824
1071260725
1073741824
1068226338
0
1071680590
3758096384
1071940368
1610612736
1071748546
3221225472
1067684374
0
1068649778
0
1072183471
1073741824
1070876380
3221225472
1068004580
0
1070234954
2147483648
1072217928
3221225472
1071360518
1073741824
1071734827
2684354560
1071359573
2147483648
1072474762
2684354560
1072381657
536870912
1071045130
1073741824
1070317608
2147483648
1069315374
0
1071742940
2684354560
1070036894
2147483648
1069555670
2147483648
1071440708
1073741824
1071620208
1073741824
1072186797
3221225472
1068264464
0
1070794657
2147483648
1072216637
0
1066692880
0
1067808618
0
1072270169
536870912
1072369339
1073741824
1072288349
2147483648
1071895153
1073741824
1071740809
1073741824
1072003573
2147483648
1070753952
1073741824
1072449979
3221225472
1070852604
3221225472
1070078651
2147483648
1072444938
3758096384
1072022141
3221225472
1070846839
2147483648
1069969993
2147483648
1072431360
3758096384
1072140459
1073741824
1071624277
3221225472
1070107819
2147483648
1072007038
0
1071574608
2147483648
1070833193
2147483648
1072375615
536870912
1071310646
3221225472
1070875552
3221225472
1071997932
2147483648
1072641585
2684354560
1067172440
0
1070658056
0
1071480779
1073741824
1070921118
0
1071422841
0
1070673336
1073741824
1072414456
1610612736
1070689128
3221225472
1072348781
0
1066792168
0
1071932481
2147483648
1072242368
3221225472
1071937542
0
1072567354
536870912
1072643014
2684354560
1070706173
2147483648
1066481744
0
1072605820
536870912
1072588974
1073741824
1072446523
1073741824
1070571318
0
1072436475
1610612736
1072297819
1073741824
1071928049
2684354560
1072005187
1073741824
1071067406
1073741824
1072614237
2684354560
1071352105
1073741824
1071945228
1073741824
1072323192
536870912
1072615630
2147483648
1072443447
2147483648
1071039361
3221225472
1070090425
0
1067659320
0
1072420334
536870912
1069833653
2147483648
1071461100
1073741824
1072693247
2684354560
34
