Uvec
2226355706
1072005300
3758096384
1069980085
0
1071481138
3221225472
1068352644
0
1072128921
1610612736
1070563418
0
1072205533
2147483648
1070775623
2147483648
1071951068
1073741824
1072483514
2147483648
1072603431
1073741824
1072147348
3758096384
1072574227
3221225472
1071284064
2147483648
1069800412
0
1071325762
0
1067799520
0
1071988217
536870912
1072008076
1073741824
1072510778
3221225472
1072687045
2147483648
1072118945
2684354560
1070756843
0
1070008047
0
1071080905
1073741824
1069728449
0
1069976704
2147483648
1071881954
2684354560
1072560838
1610612736
1070920946
3221225472
1072160162
1610612736
1070862634
2147483648
1070003039
0
1072376244
3221225472
1071758806
1073741824
1071744270
3758096384
1070986011
2147483648
1072062292
2147483648
1072538914
1073741824
1071810976
3758096384
1071886606
536870912
1070687187
1073741824
1072281929
536870912
1072527700
1073741824
1072588398
3221225472
1070226526
0
1071726746
3221225472
1069695114
2147483648
1071285869
3221225472
1071892892
2147483648
1070663659
1073741824
1072605579
2147483648
1071950956
536870912
1071842005
536870912
1069322754
0
1071646502
2147483648
1072113413
3221225472
1066681804
0
1070680880
3221225472
1072364966
1610612736
1072691911
1610612736
1071231463
1073741824
1072039883
3221225472
1071141880
2147483648
1071437468
2147483648
1071287632
1073741824
1072551733
2147483648
1070806851
2147483648
1072327947
536870912
1071711014
2684354560
1072286721
2147483648
1071310288
1073741824
1072061919
2147483648
1070797768
0
1071151067
1073741824
1072686082
536870912
1070255256
2147483648
1071157565
1073741824
1071712659
2147483648
1070989489
2147483648
1072596537
1610612736
1070801156
2147483648
1072340849
2684354560
1072254806
3758096384
1072085217
3758096384
1068301574
0
1072514208
3758096384
1072324776
2684354560
1071205782
3221225472
1071935401
536870912
1072322539
2147483648
1070561565
2147483648
1070461477
2147483648
1072520993
536870912
1072424508
3221225472
1069118615
0
1072060727
3758096384
1072483049
2147483648
1071461100
1073741824
1072693247
2684354560
25
