Uvec
2226355706
1069997552
2147483648
1070082602
2147483648
1072382410
2147483648
1070121477
2147483648
1069708925
2147483648
1071407819
3221225472
1072690745
0
1071651402
0
1072485122
1610612736
1072079968
536870912
1071259752
0
1072090825
2147483648
1072348526
2147483648
1072047471
1610612736
1071716016
536870912
1066237216
0
1070912885
3221225472
1070106157
0
1071660610
2684354560
1072315453
0
1072021518
3758096384
1072201135
3758096384
1071209415
1073741824
1072291839
3758096384
1072312896
3758096384
1072460169
3758096384
1071647865
3758096384
1072681514
1073741824
1070725661
0
1070361447
0
1071645960
536870912
1072320374
536870912
1071987791
536870912
1072138003
3221225472
1072317894
3221225472
1072533069
2147483648
1072237997
536870912
1071690722
1073741824
1072040019
1073741824
1072146101
1610612736
1072569071
2147483648
1069892280
0
1070673936
0
1072171481
1610612736
1071784614
536870912
1071816790
1073741824
1071865343
2684354560
1068322562
0
1070046901
0
1072353508
3221225472
1067652996
0
1072607474
3758096384
1071495792
0
1071414275
3221225472
1066564552
0
1071658003
536870912
1071036032
3221225472
1071704882
2147483648
1072434482
3221225472
1071765933
1610612736
1072047488
1073741824
1071415488
2147483648
1072666204
1073741824
1072596465
0
1071667564
1610612736
1071914613
3758096384
1065274704
0
1071283177
0
1071762519
2684354560
1072641144
2147483648
1072677784
3758096384
1071649107
1073741824
1071739484
1073741824
1072408385
2684354560
1072035459
2684354560
1072486609
1610612736
1070451358
2147483648
1071496833
2147483648
1068549393
0
1072423698
1610612736
1070913455
1073741824
1071810256
2147483648
1072487515
1610612736
1070778474
1073741824
1072398538
536870912
1071425196
0
1072036416
1073741824
1069789515
0
1069572205
2147483648
1067970332
0
1067767500
0
1072428672
0
1068752796
0
1071537246
2147483648
1068906578
0
1072592875
0
1072576277
2684354560
1072430251
1073741824
1071461100
1073741824
1072693247
2684354560
82
