Uvec
2226355706
1069609963
2147483648
1071923100
3221225472
1072469044
2147483648
1069726279
0
1072381597
1610612736
1072543077
536870912
1071801280
3758096384
1071206305
1073741824
1070683345
3221225472
1070519236
2147483648
1072178559
1610612736
1071369798
2147483648
1069136389
0
1071981938
2684354560
1071872468
2684354560
1071971924
3221225472
1070383007
2147483648
1072309835
0
1072501280
1610612736
1072436156
2684354560
1069999231
0
1072499863
0
1068612245
0
1071815515
0
1070090127
2147483648
1070216826
2147483648
1067922008
0
1071704240
1610612736
1071795851
1610612736
1069818000
0
1072486986
2147483648
1071877826
0
1070917830
0
1071040176
2147483648
1070923605
0
1064889344
0
1071875472
3758096384
1072229732
536870912
1070438782
2147483648
1072335039
536870912
1072373418
1073741824
1071311239
0
1071792204
3221225472
1071995568
3221225472
1069923792
0
1072194570
1610612736
1072399552
3221225472
1072144266
1610612736
1072194808
2684354560
1072454244
3758096384
1071858664
2147483648
1072122038
536870912
1071715068
2147483648
1069663082
0
1072359198
0
1072420869
1610612736
1071611590
0
1067730228
0
1070880878
1073741824
1072135990
2147483648
1072543061
1610612736
1071806869
1610612736
1071628365
3221225472
1072400222
536870912
1071706822
1073741824
1072678974
0
1068849617
0
1071790462
536870912
1072377271
2147483648
1070621193
2147483648
1067729890
0
1071247827
1073741824
1072373574
2684354560
1071797244
2147483648
1072076282
2684354560
1071982028
3221225472
1072284683
3758096384
1072184437
1610612736
1071676208
1610612736
1070748948
2147483648
1072176925
0
1066897472
0
1072003486
3758096384
1071305498
3221225472
1071895910
0
1072424620
3758096384
1071662023
0
1072008751
3758096384
1070948707
1073741824
1071802745
0
1072529366
1073741824
1071688126
2684354560
1071665491
3221225472
1068822091
0
1070649952
1073741824
1072584272
536870912
1072195622
3758096384
1069300343
0
1071461100
1073741824
1072693247
2684354560
18
