Uvec
2226355706
1072550156
2684354560
1072625456
1610612736
1072257967
2147483648
1072208388
2147483648
1071911654
3221225472
1071841997
3221225472
1071572672
1073741824
1071987036
3758096384
1069801659
2147483648
1066022544
0
1071302853
2147483648
1070629864
0
1072093492
1073741824
1071184083
2147483648
1068758170
0
1070260454
2147483648
1072628539
2684354560
1071690314
3758096384
1070732062
1073741824
1071975883
2684354560
1068966671
0
1071485372
2147483648
1070021110
2147483648
1072120174
3221225472
1072014560
536870912
1071829227
2147483648
1071181836
3221225472
1071210352
2147483648
1068804434
0
1069703705
2147483648
1072235540
1610612736
1071164886
0
1063374176
0
1070725542
1073741824
1072537862
1073741824
1072550997
3758096384
1071696446
3221225472
1071651997
1073741824
1072599329
536870912
1071888019
3221225472
1072146652
3221225472
1071952201
1610612736
1072381746
0
1071782162
1073741824
1072613865
3758096384
1067449816
0
1072017145
2684354560
1070499238
2147483648
1071948583
536870912
1065313072
0
1068011544
0
1071867964
1610612736
1070362900
0
1072299927
3221225472
1071052126
3221225472
1070005210
0
1071678024
2147483648
1070377368
0
1069783481
2147483648
1070855044
1073741824
1072142690
2147483648
1072157583
3221225472
1072181622
3758096384
1070916207
1073741824
1062280320
0
1071986455
3221225472
1071695787
0
1072559338
3221225472
1072663596
2684354560
1068223678
0
1067146960
0
1071030535
3221225472
1072126322
1073741824
1072668494
1610612736
1070670043
3221225472
1067531870
0
1068650582
0
1072404233
2684354560
1072403201
2684354560
1069648995
0
1072062244
0
1072350462
3221225472
1072095479
536870912
1070371086
0
1071802801
3221225472
1065701576
0
1071736650
3221225472
1072596712
536870912
1071967642
1610612736
1071082756
0
1072190161
536870912
1069892681
0
1067542772
0
1071244165
0
1070985494
1073741824
1070927643
1073741824
1071785642
0
1071351633
3221225472
1071461100
1073741824
1072693247
2684354560
45
