Uvec
2226355706
1071378152
1073741824
1071538986
1073741824
1072606167
3221225472
1069588014
0
1072292837
536870912
1072646959
1610612736
1070509937
2147483648
1067724854
0
1071801342
0
1070915245
2147483648
1072231400
2147483648
1071487652
3221225472
1072039381
3221225472
1072151259
0
1072030341
3221225472
1071170595
1073741824
1068145454
0
1072030809
1073741824
1070767167
1073741824
1071001497
0
1072504089
2684354560
1072082500
1610612736
1070408827
2147483648
1072375979
536870912
1072668082
3758096384
1071607409
0
1072628213
1073741824
1071113123
0
1072257822
2684354560
1071632329
0
1072290810
536870912
1072597130
3221225472
1069646911
2147483648
1068860146
0
1072689254
3758096384
1071338137
2147483648
1071602802
1073741824
1071588868
2147483648
1071607150
0
1072467330
3221225472
1072328742
3221225472
1071165020
1073741824
1067659282
0
1067914616
0
1072342020
1610612736
1067763018
0
1072187621
1610612736
1072539704
3758096384
1070619081
2147483648
1072156256
2684354560
1071720760
536870912
1070727901
2147483648
1072491504
1610612736
1070671461
0
1072031630
1073741824
1068384434
0
1071776365
2147483648
1070627951
3221225472
1070697357
0
1063613216
0
1072099847
2684354560
1071677770
2147483648
1071402110
2147483648
1070677474
3221225472
1071819831
0
1071646410
0
1072120869
2147483648
1071134104
2147483648
1069769479
2147483648
1071710853
3758096384
1071187787
2147483648
1071740424
2684354560
1071977143
1073741824
1071435823
2147483648
1071153199
0
1072246527
0
1071132457
3221225472
1071552572
1073741824
1070147171
0
1068644073
0
1071843557
2147483648
1072667548
1610612736
1072592781
2147483648
1070646468
2147483648
1072600066
0
1069314191
0
1070178222
0
1072601362
1610612736
1070787372
3221225472
1066887456
0
1072173420
3758096384
1070369619
2147483648
1071852999
3758096384
1071273259
0
1071863864
2684354560
1072304284
3221225472
1071753408
1610612736
1071424458
0
1071461100
1073741824
1072693247
2684354560
65
