Uvec
2226355706
1069718608
2147483648
1072486973
3221225472
1071463186
1073741824
1069699523
2147483648
1068449284
0
1071363700
0
1065081360
0
1072600018
3758096384
1072320654
536870912
1068335364
0
1072377565
1073741824
1068606083
0
1072409405
536870912
1067913934
0
1071274483
1073741824
1071857154
2147483648
1072451179
1073741824
1071787598
2147483648
1071404682
2147483648
1071962976
536870912
1068145716
0
1069778529
0
1066922276
0
1069775938
0
1072210282
0
1071356655
1073741824
1072162980
1610612736
1070600734
1073741824
1069651597
2147483648
1072428302
536870912
1071340049
3221225472
1071873534
3221225472
1065855472
0
1072690046
3221225472
1071966024
2684354560
1072172079
0
1070424334
2147483648
1070291203
0
1071235396
0
1070719193
1073741824
1071302940
3221225472
1072083202
3221225472
1072390384
536870912
1070993159
0
1072440910
0
1072281529
2147483648
1072534637
1073741824
1071855027
0
1069007044
0
1071494131
1073741824
1072349299
1073741824
1070510693
2147483648
1072609684
1073741824
1071707087
3758096384
1066973612
0
1071808089
0
1072113288
1073741824
1072204846
1610612736
1072236133
1073741824
1071988810
3758096384
1071501512
3221225472
1072063519
0
1069770060
2147483648
1071656011
3758096384
1069286621
0
1070585736
2147483648
1071864900
3758096384
1072462063
1610612736
1067549062
0
1072475715
2147483648
1072635658
2147483648
1071489224
1073741824
1069781470
2147483648
1072574101
1610612736
1071109150
2147483648
1072615161
2684354560
1072090169
2147483648
1070647404
0
1071812254
3221225472
1072224687
1610612736
1072172411
0
1072143596
1610612736
1071747495
3758096384
1071944104
1610612736
1071146784
3221225472
1070844009
2147483648
1070320194
2147483648
1071250949
0
1069500276
0
1071576542
2147483648
1071425898
2147483648
1071365607
1073741824
1069854237
0
1072025828
536870912
1069594562
0
1072410604
0
1071920406
2147483648
1071152512
0
1071461100
1073741824
1072693247
2684354560
32
