Uvec
2226355706
1070673523
1073741824
1072278215
3758096384
1072556095
2147483648
1071673794
2684354560
1072676357
1610612736
1071613710
3221225472
1071154950
1073741824
1070603358
0
1071751712
1610612736
1071616570
0
1070359725
2147483648
1072529402
3221225472
1070456772
0
1069673048
2147483648
1072149540
2684354560
1068773562
0
1071977045
3758096384
1071039259
0
1072426839
3758096384
1072454382
536870912
1070762912
1073741824
1071526716
3221225472
1071771962
3221225472
1068937692
0
1071049189
0
1072481708
2147483648
1069480870
0
1071327643
1073741824
1070914576
3221225472
1070920925
2147483648
1071830042
2684354560
1068527195
0
1071588766
1073741824
1072105457
3221225472
1070142956
2147483648
1072506042
3758096384
1072445715
1073741824
1071909553
3221225472
1071153422
1073741824
1072469211
2147483648
1070272063
2147483648
1071952167
1073741824
1071650571
3758096384
1070426470
2147483648
1072646407
2147483648
1071867878
3758096384
1072402723
2147483648
1071685527
1073741824
1071900959
1073741824
1068602291
0
1070120440
2147483648
1070812956
3221225472
1072108680
1610612736
1072600536
536870912
1071734784
0
1070794899
1073741824
1069183170
0
1070142782
2147483648
1067545776
0
1072597812
1073741824
1070930941
3221225472
1069152789
0
1072385926
3758096384
1071093296
3221225472
1071805642
0
1072621602
3758096384
1067826104
0
1071947932
2147483648
1071889834
0
1069529608
0
1071462288
3221225472
1070965959
0
1070891893
3221225472
1072464600
2684354560
1072145748
1610612736
1070576070
0
1069720538
0
1071328934
0
1071167144
3221225472
1072219871
1073741824
1071363908
2147483648
1066927076
0
1071723451
3758096384
1072545425
3221225472
1071446671
1073741824
1072301600
3758096384
1070966959
0
1072079635
3221225472
1071599554
0
1070368345
2147483648
1072536873
3221225472
1072563705
3758096384
1072543163
1610612736
1072076989
3758096384
1072443623
2147483648
1068142912
0
1071320075
2147483648
1072139521
1610612736
1071461100
1073741824
1072693247
2684354560
35
