Uvec
2226355706
1072500023
3758096384
1066692140
0
1072595049
3221225472
1070894691
2147483648
1072050304
3758096384
1072228134
1073741824
1068945818
0
1071188272
1073741824
1070964412
0
1068056880
0
1071743511
1073741824
1071271843
0
1069334060
0
1069666178
2147483648
1071924468
1610612736
1071868573
0
1070001221
0
1071609426
0
1069845281
0
1070651074
2147483648
1072146324
1073741824
1072415080
536870912
1072259456
2684354560
1071767358
1073741824
1072372450
2684354560
1072581471
1610612736
1071439871
2147483648
1069805998
0
1071772546
536870912
1072353763
1073741824
1070617071
0
1072396316
536870912
1072611715
3758096384
1072300887
2684354560
1072591683
536870912
1068069656
0
1068634584
0
1072391750
2147483648
1072212983
2147483648
1070060355
0
1071796189
2147483648
1072341258
2684354560
1072164326
1073741824
1072135736
536870912
1072437642
1073741824
1072115907
1610612736
1072414538
3758096384
1072341781
3221225472
1072066654
2147483648
1070908637
3221225472
1071800548
2684354560
1067902256
0
1071009363
3221225472
1070686746
3221225472
1070174570
0
1071640565
0
1071867640
2147483648
1070226482
0
1072496708
1073741824
1069869799
0
1072250291
3221225472
1071018135
0
1071924844
0
1071807572
2147483648
1070804781
1073741824
1072147195
3221225472
1071734162
2684354560
1071659777
1073741824
1068584200
0
1070895465
2147483648
1072403291
2684354560
1069912599
0
1072427339
2684354560
1071388178
2147483648
1071125775
0
1072692276
536870912
1070775659
2147483648
1070831808
0
1071640317
0
1071698745
3758096384
1072117846
0
1064695200
0
1070757867
0
1068588380
0
1070432822
2147483648
1072632099
536870912
1068252366
0
1071015068
2147483648
1071075050
1073741824
1072437117
2147483648
1070131987
2147483648
1072532484
3221225472
1072407491
2684354560
1072249981
1073741824
1071705244
3758096384
1072647478
0
1072526949
1073741824
1072115475
536870912
1071461100
1073741824
1072693247
2684354560
84
