Uvec
2226355706
1071842347
1610612736
1072147664
1610612736
1071417356
3221225472
1071779768
536870912
1071692407
1610612736
1071885591
3221225472
1071877689
536870912
1072654327
2147483648
1071096001
0
1067420628
0
1069668124
0
1071907280
1610612736
1071602232
1073741824
1071575806
2147483648
1072445293
2147483648
1068887864
0
1069800746
2147483648
1069837803
2147483648
1071508427
3221225472
1070826070
2147483648
1071469215
0
1071672245
3758096384
1072177584
3758096384
1068180802
0
1071732639
3221225472
1071560559
2147483648
1071330841
0
1071400269
2147483648
1071491198
2147483648
1069677097
2147483648
1072648551
2147483648
1069769260
2147483648
1071934888
536870912
1070512683
2147483648
1072669917
3221225472
1070947948
3221225472
1071684265
1073741824
1071722445
2684354560
1072021025
0
1071984656
3758096384
1072119281
1073741824
1071726426
3758096384
1070626990
3221225472
1070436257
0
1070810656
1073741824
1072012580
3221225472
1070836499
1073741824
1068680685
0
1069420440
0
1071622167
3221225472
1070996083
1073741824
1072146424
3758096384
1072062874
1073741824
1072638141
3221225472
1068108978
0
1072643157
2684354560
1072320969
1610612736
1069303152
0
1072570741
3758096384
1070756436
3221225472
1071967786
0
1070998818
3221225472
1072131108
1610612736
1070660546
0
1072626591
1073741824
1072463295
1073741824
1070721030
1073741824
1068672613
0
1071650629
1610612736
1072298153
2147483648
1071441652
0
1071729037
3758096384
1072000380
536870912
1071740870
0
1070276521
0
1068550860
0
1072168259
1610612736
1069155268
0
1070975056
3221225472
1071947621
1073741824
1070367313
2147483648
1072152471
3758096384
1072152828
2147483648
1072214711
3758096384
1069149421
0
1072612535
536870912
1071940114
1610612736
1071800809
2147483648
1072027903
1073741824
1070607820
0
1071965013
1073741824
1070360037
2147483648
1072477435
0
1071309145
0
1070271514
2147483648
1071417180
1073741824
1069900009
2147483648
1070772409
2147483648
1071461100
1073741824
1072693247
2684354560
78
