Uvec
2226355706
1072050249
1610612736
1067936004
0
1071747136
2684354560
1070625952
0
1071694484
2684354560
1068829164
0
1071786690
1073741824
1069455335
0
1071653181
3221225472
1072476947
1073741824
1070773120
3221225472
1071533082
0
1071593021
1073741824
1072450065
3221225472
1071383285
1073741824
1067378892
0
1070014099
2147483648
1072610685
1073741824
1070259650
0
1071215833
3221225472
1071366487
2147483648
1071990846
2147483648
1062164096
0
1072364985
1610612736
1071877313
0
1071737805
3758096384
1066484180
0
1072083480
1073741824
1070484885
2147483648
1068936953
0
1070780102
1073741824
1069744968
2147483648
1071257258
3221225472
1070085895
0
1071341336
1073741824
1070799708
3221225472
1071066339
3221225472
1072278826
3758096384
1072404247
0
1072453617
3221225472
1072655091
3758096384
1072220771
0
1067373136
0
1070505576
0
1070054935
0
1071290645
3221225472
1071641213
1073741824
1070149305
0
1071535904
0
1070174384
2147483648
1071746781
0
1069050751
0
1072311934
536870912
1071874881
1610612736
1071971051
3221225472
1071288951
3221225472
1071111288
2147483648
1069697467
0
1071481545
0
1071051792
0
1070104633
2147483648
1071817295
1073741824
1072398305
0
1066022416
0
1067600272
0
1072244006
536870912
1067866960
0
1072650825
2684354560
1072083940
536870912
1071551095
1073741824
1070094639
2147483648
1071105128
3221225472
1072388049
2147483648
1071880853
1610612736
1072630359
3758096384
1069785744
2147483648
1069662078
0
1069793187
2147483648
1072160043
2147483648
1071362309
3221225472
1070872655
0
1072088902
0
1072641704
0
1072276738
0
1071226768
3221225472
1072144514
536870912
1068542269
0
1071415620
2147483648
1071378615
1073741824
1072529440
1610612736
1072671661
2684354560
1070740094
1073741824
1067683320
0
1071508977
1073741824
1066944016
0
1072594620
1073741824
1070455515
0
1072103170
2147483648
1071461100
1073741824
1072693247
2684354560
91
