Uvec
2226355706
1070671458
1073741824
1071264795
3221225472
1067235284
0
1072531583
2147483648
1072446843
3758096384
1072338987
2684354560
1066832928
0
1071360695
3221225472
1069846227
2147483648
1071625266
2147483648
1071613829
2147483648
1071373102
0
1069863886
0
1066182944
0
1070613790
0
1070728708
1073741824
1068457018
0
1072069625
2147483648
1071243384
0
1072576742
3221225472
1070219457
0
1072654372
3221225472
1071529091
1073741824
1071691290
1610612736
1072595548
2147483648
1069718969
0
1072020648
0
1071761739
2684354560
1072248755
3758096384
1066594604
0
1069531457
0
1069922973
2147483648
1071145236
3221225472
1070567174
2147483648
1068964855
0
1066672716
0
1069602482
2147483648
1069917045
0
1072280277
3758096384
1070802344
1073741824
1072533581
536870912
1071456185
0
1069754624
0
1072473568
1073741824
1072261282
1073741824
1069981814
2147483648
1072120048
1610612736
1072543267
2147483648
1071700826
2147483648
1069493495
0
1072431247
2684354560
1071492933
3221225472
1070390125
0
1072193667
0
1071742005
1073741824
1067715444
0
1072083761
2684354560
1068893890
0
1069378768
0
1072569902
3758096384
1066277896
0
1072593864
3221225472
1072662437
2684354560
1072056673
3221225472
1072308857
2147483648
1071580519
2147483648
1070025565
0
1071863423
3758096384
1069709679
0
1068696180
0
1068762932
0
1071093671
1073741824
1071663870
2147483648
1071562955
1073741824
1069996127
2147483648
1071512440
0
1072302777
1073741824
1068954352
0
1071726504
3758096384
1069544070
0
1072383988
1610612736
1070111573
2147483648
1071654746
536870912
1071704496
536870912
1071720099
3221225472
1071729921
1073741824
1071909520
3758096384
1071214211
2147483648
1068119558
0
1071746368
1610612736
1072226272
2147483648
1070945313
0
1070984578
1073741824
1071709167
2684354560
1072166480
0
1069937303
2147483648
1072683857
2147483648
1067088108
0
1071461100
1073741824
1072693247
2684354560
6
