Uvec
2226355706
1071540834
0
1072529218
1073741824
1071035615
0
1070563883
2147483648
1072247395
2684354560
1072607185
1073741824
1071571108
0
1068093968
0
1070228048
2147483648
1072320739
2684354560
1070500558
2147483648
1072445113
3758096384
1071627329
1073741824
1071339895
1073741824
1071861217
536870912
1072248682
0
1071202589
0
1072056164
536870912
1071006543
0
1071158972
1073741824
1071960080
3221225472
1071656378
2684354560
1069299492
0
1071796502
0
1071693169
536870912
1067679754
0
1072030591
1610612736
1071656146
1610612736
1071764001
536870912
1071177783
1073741824
1071016878
2147483648
1071895291
0
1070661778
0
1071099738
0
1071854429
2684354560
1070658892
0
1071093489
3221225472
1070028595
2147483648
1072500525
1073741824
1070919078
0
1071726690
536870912
1069392689
0
1071641094
0
1071701513
1610612736
1071819563
0
1070283179
2147483648
1071993438
1610612736
1070374807
0
1072301875
2147483648
1072114594
2147483648
1071208460
0
1068643329
0
1070953227
2147483648
1071044573
1073741824
1071901454
1073741824
1072436247
2684354560
1072612636
1073741824
1071296923
2147483648
1070854528
2147483648
1070852285
2147483648
1071573466
3221225472
1070740504
2147483648
1070409630
2147483648
1072036776
0
1072012603
1073741824
1072319345
1610612736
1068151930
0
1069800109
2147483648
1070696752
1073741824
1071353458
3221225472
1071159395
2147483648
1071907503
0
1072644578
0
1072415022
1073741824
1067729308
0
1071906117
3221225472
1071274412
0
1072032293
0
1065703696
0
1071025537
0
1066983220
0
1072143023
536870912
1071749588
2147483648
1068416060
0
1072562735
1610612736
1069862699
2147483648
1072636954
0
1069470658
0
1071821011
2147483648
1067470576
0
1070680306
0
1070861093
0
1072473655
1073741824
1068671054
0
1071803360
2684354560
1072664960
1610612736
1070349701
0
1072580096
1073741824
1071461100
1073741824
1072693247
2684354560
96
