Uvec
2226355706
1067661352
0
1068168522
0
1072077721
1610612736
1072311218
3758096384
1072490163
3221225472
1070114838
0
1072480918
1610612736
1070515017
0
1072336383
536870912
1071737196
1610612736
1070683613
1073741824
1072152253
1610612736
1071023139
3221225472
1071986189
0
1072603087
1610612736
1071788522
2684354560
1069673258
0
1072359347
2684354560
1069961947
0
1070946888
2147483648
1065884720
0
1069797190
0
1072300506
3758096384
1072514698
3758096384
1072047149
536870912
1069750305
2147483648
1071742563
1610612736
1071691206
536870912
1072449993
0
1070634518
2147483648
1072381926
1073741824
1072131033
1073741824
1071672665
3221225472
1069105480
0
1071093274
0
1072185938
2147483648
1068986586
0
1071083282
3221225472
1070437433
0
1072609828
0
1069628008
0
1070702029
3221225472
1071856934
1073741824
1072061267
536870912
1070889246
1073741824
1069690408
2147483648
1071836317
3758096384
1072324076
536870912
1071887348
2684354560
1072106523
3758096384
1068562959
0
1072520999
1073741824
1071169687
3221225472
1072003913
1073741824
1071335959
0
1070903735
1073741824
1072501417
3758096384
1072340787
0
1069241264
0
1070777248
1073741824
1070986570
3221225472
1065829024
0
1072267733
1610612736
1070088360
2147483648
1070724215
0
1072139247
3221225472
1070880749
1073741824
1070796742
2147483648
1069646895
0
1071513656
2147483648
1072334185
3758096384
1071806602
1073741824
1071964940
536870912
1071201926
2147483648
1072409260
2147483648
1072436526
0
1069983481
0
1069767057
2147483648
1069150308
0
1067788082
0
1071938018
3758096384
1072140222
2147483648
1071697197
536870912
1072182175
3758096384
1072103885
1610612736
1072056294
2684354560
1071900115
3221225472
1071800811
1610612736
1072141973
0
1072070441
2147483648
1070990423
0
1068922261
0
1072667091
3758096384
1071204475
0
1071660217
3221225472
1072475111
1610612736
1071871196
1610612736
1072283740
536870912
1071461100
1073741824
1072693247
2684354560
73
