Uvec
2226355706
1072282970
536870912
1072255474
0
1071950792
3221225472
1067901414
0
1071106309
3221225472
1072641744
2147483648
1072433943
0
1071001452
3221225472
1071860178
1610612736
1070302626
2147483648
1071731356
1610612736
1071895539
536870912
1070183189
2147483648
1071501684
2147483648
1070526834
0
1071887984
1610612736
1071982249
0
1070597518
0
1071887699
1610612736
1071244239
3221225472
1071348317
2147483648
1072126085
2147483648
1069082208
0
1069130572
0
1070473738
0
1071120692
0
1072336740
3758096384
1072603297
1610612736
1072407410
3758096384
1071949148
536870912
1072188186
2147483648
1065984064
0
1069875607
0
1072411144
536870912
1072629262
1073741824
1071853058
3758096384
1071557487
1073741824
1071639713
3221225472
1070819895
0
1069972892
2147483648
1069651663
2147483648
1069856596
2147483648
1070374409
2147483648
1072171477
536870912
1069351599
0
1070461105
2147483648
1072090404
0
1070789895
1073741824
1070540005
2147483648
1069456745
0
1072250728
536870912
1071129261
3221225472
1072591123
1073741824
1070305377
2147483648
1070322917
0
1072572183
0
1071535626
3221225472
1071632545
3221225472
1071678792
3221225472
1070577919
2147483648
1070472251
2147483648
1069575207
2147483648
1072419987
2147483648
1071760857
3758096384
1072110184
2684354560
1069692256
2147483648
1071020713
3221225472
1069299208
0
1071868227
3758096384
1072235768
0
1067470828
0
1071910906
1610612736
1070780277
2147483648
1070094119
0
1068775756
0
1070692985
0
1072260634
2684354560
1071885630
1610612736
1071840348
2684354560
1071782415
0
1072593761
3758096384
1071046998
3221225472
1071282793
1073741824
1072325349
3758096384
1070224070
2147483648
1068131160
0
1072618048
536870912
1071858188
1073741824
1070965170
1073741824
1072498990
3758096384
1071570062
0
1071739205
0
1071548389
1073741824
1072309711
536870912
1071998932
3758096384
1063543328
0
1072461365
2147483648
1072360710
3758096384
1071461100
1073741824
1072693247
2684354560
26
