Uvec
2226355706
1070440565
0
1068422532
0
1067825652
0
1071746728
1073741824
1071039875
3221225472
1071805026
2147483648
1072304346
3221225472
1070084427
2147483648
1072137552
1073741824
1071961801
3758096384
1071132034
2147483648
1065565112
0
1072559583
3758096384
1071984155
536870912
1071875255
536870912
1071904220
1073741824
1072195214
2147483648
1071188342
3221225472
1069861895
2147483648
1072671542
1610612736
1072420229
3758096384
1070748088
0
1069407755
0
1072666481
3758096384
1071536123
1073741824
1071050724
1073741824
1071295986
0
1068795319
0
1072328545
536870912
1071517607
3221225472
1071555766
3221225472
1072221194
536870912
1072268631
1073741824
1069568325
0
1071805743
3758096384
1071918020
2147483648
1071370028
0
1072020595
2684354560
1071612740
2147483648
1072569955
1073741824
1072369170
2147483648
1069719375
2147483648
1071870454
3758096384
1071600001
1073741824
1071248436
1073741824
1066277680
0
1070286879
0
1071130287
1073741824
1071883401
536870912
1072538685
536870912
1070388607
2147483648
1072019490
1610612736
1070736419
1073741824
1072492375
0
1069930432
2147483648
1072255444
1610612736
1071421649
0
1072562881
3758096384
1071967033
1073741824
1072395593
1073741824
1071674006
3221225472
1071852294
0
1072587135
0
1071635686
3221225472
1069578880
0
1067977712
0
1070922944
0
1070656553
1073741824
1070695371
2147483648
1068887355
0
1069742570
0
1071736916
3758096384
1072266687
2147483648
1069377998
0
1072307691
0
1072090973
3758096384
1070566620
2147483648
1070494870
0
1072690585
2684354560
1069056964
0
1070369518
0
1071870356
1073741824
1071699753
2147483648
1071648505
536870912
1071915984
2147483648
1070947541
2147483648
1072259357
536870912
1071977206
536870912
1070801366
1073741824
1071171280
1073741824
1068610579
0
1072154497
0
1070985551
3221225472
1068996941
0
1068757629
0
1068558746
0
1072073790
1073741824
1071868208
2684354560
1071461100
1073741824
1072693247
2684354560
18
