Uvec
2226355706
1070026097
0
1071728637
536870912
1069550925
2147483648
1071764559
3221225472
1071732859
0
1071877606
1610612736
1070725717
2147483648
1067998276
0
1071091706
0
1072445358
2147483648
1069863672
0
1070634269
1073741824
1070664152
3221225472
1072164680
1610612736
1072315946
2684354560
1072256744
1073741824
1066357728
0
1069718427
2147483648
1068679422
0
1072607844
3758096384
1070238771
2147483648
1071934716
2147483648
1071834831
1610612736
1072508800
536870912
1071250823
1073741824
1072190472
3758096384
1072064058
2684354560
1069939392
0
1072513817
2684354560
1070575631
0
1068859115
0
1072366376
3758096384
1069435027
0
1071353603
3221225472
1072435555
1073741824
1072156763
3221225472
1071219119
3221225472
1070655486
0
1070073010
2147483648
1072286447
0
1070379151
0
1072629495
3221225472
1072221013
2684354560
1068714104
0
1070674527
0
1070229193
0
1072564063
2147483648
1069995054
2147483648
1070312124
0
1068489296
0
1072192553
2147483648
1070609169
1073741824
1071193834
1073741824
1070582012
0
1071324529
2147483648
1071003887
1073741824
1071553938
1073741824
1071918561
3758096384
1071057144
1073741824
1071222463
1073741824
1072253986
3221225472
1070607846
3221225472
1071529874
1073741824
1071412485
0
1072289081
3221225472
1070078069
0
1071699282
3758096384
1072449064
2147483648
1068506692
0
1071163569
0
1071277124
1073741824
1070716833
0
1071024708
1073741824
1069896448
0
1072243358
2147483648
1072555033
3221225472
1069998768
2147483648
1071758409
1610612736
1069575491
2147483648
1071106513
3221225472
1072628022
536870912
1068517384
0
1067288232
0
1070912872
1073741824
1071732648
536870912
1069589776
2147483648
1071780584
3221225472
1070208223
0
1071778872
0
1072167534
1073741824
1067450378
0
1070394363
0
1072593733
1073741824
1069944560
2147483648
1072465752
0
1071548310
1073741824
1069674153
2147483648
1072499009
0
1071461100
1073741824
1072693247
2684354560
12
