Uvec
2226355706
1072180423
3221225472
1072175690
3758096384
1070510152
2147483648
1071180167
0
1069844180
2147483648
1066507272
0
1071990732
0
1072633272
1073741824
1071940315
536870912
1071784724
1073741824
1072631045
536870912
1071543005
2147483648
1071607967
2147483648
1072229778
3221225472
1071970930
536870912
1072351675
1610612736
1070666611
2147483648
1071187264
3221225472
1071238824
1073741824
1072266486
3221225472
1070039672
0
1071924657
3221225472
1070635842
1073741824
1071789778
3221225472
1072364021
0
1070378071
0
1071926844
536870912
1072168815
1073741824
1072418965
2684354560
1072250682
536870912
1072302517
3221225472
1070930111
3221225472
1071132950
0
1072633087
3758096384
1068455648
0
1069614974
0
1071628704
3221225472
1071846149
2147483648
1068351182
0
1069760894
0
1071028180
2147483648
1069369351
0
1069729655
0
1069934932
0
1071834657
3758096384
1072626206
1610612736
1072195802
1610612736
1071936056
1073741824
1071789783
0
1071405406
1073741824
1072060262
0
1071102535
0
1072681145
3221225472
1070777954
1073741824
1072623486
2147483648
1071163441
3221225472
1070696995
3221225472
1071459646
1073741824
1071802736
1610612736
1072367522
536870912
1070333176
0
1072096274
3758096384
1072634354
1073741824
1071756398
536870912
1072209287
3758096384
1067504138
0
1071580976
3221225472
1071716483
1073741824
1072308065
2684354560
1071014069
2147483648
1071513045
0
1072483301
0
1072594021
1610612736
1070724022
3221225472
1072136765
536870912
1071381796
3221225472
1071312852
0
1071026934
2147483648
1068417840
0
1067616976
0
1072382597
1610612736
1072327744
2147483648
1072345294
1610612736
1071892877
3221225472
1069725240
0
1071755048
1073741824
1071890780
2147483648
1071936280
2684354560
1072628494
2684354560
1072310431
2147483648
1071648049
3221225472
1071800666
0
1071680402
3758096384
1071290060
2147483648
1072653615
3221225472
1072020410
1610612736
1071440736
1073741824
1064956560
0
1071461100
1073741824
1072693247
2684354560
26
