Uvec
2226355706
1071224002
3221225472
1071072350
0
1072332986
3758096384
1071861508
1073741824
1068042554
0
1070416584
0
1071739700
3221225472
1071900883
536870912
1067903142
0
1071971585
1073741824
1071273467
0
1072631945
2147483648
1072108128
0
1068799820
0
1069240439
0
1071645486
536870912
1071450514
3221225472
1072224555
2684354560
1072550245
2147483648
1068672065
0
1072637059
2684354560
1072332845
3758096384
1071247163
0
1070836998
1073741824
1071124393
1073741824
1070897545
0
1071702538
3758096384
1071951247
2147483648
1070914010
3221225472
1072308917
1610612736
1070601773
3221225472
1071008768
0
1069909220
0
1072428211
2684354560
1070055188
0
1071802907
1073741824
1071507467
3221225472
1070554128
0
1071793765
2147483648
1072084970
3758096384
1072144951
3221225472
1071378671
3221225472
1071756742
2684354560
1068692802
0
1068768875
0
1072418639
536870912
1067459308
0
1069907711
0
1068936208
0
1071459294
3221225472
1071698022
1073741824
1070736259
1073741824
1069932165
0
1072105852
1073741824
1072163292
1073741824
1072071446
3221225472
1069195366
0
1071295822
2147483648
1069135823
0
1071876130
3758096384
1070351182
0
1072175073
0
1072133738
1610612736
1072601372
3758096384
1072280387
1610612736
1072639253
536870912
1072014060
3758096384
1069792783
2147483648
1071677828
0
1070467340
2147483648
1071796589
3221225472
1071897818
3758096384
1071664288
3758096384
1072199845
2684354560
1068410586
0
1071133960
2147483648
1071873992
536870912
1072585458
536870912
1072375176
1610612736
1072477641
0
1071709438
3221225472
1072327612
2147483648
1071692522
3221225472
1071431728
3221225472
1071013295
2147483648
1071415581
0
1069821339
2147483648
1069734476
2147483648
1070980133
3221225472
1070407737
0
1072060086
2147483648
1070784407
3221225472
1071945199
3758096384
1071720805
3221225472
1071945417
2684354560
1069116379
0
1072144685
3221225472
1072554030
3221225472
1071461100
1073741824
1072693247
2684354560
84
