Uvec
2226355706
1066441368
0
1071941569
536870912
1072493440
1073741824
1072383242
536870912
1067753750
0
1070985119
0
1070984142
3221225472
1069114058
0
1072244782
1073741824
1070894899
3221225472
1072511843
536870912
1071914726
0
1072634774
536870912
1070773790
0
1072296157
2147483648
1072259074
1073741824
1071473561
1073741824
1072370822
0
1071190896
1073741824
1068912515
0
1065729952
0
1072324332
2684354560
1066269552
0
1071476992
3221225472
1070582644
2147483648
1068514165
0
1071316378
2147483648
1072632708
1073741824
1071941211
0
1071354091
3221225472
1071840758
1610612736
1071371453
0
1068383388
0
1071044288
3221225472
1072294876
3221225472
1072547021
1073741824
1072315713
1610612736
1071844332
0
1072597120
1610612736
1070980865
0
1071134079
3221225472
1071660404
2684354560
1071904276
1610612736
1070821536
2147483648
1069711781
0
1070623715
1073741824
1070824575
2147483648
1072278771
2684354560
1071737775
2684354560
1067928178
0
1070920422
2147483648
1072621326
0
1072189910
3758096384
1069078512
0
1072647257
3758096384
1070916549
0
1072688581
3758096384
1072481795
1610612736
1071590432
3221225472
1071801061
1073741824
1069750691
2147483648
1071400743
1073741824
1071707451
3758096384
1072653295
2684354560
1071912206
2147483648
1070828538
0
1071064053
0
1072619786
2684354560
1072131263
1073741824
1071970053
536870912
1071728926
1073741824
1069674763
2147483648
1067530862
0
1069851456
2147483648
1070988430
3221225472
1072283218
1610612736
1070123638
2147483648
1071844261
2684354560
1071695483
2147483648
1070847989
1073741824
1072124223
1073741824
1068806479
0
1072420660
3221225472
1071431131
0
1071816375
536870912
1072414314
1610612736
1070149336
0
1072447860
2147483648
1070455727
0
1071360188
1073741824
1071860597
3758096384
1071796344
1073741824
1072612910
1610612736
1071006458
3221225472
1069969094
2147483648
1071392977
3221225472
1069734786
2147483648
1072081646
2684354560
1071461100
1073741824
1072693247
2684354560
75
