Uvec
2226355706
1072410744
536870912
1069559360
0
1069645708
2147483648
1070771513
3221225472
1070874661
0
1070666881
2147483648
1072378645
3221225472
1072449877
3758096384
1072137329
3758096384
1072104920
2684354560
1072640118
536870912
1072055760
2147483648
1072308134
2147483648
1072075034
3758096384
1070553478
0
1069983156
0
1071718929
2147483648
1071594397
0
1071387761
0
1071275672
3221225472
1071733873
1610612736
1071786796
1610612736
1072579388
3221225472
1070481474
0
1067830688
0
1071642726
3221225472
1072131467
3221225472
1072371577
1073741824
1071405591
0
1064981040
0
1071943686
0
1069008952
0
1071977381
1073741824
1072061655
0
1071230642
1073741824
1070192151
2147483648
1071107408
1073741824
1071684689
1610612736
1072334543
2684354560
1071936067
1610612736
1069954805
2147483648
1072019375
2684354560
1071208956
1073741824
1070546399
0
1072093382
536870912
1070724679
0
1070173501
0
1072394037
1610612736
1071005467
3221225472
1068192416
0
1069848925
2147483648
1069947318
0
1071370723
3221225472
1070875457
1073741824
1072610040
2684354560
1069486456
0
1071994604
2147483648
1070741403
0
1071898910
2684354560
1072343605
2684354560
1070895920
1073741824
1068185730
0
1071274759
2147483648
1067382600
0
1072094630
2147483648
1072265976
1610612736
1071685358
1610612736
1072229946
3221225472
1070347727
2147483648
1072137708
3758096384
1071535575
0
1070484557
2147483648
1072413229
1073741824
1072132705
1610612736
1069543608
0
1072580359
1073741824
1070613126
0
1068577286
0
1069815777
2147483648
1071722294
3758096384
1071428650
1073741824
1071253426
0
1072193843
1073741824
1072405727
1073741824
1071987177
1610612736
1072631278
3221225472
1072332606
3221225472
1065488240
0
1072569387
3758096384
1072560388
1073741824
1070856856
2147483648
1072683606
3221225472
1071533227
3221225472
1068958836
0
1072430569
536870912
1070264478
2147483648
1071837965
2147483648
1072170447
536870912
1071461100
1073741824
1072693247
2684354560
3
