Uvec
2226355706
1072429607
3758096384
1071440177
2147483648
1071087316
3221225472
1072141536
0
1072550959
3221225472
1071703337
3758096384
1070310184
2147483648
1071547462
3221225472
1072291537
1073741824
1071645081
1610612736
1070467267
0
1071547184
3221225472
1071238876
2147483648
1066947220
0
1067403884
0
1070079901
0
1072130646
1073741824
1071988214
1610612736
1070954371
1073741824
1071656111
2684354560
1071348568
2147483648
1072465849
3221225472
1071717052
1073741824
1069382438
0
1069953543
0
1068896259
0
1072322960
2684354560
1072055310
536870912
1071453137
2147483648
1071651723
3758096384
1072397005
3758096384
1071998410
536870912
1069871521
0
1071236780
1073741824
1072605450
3221225472
1071731312
2684354560
1071351785
3221225472
1071643585
1073741824
1071449190
3221225472
1069922034
2147483648
1070162960
0
1072285027
2684354560
1072382174
536870912
1071893072
2684354560
1072307224
3221225472
1071889615
1073741824
1069751907
0
1070397652
0
1072544471
3758096384
1072629701
3758096384
1068211320
0
1072293871
1073741824
1071741304
536870912
1072661464
2684354560
1070896033
0
1072637617
1610612736
1072355868
2147483648
1070713559
3221225472
1071163834
2147483648
1071876640
536870912
1070315793
0
1071904140
2147483648
1070263697
2147483648
1072134547
3758096384
1065359424
0
1072561882
0
1072149334
2684354560
1070145183
0
1072692386
1073741824
1072424592
2684354560
1071719182
3758096384
1071065031
2147483648
1064380752
0
1072634419
536870912
1066797688
0
1069891189
2147483648
1071964500
2147483648
1069797666
0
1070620079
1073741824
1072477253
2684354560
1071739694
3221225472
1071298265
0
1069411340
0
1069238134
0
1072451720
1073741824
1070280467
2147483648
1067618786
0
1072148965
3758096384
1072056404
2147483648
1064884032
0
1072604025
0
1071205448
1073741824
1072274482
536870912
1069867154
0
1070597042
3221225472
1071810314
3221225472
1070999807
0
1072337966
1610612736
1071461100
1073741824
1072693247
2684354560
29
