Uvec
2226355706
1070622440
0
1072112059
536870912
1067811728
0
1071748064
2684354560
1070655633
3221225472
1072657405
2147483648
1071471133
2147483648
1072442522
1073741824
1071072676
3221225472
1071759400
536870912
1072092939
2684354560
1072585702
3758096384
1072240452
536870912
1066620664
0
1071959725
3221225472
1071969317
2147483648
1072667973
1073741824
1072525578
536870912
1067237868
0
1071230694
3221225472
1069801429
2147483648
1069912320
0
1070991669
2147483648
1071687895
3758096384
1070737273
2147483648
1071565470
1073741824
1071091075
3221225472
1071011450
1073741824
1067457432
0
1071791893
2684354560
1069318879
0
1070714543
2147483648
1072501784
2147483648
1065316208
0
1072266271
0
1072060040
2147483648
1070435206
0
1070648340
3221225472
1070740080
0
1069177481
0
1072107613
2147483648
1072289619
3221225472
1066432868
0
1072359508
2147483648
1072355611
2684354560
1070266417
0
1065642968
0
1072016127
0
1071962183
536870912
1072345049
3221225472
1071410456
3221225472
1070520369
2147483648
1071421924
3221225472
1069913234
0
1070086765
2147483648
1071853739
3221225472
1069949927
2147483648
1069760364
0
1069727106
0
1072373898
0
1071971798
0
1069635942
0
1071015001
0
1070027812
0
1071095799
0
1071689660
536870912
1070945252
2147483648
1070659099
1073741824
1072315996
2684354560
1070762259
0
1069152361
0
1071101799
1073741824
1071618659
2147483648
1072469029
3221225472
1072557367
2684354560
1072631053
0
1070120766
0
1072053490
2147483648
1070943935
2147483648
1071456407
0
1071443339
2147483648
1070910901
3221225472
1071029748
1073741824
1069777383
2147483648
1071411870
1073741824
1071935108
1610612736
1071788656
1073741824
1068214104
0
1071969262
3221225472
1072198997
1073741824
1071824006
3758096384
1071975559
1610612736
1072680446
1073741824
1071714889
2684354560
1070066421
2147483648
1070352453
0
1069280486
0
1070680047
2147483648
1071461100
1073741824
1072693247
2684354560
21
