Uvec
2226355706
1072273186
2147483648
1072331849
0
1072008419
3758096384
1071890289
2684354560
1068912016
0
1070501722
2147483648
1071713029
536870912
1072516652
3758096384
1072067483
536870912
1072573981
536870912
1070901492
0
1068766681
0
1071216685
3221225472
1069179765
0
1072339764
536870912
1071261983
3221225472
1070891482
2147483648
1072584296
1073741824
1069318416
0
1071470266
2147483648
1070726249
0
1071249942
0
1072607739
0
1072637907
536870912
1071727991
3758096384
1072009248
2684354560
1067263160
0
1071674325
2684354560
1070151905
0
1064797280
0
1072441475
3221225472
1072094619
1073741824
1071893322
1610612736
1071516684
3221225472
1072426583
536870912
1072053716
3221225472
1070618860
0
1069669596
0
1070921248
3221225472
1070714750
2147483648
1068080206
0
1071040354
3221225472
1072254599
1610612736
1070163324
0
1072400416
1610612736
1072439325
3221225472
1072437758
1610612736
1072275544
1610612736
1069527191
0
1064330000
0
1071801862
536870912
1072025135
0
1071957517
2147483648
1072165383
536870912
1071783034
3221225472
1072192605
0
1070981670
0
1072077455
1610612736
1072326640
536870912
1070831465
1073741824
1071551255
1073741824
1072677890
2147483648
1072390307
536870912
1072634379
0
1068210594
0
1072534896
3221225472
1071332958
1073741824
1071835847
3221225472
1068449560
0
1072049421
1073741824
1072228222
0
1072060436
2684354560
1070919968
2147483648
1070358631
2147483648
1072190199
0
1072659522
1073741824
1072048543
536870912
1068582705
0
1070176143
2147483648
1072530794
536870912
1072355401
536870912
1072353736
2684354560
1070895201
1073741824
1070546130
0
1066728380
0
1071182532
1073741824
1071610712
0
1070123697
0
1072107520
0
1071276547
0
1072277523
3758096384
1072686031
2147483648
1071674877
0
1071950641
1073741824
1072678509
0
1069278713
0
1071344882
0
1071760189
2147483648
1071461100
1073741824
1072693247
2684354560
64
