Uvec
2226355706
1072201142
1073741824
1072572590
0
1070622264
2147483648
1070851037
0
1071494668
1073741824
1072361870
1610612736
1071458862
1073741824
1071111670
2147483648
1065554952
0
1071599024
2147483648
1068725136
0
1071714459
2684354560
1072138144
2147483648
1071203314
3221225472
1072309028
2684354560
1071891935
2684354560
1068953140
0
1072033281
1073741824
1071945187
1073741824
1070772785
3221225472
1071810829
2684354560
1070757295
2147483648
1070581484
2147483648
1072176945
1610612736
1069102049
0
1071053054
1073741824
1072396915
1073741824
1072617143
1610612736
1072350403
2684354560
1067025804
0
1071685201
3758096384
1071668238
1610612736
1069336628
0
1072220697
2684354560
1071003105
2147483648
1069059122
0
1072418929
3221225472
1069671952
2147483648
1072636494
3221225472
1071722209
3221225472
1071754065
2684354560
1072325201
3221225472
1072631166
1073741824
1072359783
1073741824
1071883609
1610612736
1068273814
0
1070740568
2147483648
1071669691
3221225472
1072341594
3221225472
1072320208
3758096384
1066773388
0
1071580067
1073741824
1071928539
3758096384
1071646765
1610612736
1070793559
0
1070515429
2147483648
1071083571
1073741824
1069853793
2147483648
1068625473
0
1071898162
536870912
1071616918
0
1072011995
3758096384
1071478915
2147483648
1071976911
3758096384
1071866193
2147483648
1068052370
0
1068958135
0
1067950032
0
1068536428
0
1072486000
2684354560
1070252061
0
1071788025
1610612736
1071966340
3221225472
1072187506
2684354560
1071790952
536870912
1071795984
1073741824
1071662186
2684354560
1071765283
2147483648
1071840500
0
1071016823
1073741824
1071247583
2147483648
1069631873
2147483648
1070062806
0
1072510189
3758096384
1072147508
3221225472
1071657062
1073741824
1071823636
3758096384
1072250511
3221225472
1071959674
0
1072448103
1073741824
1072480757
3758096384
1071872193
1073741824
1070209579
2147483648
1066213656
0
1071950377
1073741824
1072221095
0
1072487272
0
1071992880
2684354560
1071461100
1073741824
1072693247
2684354560
22
