Uvec
2226355706
1072508349
2684354560
1070918380
3221225472
1069711435
2147483648
1071606833
1073741824
1072209539
2684354560
1067681090
0
1071638391
2147483648
1072465970
3221225472
1067601612
0
1068596710
0
1068416262
0
1072249844
1610612736
1069891577
2147483648
1072466737
3758096384
1071591528
2147483648
1071648685
1073741824
1072121352
2684354560
1068820581
0
1072017204
2684354560
1068552759
0
1071764318
3221225472
1072541992
536870912
1072159283
0
1072113339
1073741824
1070727579
3221225472
1072130639
2147483648
1071939087
1610612736
1070473192
2147483648
1071684090
1610612736
1071887515
3758096384
1069887158
2147483648
1072119968
3221225472
1071382358
1073741824
1071024491
1073741824
1072538937
3758096384
1070620231
2147483648
1071283748
1073741824
1072307108
3758096384
1071923135
0
1071576659
3221225472
1070818980
0
1070604042
1073741824
1070780638
1073741824
1071980691
536870912
1071135825
0
1072374502
2684354560
1072569328
3221225472
1072542065
2147483648
1070698274
2147483648
1072288507
536870912
1071083087
3221225472
1071693803
1073741824
1071936488
536870912
1071497072
2147483648
1071925950
2684354560
1071899649
536870912
1071830020
3758096384
1071695861
1073741824
1072646297
3758096384
1072644856
3221225472
1070865356
1073741824
1071645978
536870912
1070645294
3221225472
1067048168
0
1070677702
3221225472
1072140324
1073741824
1071479822
1073741824
1071715892
3758096384
1072074373
0
1072445743
1610612736
1071774034
3221225472
1072120704
3758096384
1072336643
536870912
1071694495
3221225472
1069310455
0
1070685917
3221225472
1072184054
0
1071972617
1610612736
1071918410
1610612736
1071316028
2147483648
1072202640
2147483648
1072545360
536870912
1071764389
0
1072078514
3221225472
1070893028
2147483648
1071374296
3221225472
1072369865
0
1067990300
0
1072124694
3758096384
1072176804
1073741824
1072151744
536870912
1072519092
536870912
1069793624
0
1072029830
3758096384
1072235994
2684354560
1072566652
3221225472
1072015804
1610612736
1071941659
1073741824
1071461100
1073741824
1072693247
2684354560
63
