Uvec
2226355706
1070040636
0
1071265072
1073741824
1071041187
0
1072454145
2684354560
1072120736
3221225472
1071759635
1610612736
1072656901
2684354560
1069770595
0
1072066450
536870912
1072151062
1610612736
1071653613
3221225472
1070812247
3221225472
1072461324
3758096384
1072389944
2684354560
1072403173
3758096384
1063422624
0
1070611841
2147483648
1070983175
0
1071648462
536870912
1071954260
0
1070210796
2147483648
1071877561
1610612736
1071113460
1073741824
1072228118
2147483648
1071736144
3221225472
1070987210
3221225472
1069129179
0
1070406549
0
1071919717
0
1070793484
3221225472
1071342336
0
1070386478
2147483648
1072277372
2147483648
1069994704
0
1072495004
3758096384
1072298113
2147483648
1070368258
0
1071074552
0
1070901639
2147483648
1072343787
536870912
1070729182
2147483648
1069728864
0
1071489612
1073741824
1070353818
0
1072207780
1610612736
1072195271
3758096384
1071298238
0
1070930052
3221225472
1072040623
3221225472
1070490402
2147483648
1072177940
3221225472
1072559945
3221225472
1072024323
536870912
1071746840
3758096384
1071961991
2684354560
1071824489
1610612736
1072318520
2684354560
1071751078
3221225472
1072470159
536870912
1069839056
2147483648
1069959205
2147483648
1070594188
0
1070838049
3221225472
1070910076
2147483648
1070590069
2147483648
1072219661
2684354560
1070646565
3221225472
1070909601
1073741824
1072323462
3758096384
1070894250
2147483648
1070458137
2147483648
1070903626
3221225472
1071737838
2147483648
1071664705
1073741824
1070213844
2147483648
1070817417
2147483648
1071905489
0
1067654194
0
1071105418
2147483648
1072447078
3221225472
1071016568
3221225472
1065654480
0
1071679521
2147483648
1069234049
0
1072514459
536870912
1071714812
2684354560
1071542117
1073741824
1071007431
0
1070852925
0
1068202062
0
1068347430
0
1072645475
1073741824
1071931892
3758096384
1071703550
0
1070835767
2147483648
1070220496
0
1067170396
0
1072388157
1073741824
1071461100
1073741824
1072693247
2684354560
45
