Uvec
2226355706
1068992487
0
1072384068
0
1070608643
1073741824
1069916556
0
1070859465
2147483648
1072126249
1073741824
1070850036
3221225472
1070942524
2147483648
1071768996
1073741824
1069966293
0
1070653748
2147483648
1068571878
0
1069129640
0
1070645918
1073741824
1072542448
1610612736
1066315680
0
1069636704
0
1068929852
0
1070951597
0
1065981752
0
1072438517
0
1070915503
0
1070691648
0
1071175833
1073741824
1071724138
2147483648
1068621559
0
1069407929
0
1071754885
2147483648
1070853054
1073741824
1071866097
3758096384
1072084275
536870912
1069519620
0
1068531308
0
1072364502
3221225472
1072361648
3221225472
1071772245
3758096384
1070550140
2147483648
1069667532
0
1071811541
1073741824
1072524205
2684354560
1069925844
0
1072229627
1610612736
1072492408
2684354560
1071860242
0
1071956191
1610612736
1065243392
0
1072192702
3221225472
1072036752
2147483648
1072000087
2147483648
1069859036
0
1072526528
0
1071369706
1073741824
1072630036
2147483648
1070656825
0
1071905089
536870912
1072477844
2684354560
1072208148
3221225472
1071847369
3758096384
1072568802
3221225472
1072586966
1073741824
1071914964
536870912
1072147009
0
1070985526
1073741824
1069099296
0
1072177264
2684354560
1071551808
1073741824
1070163273
0
1070927514
1073741824
1071945936
3758096384
1071859331
1610612736
1070661983
0
1068726947
0
1072204294
1610612736
1071469834
0
1072545073
2684354560
1071516249
1073741824
1069043756
0
1071629187
1073741824
1068662537
0
1072135779
0
1071874862
2147483648
1070501582
2147483648
1070817763
3221225472
1072273755
2684354560
1070036283
0
1071046097
3221225472
1071248205
3221225472
1070534793
0
1072035769
3221225472
1070527048
2147483648
1071164588
0
1069373295
0
1072510710
2684354560
1069217559
0
1070897161
2147483648
1070776574
3221225472
1069946372
0
1069493356
0
1071461100
1073741824
1072693247
2684354560
51
