Uvec
2226355706
1069285470
0
1071879969
3221225472
1072212497
1073741824
1069812144
2147483648
1072095848
1610612736
1072357304
1073741824
1072301817
536870912
1069719388
2147483648
1071557936
3221225472
1072042309
1073741824
1071964145
0
1071046808
3221225472
1071807662
3221225472
1072163450
1610612736
1069231656
0
1068634338
0
1071587321
1073741824
1071748591
536870912
1072264768
0
1071851059
2147483648
1070239214
2147483648
1071664003
1073741824
1072485680
3758096384
1072254742
1073741824
1072359494
536870912
1072514804
0
1069419632
0
1071425320
2147483648
1068730796
0
1069720255
0
1071976315
2684354560
1072575492
3221225472
1072382241
1610612736
1072649888
1610612736
1071125430
2147483648
1071533198
1073741824
1072154679
2147483648
1071468895
1073741824
1070020163
0
1071864794
2684354560
1072584752
2147483648
1069239384
0
1072585983
3221225472
1070132782
2147483648
1072514853
3758096384
1071217464
2147483648
1072439138
2147483648
1072360095
3221225472
1071004381
2147483648
1072560860
2147483648
1072605279
536870912
1072186763
3221225472
1072331509
1073741824
1069287958
0
1071878198
0
1072483802
3221225472
1072273345
1073741824
1072002223
3221225472
1071861452
0
1069949457
0
1071151257
3221225472
1072188503
1073741824
1072633060
3221225472
1072598760
3758096384
1072477901
2147483648
1072617263
2684354560
1070989835
2147483648
1071250994
0
1070886727
1073741824
1070062924
0
1070380882
0
1071918015
3758096384
1071057369
2147483648
1072620745
0
1072447082
2147483648
1072065220
3221225472
1070642146
2147483648
1068710925
0
1070624631
0
1070137023
2147483648
1071755373
2684354560
1071888863
3221225472
1070786725
1073741824
1070688370
2147483648
1069865924
0
1072246052
1073741824
1068108486
0
1068442520
0
1069290637
0
1071506143
3221225472
1071699112
1610612736
1071495076
3221225472
1067150368
0
1071345407
0
1072340911
3221225472
1069222860
0
1072401435
0
1070617509
0
1071461100
1073741824
1072693247
2684354560
94
