Uvec
2226355706
1071356601
2147483648
1072691738
2147483648
1072451166
1073741824
1072023758
1610612736
1069751869
2147483648
1072691932
3221225472
1072470372
0
1068032208
0
1072318637
0
1072493266
1610612736
1071711596
3221225472
1071915779
2147483648
1072601804
2147483648
1070486890
0
1068859876
0
1070680967
1073741824
1070035165
2147483648
1071890045
1610612736
1071899978
3221225472
1072132101
3221225472
1071894792
3221225472
1072099884
536870912
1071800886
3758096384
1070959410
1073741824
1068605814
0
1072601108
536870912
1071946677
3758096384
1069391770
0
1071287238
3221225472
1064603792
0
1072461606
2147483648
1072339972
0
1072350986
2684354560
1070891047
0
1070038921
0
1068586472
0
1070912136
0
1072510326
0
1071732572
1610612736
1070758557
2147483648
1069945093
2147483648
1071798922
1073741824
1064368896
0
1069847890
0
1067561562
0
1066974100
0
1070829910
1073741824
1071253000
2147483648
1071649185
3221225472
1072131330
3758096384
1071590203
1073741824
1072428546
1610612736
1070984633
2147483648
1071390254
3221225472
1070625229
0
1072451727
0
1072445497
2147483648
1071942820
0
1071199812
0
1072580977
1073741824
1062521088
0
1071749881
2147483648
1068792948
0
1067644348
0
1072290971
3758096384
1066185408
0
1070079633
0
1069621450
0
1071596289
3221225472
1067407992
0
1072287440
3221225472
1071741824
3221225472
1071314709
1073741824
1071613395
2147483648
1072012162
2684354560
1072214037
3221225472
1070621524
3221225472
1070703216
1073741824
1072013421
0
1070072392
2147483648
1072134280
536870912
1071064208
0
1072131773
3221225472
1072105629
0
1072102628
1073741824
1065367352
0
1071731046
3758096384
1069885673
2147483648
1069872402
2147483648
1072656930
3221225472
1069949933
2147483648
1072184973
1073741824
1069635105
0
1072557185
0
1071484818
3221225472
1072475972
2147483648
1072439370
3221225472
1071686201
1610612736
1071461100
1073741824
1072693247
2684354560
29
