Uvec
2226355706
1071898942
536870912
1071291853
0
1072498909
3758096384
1071518695
2147483648
1072634040
1073741824
1069961802
0
1070742964
3221225472
1071228447
0
1068696278
0
1072154269
3758096384
1070186482
2147483648
1071924245
3221225472
1071922182
3758096384
1072103857
2147483648
1072654853
2147483648
1068102620
0
1071506794
3221225472
1072410392
2684354560
1070928569
1073741824
1071660156
536870912
1071134595
0
1072571802
3758096384
1071737771
3758096384
1069888753
2147483648
1069304066
0
1071178194
2147483648
1067833328
0
1072379803
0
1072258781
2684354560
1070428486
0
1071661720
3221225472
1070744976
0
1070177659
2147483648
1071692494
1073741824
1069736092
2147483648
1071045651
2147483648
1070710258
0
1066842580
0
1070795020
3221225472
1072404440
2147483648
1069980528
0
1071983077
2684354560
1072565278
1610612736
1071647893
1610612736
1070475247
2147483648
1072032896
3221225472
1071351254
0
1069922626
2147483648
1072244954
1073741824
1072126888
1610612736
1067560312
0
1070800873
2147483648
1071343011
0
1071916152
3758096384
1071352875
0
1072398938
0
1069156779
0
1071737216
1610612736
1072129782
2684354560
1072396815
3758096384
1072075054
536870912
1069448746
0
1071045604
0
1070443800
2147483648
1071690501
1073741824
1071276510
2147483648
1070032588
2147483648
1072139806
536870912
1071997905
1610612736
1068958496
0
1068805136
0
1071262069
2147483648
1069699572
0
1071994815
3758096384
1072617800
0
1071895530
2684354560
1068500339
0
1072352780
3221225472
1069843314
0
1070141274
2147483648
1071872009
536870912
1068971750
0
1072261095
1610612736
1070082776
0
1071639582
2147483648
1072147448
1073741824
1072669810
1073741824
1071786425
3221225472
1071265515
2147483648
1072658452
1073741824
1072216845
2684354560
1071561864
2147483648
1068195934
0
1071047911
3221225472
1071181694
3221225472
1071911274
1073741824
1070881425
2147483648
1072110772
0
1071461100
1073741824
1072693247
2684354560
51
