Uvec
2226355706
1071686017
1073741824
1070670073
2147483648
1070072327
2147483648
1069893559
2147483648
1071224320
3221225472
1071003312
3221225472
1069311824
0
1072458184
1073741824
1071500077
3221225472
1070741793
0
1069039294
0
1071645289
1610612736
1071693176
3758096384
1070115829
0
1072529440
2147483648
1070840093
1073741824
1070327795
0
1071725694
3221225472
1070351445
2147483648
1072451493
3758096384
1070707121
3221225472
1072181727
536870912
1072476752
3758096384
1070281493
2147483648
1062599040
0
1068517056
0
1072661790
1610612736
1071431182
0
1072062714
2147483648
1071488394
2147483648
1070082837
0
1071667769
0
1071850307
2684354560
1072003941
2684354560
1071922877
1073741824
1072404679
1073741824
1072184432
536870912
1068215292
0
1071855205
1073741824
1072635614
2147483648
1071355720
1073741824
1071868369
1610612736
1069896062
0
1068584937
0
1071817520
3221225472
1070163458
2147483648
1072198027
536870912
1071230480
2147483648
1071116854
2147483648
1072286816
0
1071162555
2147483648
1067622352
0
1069971616
2147483648
1071479470
3221225472
1066436052
0
1072263395
0
1072115253
2684354560
1072252627
2684354560
1072325163
1610612736
1071210937
2147483648
1069284779
0
1067113244
0
1072017138
2147483648
1072454411
2147483648
1071866092
536870912
1071882349
3221225472
1072049091
2147483648
1070179691
2147483648
1072305959
536870912
1071814587
2147483648
1070604895
3221225472
1069673679
2147483648
1070123337
0
1072245118
1073741824
1071731740
3758096384
1072090039
1610612736
1072178526
2684354560
1072063107
3758096384
1063855456
0
1071326932
0
1072526433
536870912
1071915706
2684354560
1069607850
0
1072228276
1610612736
1072632100
3758096384
1071663161
2684354560
1071382644
1073741824
1068903965
0
1072301113
1073741824
1071016334
3221225472
1069711854
2147483648
1072014197
3758096384
1071889702
2684354560
1072565236
2684354560
1071937496
1610612736
1070987980
1073741824
1071959277
3758096384
1068667983
0
1071461100
1073741824
1072693247
2684354560
38
