Uvec
2226355706
1071867188
3758096384
1072282521
536870912
1072519543
3758096384
1070902194
2147483648
1070672289
1073741824
1070601476
0
1071062437
2147483648
1070116146
2147483648
1072366267
2147483648
1072178535
2684354560
1070949991
1073741824
1072352675
3758096384
1070845551
0
1072279384
2147483648
1071320165
1073741824
1071398170
1073741824
1072159390
1610612736
1070372520
0
1071825843
2147483648
1070570740
2147483648
1072640159
1610612736
1071325900
3221225472
1072450862
1073741824
1070633084
1073741824
1072466556
2147483648
1070075392
2147483648
1070661436
0
1071845172
0
1070722952
0
1068691642
0
1067461846
0
1071907991
0
1072119169
1073741824
1067216296
0
1068350446
0
1070760809
2147483648
1070420044
0
1071168937
1073741824
1064340272
0
1068645283
0
1070822325
3221225472
1072617408
1073741824
1071972389
2147483648
1071985096
536870912
1072024711
1610612736
1072603397
0
1071994479
1073741824
1072602654
2147483648
1070427437
0
1072009417
1610612736
1072507306
2684354560
1070174784
0
1069134790
0
1070440323
2147483648
1070324843
2147483648
1071834414
3221225472
1072629349
536870912
1072421490
1610612736
1071384972
3221225472
1072546905
3758096384
1070925786
3221225472
1072623216
1073741824
1071465532
0
1068588984
0
1070945957
1073741824
1071483300
3221225472
1070723518
2147483648
1072332541
1073741824
1070456451
0
1072595124
1610612736
1071509473
3221225472
1071684858
2684354560
1070879738
2147483648
1071634877
0
1071437164
2147483648
1071263188
1073741824
1070666700
0
1072584563
0
1069878136
0
1072018722
3221225472
1072580828
3758096384
1072036267
1073741824
1071630812
1073741824
1072189663
3221225472
1069895586
0
1071521575
3221225472
1072281276
1073741824
1072587364
1610612736
1068947093
0
1070911650
1073741824
1068311876
0
1070070366
0
1071306836
2147483648
1070787429
1073741824
1072258641
0
1070182306
0
1070171507
2147483648
1072268899
0
1071461100
1073741824
1072693247
2684354560
48
