Uvec
2226355706
1072664832
536870912
1071814058
2147483648
1071702328
3758096384
1072123031
3221225472
1071611338
2147483648
1070790758
2147483648
1072672065
1610612736
1072296501
1610612736
1071360629
2147483648
1072427388
2147483648
1071989440
1073741824
1068893924
0
1071150161
1073741824
1071630947
0
1071233320
2147483648
1070730633
1073741824
1071907638
536870912
1072364559
3758096384
1072554150
3758096384
1071617546
2147483648
1071696034
3758096384
1069250166
0
1071114051
2147483648
1066306760
0
1072386288
1610612736
1072381661
2684354560
1072476619
3221225472
1071793509
1610612736
1071287272
3221225472
1071963838
2684354560
1067965332
0
1071097235
0
1072188499
0
1067474992
0
1071188308
1073741824
1072529208
2147483648
1070707907
1073741824
1071392299
1073741824
1072354621
1610612736
1071843085
1073741824
1070581168
2147483648
1068329436
0
1072292455
3758096384
1068878809
0
1067315420
0
1069749234
2147483648
1071862783
1610612736
1071132002
3221225472
1071657541
2147483648
1072272967
3221225472
1072111910
3221225472
1070846862
0
1071911730
3758096384
1070016204
0
1071955890
0
1071080384
2147483648
1070737924
1073741824
1069670032
2147483648
1072051163
0
1071895395
3758096384
1072090055
2684354560
1071316460
2147483648
1072228392
0
1071819459
2684354560
1070904706
3221225472
1072108536
2684354560
1069242364
0
1068794938
0
1067572118
0
1069039838
0
1072485978
1073741824
1072086660
3758096384
1072317000
3221225472
1069618196
2147483648
1071563492
0
1069553024
2147483648
1071464761
1073741824
1072260185
1073741824
1072178541
3758096384
1072688733
1610612736
1066525412
0
1070911751
1073741824
1072304291
1073741824
1072196735
2684354560
1071802902
2684354560
1068389514
0
1070915280
0
1071941746
1610612736
1072548815
1073741824
1071810905
2684354560
1071655567
2147483648
1070524412
0
1071748428
0
1071796581
3758096384
1072002566
536870912
1070435709
0
1072283126
3221225472
1072120701
536870912
1071461100
1073741824
1072693247
2684354560
31
