Uvec
2226355706
1072075394
1073741824
1071791136
536870912
1071198156
3221225472
1072094014
3758096384
1070318201
0
1072269338
1073741824
1068972080
0
1068912147
0
1069272697
0
1070732457
2147483648
1072234431
2147483648
1072310212
3221225472
1072411105
2684354560
1071751899
536870912
1070960022
1073741824
1070806943
0
1072049317
536870912
1069211309
0
1071866591
3221225472
1071885889
2147483648
1072254601
2147483648
1072412799
1073741824
1072407537
3221225472
1070721857
3221225472
1071662997
3758096384
1072183499
3221225472
1072279326
2684354560
1065480616
0
1071557104
1073741824
1072105427
2147483648
1070740350
3221225472
1072139423
2684354560
1071604317
1073741824
1068518663
0
1070929146
2147483648
1071411135
2147483648
1071635211
1073741824
1072297221
1610612736
1070264260
2147483648
1072513501
0
1069430429
0
1072593323
536870912
1071853852
3758096384
1071780063
1073741824
1072162281
1073741824
1070349117
2147483648
1072252321
3221225472
1071759230
0
1069917639
0
1071820337
2147483648
1072087324
3221225472
1072423470
0
1072275083
3758096384
1072495159
2147483648
1067594784
0
1072154521
2147483648
1071866358
1610612736
1071962756
0
1069370619
0
1071970791
1073741824
1072352058
536870912
1072062104
2147483648
1070440015
2147483648
1071110412
0
1069676741
2147483648
1072631483
1073741824
1072242553
3221225472
1071394455
0
1070350407
0
1072576831
2147483648
1072398910
2147483648
1066869980
0
1067761646
0
1072139821
1610612736
1068600881
0
1072365167
3758096384
1069544680
0
1069945666
2147483648
1069938410
2147483648
1070131603
2147483648
1072610570
0
1070713916
2147483648
1072422779
1610612736
1072158970
3758096384
1072212324
3221225472
1070622646
3221225472
1072157900
2684354560
1071842535
2684354560
1072405018
0
1071160042
2147483648
1072604714
2147483648
1072054123
0
1071895680
3221225472
1072173321
3221225472
1071961330
3221225472
1072176172
1073741824
1069229047
0
1069443356
0
1071461100
1073741824
1072693247
2684354560
62
