Uvec
2226355706
1071354420
2147483648
1072510493
3758096384
1068311622
0
1072069144
0
1072666080
3758096384
1069956881
2147483648
1070624785
3221225472
1071434404
2147483648
1071366472
1073741824
1067945654
0
1069778058
2147483648
1070276164
2147483648
1071967403
536870912
1071653712
1610612736
1072192443
2684354560
1072348507
0
1072032465
1610612736
1071721006
1610612736
1068795190
0
1067271192
0
1069972230
2147483648
1072435507
3758096384
1071088876
1073741824
1071897408
3758096384
1071923781
1073741824
1068072136
0
1071409049
2147483648
1072599886
1610612736
1068600384
0
1071415752
2147483648
1070827188
0
1072056003
536870912
1071655961
0
1067349088
0
1067617384
0
1072028117
0
1069030449
0
1070575114
0
1072133271
1073741824
1071181432
2147483648
1071840092
0
1068728311
0
1071236081
2147483648
1072518797
1073741824
1072641372
536870912
1071766494
3221225472
1066684084
0
1071119555
2147483648
1070793088
3221225472
1070591839
0
1071907400
3758096384
1071520118
2147483648
1070963727
0
1068792180
0
1072147989
3221225472
1072051881
3221225472
1072572867
2684354560
1070406860
2147483648
1070264011
2147483648
1072548791
2684354560
1070734652
0
1071097639
2147483648
1072013241
3758096384
1072432982
2147483648
1069682684
0
1072319446
536870912
1070051960
0
1070872925
1073741824
1070198060
2147483648
1069792532
0
1071677197
536870912
1069999109
0
1072605021
3758096384
1071077051
2147483648
1071007408
0
1071502014
3221225472
1071832594
3758096384
1072320891
2684354560
1072339729
536870912
1072307070
1610612736
1070106432
0
1071707617
2147483648
1072593844
2684354560
1070555406
2147483648
1066988008
0
1069683081
2147483648
1071590137
0
1068714456
0
1065680536
0
1072074955
2147483648
1072472220
536870912
1072254078
2147483648
1067968632
0
1071689975
2147483648
1061093632
0
1070112968
0
1072041057
3758096384
1069938886
0
1071461100
1073741824
1072693247
2684354560
96
