Uvec
2226355706
1071243347
2147483648
1070167502
2147483648
1071922961
0
1072010285
3758096384
1065420608
0
1072050055
2684354560
1067033504
0
1070755012
1073741824
1071183106
1073741824
1072335887
536870912
1072654973
536870912
1070670655
2147483648
1070462225
0
1071045601
1073741824
1072292445
1073741824
1071814409
3221225472
1070916080
3221225472
1072578772
3221225472
1071603429
3221225472
1072491593
3221225472
1071513277
1073741824
1071993112
1073741824
1069387346
0
1071689489
3221225472
1071074290
0
1070788720
1073741824
1070989836
3221225472
1072242718
1073741824
1069073085
0
1072191527
2147483648
1072276132
1610612736
1072214385
2684354560
1071734572
2147483648
1071515807
2147483648
1070691262
0
1072260460
2147483648
1065194000
0
1071173502
0
1071945813
2147483648
1069335954
0
1072144025
536870912
1071092465
2147483648
1072208825
2684354560
1072357499
1073741824
1072273674
3221225472
1071266644
0
1072689415
3758096384
1070831362
2147483648
1072273359
2147483648
1061646848
0
1071702521
536870912
1071755735
1610612736
1071188629
2147483648
1064441888
0
1071833935
1073741824
1071930569
536870912
1072019920
3221225472
1070652759
2147483648
1071794899
0
1072621946
1073741824
1071618871
2147483648
1068785675
0
1072446384
3758096384
1071728291
536870912
1071954538
3221225472
1070633623
1073741824
1071865537
1073741824
1069250975
0
1071577420
3221225472
1071892123
3758096384
1070533740
0
1071807094
536870912
1072289286
3758096384
1072651511
536870912
1070456688
0
1070483876
0
1068689123
0
1071662663
536870912
1072137457
536870912
1070202345
0
1071303115
3221225472
1071336713
1073741824
1072500547
1073741824
1072582003
1610612736
1072229832
1073741824
1072107647
1610612736
1072606305
0
1070758522
3221225472
1071142179
0
1071888609
3758096384
1072415661
0
1068725617
0
1070884044
0
1069076632
0
1070762466
3221225472
1067712234
0
1071385178
0
1069759608
0
1071461100
1073741824
1072693247
2684354560
31
