Uvec
2226355706
1069289873
0
1069582486
0
1071285149
0
1069989960
2147483648
1070119278
0
1072460200
2684354560
1070044772
2147483648
1072532544
3221225472
1072449354
2147483648
1069581884
0
1070714909
3221225472
1071449430
0
1068208528
0
1070822247
0
1071778753
536870912
1071769985
1610612736
1072284430
0
1071933034
1610612736
1066017696
0
1070785772
0
1070650833
0
1070958948
3221225472
1070935409
0
1072137907
536870912
1071582237
3221225472
1072065815
3221225472
1069041415
0
1072335308
3221225472
1064184128
0
1069316338
0
1071888424
2684354560
1072369503
0
1070930910
2147483648
1071487164
2147483648
1071933260
3221225472
1072399214
3221225472
1070247966
0
1071715819
2147483648
1071146656
0
1072670243
536870912
1072394644
3758096384
1071862262
2684354560
1072440588
3221225472
1071050979
0
1070658901
3221225472
1070962919
2147483648
1066835236
0
1072112304
2684354560
1071438054
2147483648
1071594071
0
1072337438
2147483648
1071984019
1073741824
1070739087
0
1068419194
0
1072208798
536870912
1071736742
1610612736
1071671987
2147483648
1072387145
2147483648
1071642613
0
1071178480
2147483648
1072540139
3758096384
1071663133
2147483648
1072667683
2684354560
1071947317
2147483648
1072559425
0
1071912559
1073741824
1068766781
0
1072465627
3758096384
1072066949
2684354560
1070728507
2147483648
1071745161
1610612736
1072438802
0
1068024714
0
1062847424
0
1071486808
2147483648
1069825678
0
1071824319
536870912
1064590912
0
1072436111
1610612736
1072053030
536870912
1068859260
0
1072059057
3758096384
1071713046
3221225472
1070272561
0
1070131519
2147483648
1069815965
0
1071398815
2147483648
1068719000
0
1071079563
2147483648
1068641757
0
1068843401
0
1070178552
0
1072597378
2684354560
1071450828
1073741824
1071242420
3221225472
1069958997
2147483648
1069432061
0
1070679615
3221225472
1071461100
1073741824
1072693247
2684354560
52
