Uvec
2226355706
1071870727
1073741824
1066850608
0
1072046310
3221225472
1071937800
3221225472
1071892685
2684354560
1072503307
2684354560
1068871165
0
1072175627
1073741824
1068012062
0
1070634053
0
1072026163
2684354560
1072227488
0
1071738427
536870912
1072477725
1610612736
1071200564
1073741824
1072115713
2147483648
1070725559
2147483648
1070600940
2147483648
1072568641
2684354560
1072342370
1073741824
1072208238
1073741824
1070846210
2147483648
1070648281
0
1072404206
1610612736
1071616584
0
1071814134
536870912
1070969542
0
1070847383
3221225472
1070373222
0
1070515743
0
1072623487
2684354560
1072346292
3221225472
1072069887
536870912
1066446908
0
1071915897
2147483648
1069608234
2147483648
1071283498
3221225472
1071079939
3221225472
1070887557
0
1070253362
0
1066184520
0
1069620363
0
1071999163
2147483648
1072642601
3758096384
1072056751
2147483648
1071139156
1073741824
1071046156
2147483648
1072440338
3221225472
1070762119
3221225472
1072516781
2684354560
1070199370
0
1071842875
0
1071051922
1073741824
1071512615
1073741824
1072359876
536870912
1072308294
2684354560
1071062885
0
1071838636
2147483648
1070958966
3221225472
1072413351
0
1068735997
0
1069496603
0
1071969404
536870912
1069877724
0
1070904904
1073741824
1070753425
1073741824
1067753400
0
1065379480
0
1070924143
0
1071787545
536870912
1071023937
1073741824
1072118288
3221225472
1072430294
2147483648
1071794773
2684354560
1069577622
0
1072367896
536870912
1071651885
3758096384
1071017652
2147483648
1071835439
2147483648
1069957807
0
1069693394
2147483648
1072683397
1610612736
1067621364
0
1069733571
0
1072118549
2147483648
1072064980
536870912
1072155926
1610612736
1071646887
1610612736
1070671534
0
1068046982
0
1072436664
2684354560
1072205037
1610612736
1072554089
2684354560
1071466426
2147483648
1072125524
536870912
1071877040
0
1071914368
2147483648
1072025870
3758096384
1071461100
1073741824
1072693247
2684354560
20
