Uvec
2226355706
1072487581
2684354560
1072295710
3758096384
1070052604
2147483648
1068842868
0
1069302148
0
1071746166
3758096384
1070607941
3221225472
1071245633
3221225472
1072189474
3758096384
1065932080
0
1071428967
3221225472
1071873100
0
1072498998
2684354560
1070162949
0
1069777843
2147483648
1071692992
3221225472
1069074930
0
1071537974
1073741824
1072341490
3758096384
1071468877
1073741824
1071889112
1610612736
1068117836
0
1070843448
1073741824
1071762818
2147483648
1071187122
2147483648
1071667271
0
1072544119
536870912
1070037150
0
1071127093
2147483648
1071654411
2684354560
1072415627
1073741824
1072354605
2684354560
1070440354
0
1071617095
1073741824
1072206355
2147483648
1071697998
1073741824
1071784390
3758096384
1071738561
2684354560
1070677644
3221225472
1070513493
0
1069658573
0
1071142173
1073741824
1072028355
2147483648
1071033661
0
1071797600
2147483648
1070963693
1073741824
1068991335
0
1072220855
1610612736
1071091949
2147483648
1072414835
3758096384
1071245011
2147483648
1063586400
0
1072407200
2684354560
1072157042
1073741824
1071950627
1073741824
1071757285
1610612736
1072248051
2684354560
1067247620
0
1070427864
2147483648
1071885067
3758096384
1070678013
0
1070159568
2147483648
1072328972
2147483648
1071059620
3221225472
1070509451
2147483648
1070925315
2147483648
1072420044
0
1069934615
0
1070905914
1073741824
1070309019
2147483648
1071231937
2147483648
1067948728
0
1071714548
1610612736
1069413593
0
1072691465
1610612736
1070720350
2147483648
1072171785
0
1072403300
2684354560
1071983547
2147483648
1072404911
536870912
1069136719
0
1071560738
3221225472
1070827072
1073741824
1069096275
0
1072051238
536870912
1071610797
3221225472
1072163000
3758096384
1069580171
0
1069695469
0
1070928466
0
1072198878
3221225472
1071045465
3221225472
1072289261
2147483648
1072096559
0
1072595517
536870912
1070722970
0
1070944021
0
1071841278
3221225472
1071461100
1073741824
1072693247
2684354560
40
