Uvec
2226355706
1071398199
3221225472
1071648358
2147483648
1070676964
1073741824
1071623764
0
1072418545
0
1072217811
3221225472
1068672163
0
1072348816
536870912
1071650452
2147483648
1069750369
0
1072391802
1073741824
1072458363
3221225472
1071796083
2147483648
1072220818
3758096384
1072434935
1073741824
1070660461
1073741824
1072534121
2147483648
1069501969
0
1070761258
3221225472
1072533379
3758096384
1072043455
3758096384
1071734704
1073741824
1072232658
0
1072139133
3221225472
1071640706
3221225472
1072589479
1610612736
1072312738
536870912
1071163271
1073741824
1069730623
2147483648
1072641495
3758096384
1071677705
3758096384
1072503586
0
1071558456
2147483648
1072190547
1610612736
1068409866
0
1068680557
0
1071848934
0
1071611957
1073741824
1072609269
2684354560
1071012820
1073741824
1070748267
2147483648
1071788730
1610612736
1071770989
1610612736
1071726782
3221225472
1070156932
0
1072579142
3221225472
1071962439
2147483648
1071165823
1073741824
1071995077
536870912
1068887751
0
1070912620
2147483648
1071208131
0
1072016490
1610612736
1072236801
536870912
1071452897
2147483648
1072515830
3221225472
1066627124
0
1071810575
536870912
1070804292
0
1071838500
1610612736
1072628291
536870912
1072049025
3221225472
1072221360
536870912
1072646502
2147483648
1072329973
1073741824
1071984460
3758096384
1072140191
3758096384
1070724528
2147483648
1069737695
0
1071725265
1073741824
1072362012
536870912
1071031629
3221225472
1072550932
536870912
1071472454
1073741824
1072010680
3758096384
1072291046
3758096384
1072247217
2147483648
1071948744
3758096384
1071943526
0
1070400167
0
1071751667
3758096384
1066658832
0
1071528364
1073741824
1069477793
0
1072467665
3758096384
1072047789
1073741824
1071892679
536870912
1069135846
0
1070526676
2147483648
1068271610
0
1071856126
2147483648
1065813000
0
1070572806
0
1071904512
2147483648
1071812065
3221225472
1072013653
536870912
1072045081
0
1071230355
2147483648
1071461100
1073741824
1072693247
2684354560
56
