Uvec
2226355706
1068307172
0
1070683306
1073741824
1070087694
0
1072351593
0
1070677674
2147483648
1067590944
0
1070572378
0
1072408077
1610612736
1072375525
2684354560
1071972432
3758096384
1071111286
0
1069868759
0
1072224479
0
1069799861
2147483648
1070129361
2147483648
1071890785
3758096384
1070685729
0
1071674075
2147483648
1072360847
1610612736
1071722038
2684354560
1072488316
1073741824
1072503654
1610612736
1071226778
3221225472
1071021743
3221225472
1072636904
3221225472
1072292513
3758096384
1071611927
2147483648
1070009421
0
1072387394
1610612736
1067717218
0
1071946939
1610612736
1071658950
536870912
1072438826
3758096384
1069995822
2147483648
1070386563
2147483648
1067748326
0
1069530282
0
1071329657
1073741824
1069797742
0
1070442512
0
1069615742
0
1072541565
2684354560
1070038551
0
1072211229
2684354560
1072571735
3221225472
1067464186
0
1072288360
2147483648
1069243653
0
1072582471
536870912
1070566916
2147483648
1067348712
0
1071017655
1073741824
1071783110
0
1072643384
3758096384
1070237833
2147483648
1072366677
3758096384
1071222223
1073741824
1071769755
1610612736
1070556746
2147483648
1071253416
1073741824
1072183681
3221225472
1071799316
536870912
1071577022
2147483648
1071455967
3221225472
1070182180
0
1068637394
0
1072437911
536870912
1070503271
0
1067440788
0
1072580330
536870912
1070756604
2147483648
1071385148
0
1068489830
0
1071171729
2147483648
1072256810
2147483648
1072392097
1610612736
1071353088
0
1071989649
536870912
1070245112
0
1071517743
1073741824
1070716417
2147483648
1072210501
2684354560
1072215548
1073741824
1071118674
1073741824
1070827509
3221225472
1072609045
2147483648
1072255822
3758096384
1068962327
0
1072336840
0
1072134516
2684354560
1070404074
0
1072299803
3221225472
1071273767
1073741824
1069801329
2147483648
1071118131
2147483648
1070601758
3221225472
1069293217
0
1072531584
1610612736
1071461100
1073741824
1072693247
2684354560
84
