Uvec
2226355706
1070085447
2147483648
1072002579
2684354560
1069399682
0
1071304442
1073741824
1071681691
3758096384
1071430121
1073741824
1072135737
1073741824
1072669486
3221225472
1069738268
2147483648
1062817280
0
1072289775
536870912
1070646216
1073741824
1071638475
1073741824
1070436392
2147483648
1071905751
2684354560
1069757070
0
1070546967
2147483648
1072420280
2147483648
1070052847
0
1072353847
3758096384
1071144678
2147483648
1071529085
1073741824
1071650105
3221225472
1072297173
3221225472
1072410436
2147483648
1072580313
536870912
1069974333
2147483648
1064485776
0
1072570022
0
1072431901
536870912
1067789280
0
1070847840
2147483648
1072316069
2147483648
1072633847
1610612736
1072462792
1610612736
1066051792
0
1070564377
2147483648
1071018741
1073741824
1069720613
2147483648
1071968841
536870912
1071692617
2147483648
1070915396
1073741824
1072525218
3758096384
1069800883
0
1072109195
3758096384
1072290639
2147483648
1071829048
3221225472
1072611798
1610612736
1071377774
0
1069832690
0
1071241407
3221225472
1072363643
3758096384
1072534308
3758096384
1070461192
2147483648
1072523327
2147483648
1072367635
536870912
1072247827
1610612736
1071839510
1073741824
1068821871
0
1068092362
0
1069814078
0
1069835178
2147483648
1072268877
3758096384
1066284392
0
1070964010
3221225472
1071918597
3221225472
1069705306
0
1071654907
3758096384
1072079176
1610612736
1072423691
2147483648
1070707808
1073741824
1071851835
3221225472
1072174163
1610612736
1072299742
3221225472
1071445142
3221225472
1072293692
3758096384
1072551707
1610612736
1071744183
3221225472
1072452722
3758096384
1072391713
2684354560
1071929124
3221225472
1071252321
3221225472
1071932279
1610612736
1071075322
1073741824
1068200982
0
1072253283
1610612736
1070431764
0
1068565586
0
1072209310
1610612736
1071866434
2684354560
1071066001
1073741824
1071297276
3221225472
1072219942
536870912
1072474419
1610612736
1072690739
0
1069779046
2147483648
1072428867
1073741824
1070719792
0
1071461100
1073741824
1072693247
2684354560
44
