Uvec
2226355706
1070962386
3221225472
1071866391
3758096384
1071784859
3221225472
1072107090
1073741824
1071440222
0
1071729229
2147483648
1070756960
0
1072239696
536870912
1071786631
1073741824
1071972780
536870912
1071651064
3221225472
1072167950
1610612736
1072567014
3758096384
1072562198
1610612736
1072429299
0
1069601129
2147483648
1072213831
0
1071392968
3221225472
1068945484
0
1072531602
1610612736
1072318376
3221225472
1067282280
0
1070763293
3221225472
1070747802
1073741824
1070118288
0
1072514429
2684354560
1072121889
1073741824
1071991854
3758096384
1069899617
2147483648
1072058278
3758096384
1072100433
1610612736
1069743410
0
1065432328
0
1068289912
0
1070648018
3221225472
1072237900
2684354560
1072535014
2147483648
1071865950
1610612736
1072073736
2684354560
1071701462
1610612736
1071888617
1073741824
1072244732
536870912
1072299093
2147483648
1069929405
0
1069381178
0
1071375025
3221225472
1067405592
0
1071166490
2147483648
1072509045
3758096384
1072466976
536870912
1072475092
1610612736
1072533172
536870912
1070545427
2147483648
1070043519
2147483648
1071269940
3221225472
1072085805
0
1070452201
2147483648
1071442058
2147483648
1069938020
0
1071068949
3221225472
1069574123
0
1072156691
1610612736
1072109981
1610612736
1069973814
2147483648
1070702696
3221225472
1071784658
2684354560
1070231141
0
1072364234
536870912
1065492216
0
1071802543
1073741824
1072264211
2684354560
1071589968
3221225472
1072544156
2147483648
1071941734
3758096384
1071093797
1073741824
1067261824
0
1067211652
0
1072064374
1610612736
1070972965
2147483648
1071104409
0
1072286496
536870912
1072238494
0
1072555252
2147483648
1071096334
3221225472
1071563331
1073741824
1072220521
3221225472
1072355223
1073741824
1070291170
2147483648
1071341946
1073741824
1070090203
0
1071957660
536870912
1071737239
2684354560
1072072178
3758096384
1069897099
2147483648
1071921393
3221225472
1071967562
2147483648
1071748265
536870912
1069039602
0
1071461100
1073741824
1072693247
2684354560
93
