Uvec
2226355706
1072579288
2684354560
1072118813
3221225472
1070906437
1073741824
1071955930
0
1065544200
0
1071661984
0
1071777360
3758096384
1068805886
0
1069919718
2147483648
1071526036
2147483648
1071229693
2147483648
1067996522
0
1071768499
0
1065800920
0
1070358950
0
1071926732
3758096384
1070792947
3221225472
1071386375
1073741824
1068046476
0
1072576764
0
1071126813
2147483648
1072527102
3758096384
1072466267
2684354560
1071764060
1610612736
1071690041
0
1071107195
3221225472
1072210146
2684354560
1068969639
0
1070559055
2147483648
1071609049
2147483648
1069956234
2147483648
1066835108
0
1071828817
2684354560
1071596910
0
1072560943
1610612736
1071862193
536870912
1071312880
2147483648
1068485666
0
1072563478
2147483648
1070013261
0
1069086641
0
1071218385
1073741824
1071752354
536870912
1069564326
2147483648
1070566143
2147483648
1072492001
2684354560
1072182180
3758096384
1069710164
0
1071824229
1610612736
1070825668
2147483648
1070837689
3221225472
1071879578
1610612736
1072278963
3221225472
1067503344
0
1070958661
2147483648
1066338928
0
1070979652
3221225472
1070770388
2147483648
1072529825
2147483648
1072225182
2147483648
1072364898
1073741824
1072232090
0
1071003092
0
1071905718
536870912
1065279376
0
1071551347
3221225472
1069876154
2147483648
1072598686
2684354560
1071443199
0
1071861171
2684354560
1071143546
3221225472
1070406460
0
1067288160
0
1070118298
0
1070712593
0
1071215077
3221225472
1069918160
0
1072531576
536870912
1072349827
3221225472
1072596459
3758096384
1063492736
0
1072560242
3221225472
1069779810
2147483648
1071720154
1610612736
1070532900
2147483648
1072546002
1610612736
1070680308
3221225472
1065704520
0
1071804545
0
1071086814
1073741824
1071993432
3221225472
1066298688
0
1069948637
0
1069344581
0
1065481752
0
1072380565
1073741824
1071480655
2147483648
1069249046
0
1071461100
1073741824
1072693247
2684354560
25
