Uvec
2226355706
1069142298
0
1072336812
1073741824
1071230840
2147483648
1072615041
1073741824
1072279300
2684354560
1069310767
0
1072565700
3758096384
1072485528
3758096384
1069167221
0
1069217199
0
1070441329
0
1071721965
2147483648
1072242109
0
1070181971
2147483648
1071576074
1073741824
1072246036
0
1065776104
0
1068723973
0
1068697312
0
1071113701
2147483648
1071091616
2147483648
1070370464
0
1071568003
1073741824
1071889066
536870912
1072403300
536870912
1071406617
0
1071582607
0
1072068364
2684354560
1071717877
3758096384
1070841394
1073741824
1072577328
0
1071831503
2684354560
1071997834
2147483648
1071742174
536870912
1071224890
2147483648
1072453884
3221225472
1070894891
1073741824
1072492966
2684354560
1070431767
2147483648
1069706839
2147483648
1071259175
1073741824
1072680340
0
1068755224
0
1070657586
2147483648
1071134165
1073741824
1068897434
0
1072065849
3221225472
1072118039
0
1066230792
0
1070963683
3221225472
1072462278
2147483648
1072422719
0
1070494417
2147483648
1072668829
3758096384
1072343899
0
1070450978
0
1071828992
3758096384
1070608948
0
1070870412
3221225472
1069935058
2147483648
1069647048
0
1071916551
1610612736
1071675051
3758096384
1072327697
1073741824
1069004487
0
1072588958
1073741824
1069792628
0
1066654756
0
1071025348
1073741824
1072216349
1073741824
1070713289
2147483648
1072049026
536870912
1063912800
0
1072132357
2147483648
1071646959
3221225472
1072470757
0
1072588233
3221225472
1071870646
1073741824
1071662904
536870912
1070445726
0
1070803938
0
1071930552
2147483648
1068762470
0
1071753597
2684354560
1072337703
2684354560
1072045528
2684354560
1072251011
0
1072609544
1073741824
1070985863
1073741824
1070845060
1073741824
1069843936
0
1071825223
3221225472
1072442125
1610612736
1071532986
0
1072299458
2147483648
1071343084
0
1072020941
3758096384
1071361734
2147483648
1071461100
1073741824
1072693247
2684354560
4
