Uvec
2226355706
1071420122
3221225472
1071933547
3221225472
1072147734
0
1070149267
0
1071476099
3221225472
1071867345
536870912
1071323402
0
1072330607
3221225472
1068838024
0
1072457288
1073741824
1070623849
2147483648
1072332549
2147483648
1070031274
2147483648
1071923337
3221225472
1070613423
1073741824
1072485481
3221225472
1072668951
3758096384
1072210653
3221225472
1071588900
3221225472
1072093290
1073741824
1071292649
3221225472
1072329591
2147483648
1071783480
0
1065872832
0
1071758541
1073741824
1072685798
536870912
1070065123
0
1071853563
1073741824
1071315564
1073741824
1072496976
536870912
1071852395
1073741824
1071127362
1073741824
1071946950
536870912
1069886195
0
1072686099
1610612736
1070897487
3221225472
1072190748
3221225472
1072592608
3758096384
1072409260
3221225472
1072054675
536870912
1072068812
1610612736
1071481645
1073741824
1071526348
3221225472
1070419334
2147483648
1072265215
2147483648
1071527713
0
1071566885
0
1070833516
3221225472
1071270574
2147483648
1072632997
1610612736
1068675039
0
1071260244
1073741824
1072664441
3758096384
1071536352
3221225472
1072517613
0
1072420486
3221225472
1068857834
0
1072544183
1610612736
1072479046
1073741824
1068711618
0
1072052540
1610612736
1072687837
3221225472
1072561683
1610612736
1072594116
2684354560
1068458796
0
1070738797
1073741824
1070388022
2147483648
1071996608
1610612736
1072169380
3758096384
1071519331
2147483648
1072154531
1073741824
1072051568
536870912
1071939757
3221225472
1071649269
3221225472
1072085007
1610612736
1072098687
536870912
1071660408
3758096384
1072110845
2684354560
1072209163
0
1072565137
2147483648
1072470371
3221225472
1071992298
2684354560
1069587014
0
1069916970
2147483648
1072525016
2147483648
1071493708
0
1070903355
3221225472
1069744885
2147483648
1072078398
0
1071114323
1073741824
1070648113
3221225472
1071972339
2147483648
1069447898
0
1069611135
2147483648
1072623171
536870912
1071956810
3221225472
1072476134
1610612736
1070433932
0
1071461100
1073741824
1072693247
2684354560
73
