Uvec
2226355706
1072518022
2684354560
1072239793
3221225472
1072222642
2684354560
1072304816
2684354560
1071018678
2147483648
1070584361
2147483648
1072021325
1073741824
1070622147
3221225472
1072347902
2684354560
1072403255
1073741824
1071343697
1073741824
1071831527
536870912
1071685768
1610612736
1067044384
0
1070220114
2147483648
1070864362
3221225472
1072525450
0
1072180156
3221225472
1069127995
0
1072117842
2684354560
1069149235
0
1071978068
2147483648
1071026148
0
1072108183
2147483648
1072108111
2147483648
1071991532
0
1071671935
1073741824
1069707306
2147483648
1072517231
1073741824
1070944750
2147483648
1071680704
536870912
1071693774
3758096384
1072166709
1073741824
1071803444
2147483648
1072406876
3758096384
1068825893
0
1072089647
536870912
1069466828
0
1071967637
3758096384
1072041031
2147483648
1070717999
2147483648
1071702089
536870912
1071787587
3221225472
1072087798
2147483648
1072344723
3758096384
1071068550
0
1070352900
2147483648
1071040442
2147483648
1072205571
1610612736
1072160077
3221225472
1070781690
1073741824
1071786670
536870912
1072416541
1073741824
1072174445
1073741824
1070139238
0
1071000634
2147483648
1070621257
3221225472
1072184147
3758096384
1071321613
2147483648
1072275589
3758096384
1072552148
2147483648
1069292062
0
1071853931
3221225472
1071532283
1073741824
1067862510
0
1072586403
1610612736
1071721251
2147483648
1070271982
0
1070597017
0
1070692204
0
1071106384
3221225472
1071737660
2147483648
1071852410
3221225472
1072690439
1610612736
1070831220
3221225472
1069636904
2147483648
1069789415
2147483648
1070204667
2147483648
1072078456
2147483648
1069045215
0
1070026693
0
1071794529
536870912
1071485234
1073741824
1072165953
536870912
1071186101
2147483648
1072145954
1610612736
1066923544
0
1069878610
0
1071884363
1610612736
1072515146
0
1070244493
2147483648
1072678399
3758096384
1071873665
3758096384
1071987538
536870912
1071974077
1610612736
1071830541
1610612736
1072537261
1610612736
1071744283
0
1071461100
1073741824
1072693247
2684354560
49
