Uvec
2226355706
1069235098
0
1072161237
536870912
1071651016
2147483648
1072440470
1610612736
1070866698
0
1070503442
2147483648
1070866946
2147483648
1071906817
1610612736
1072689942
1073741824
1071803008
0
1071461965
3221225472
1067151876
0
1072222767
0
1069279347
0
1071937732
1610612736
1069668833
2147483648
1071972910
536870912
1071703819
3221225472
1070034790
2147483648
1069846827
0
1072597848
1610612736
1070787494
2147483648
1070902438
0
1069993621
2147483648
1068170158
0
1069839061
0
1071681769
1073741824
1068303158
0
1071614880
3221225472
1072025253
1073741824
1071768217
2684354560
1066824348
0
1070035649
2147483648
1071504870
3221225472
1072565682
3758096384
1070993509
3221225472
1072126496
3221225472
1069044821
0
1069602307
0
1070194063
2147483648
1071662402
1610612736
1071838123
3221225472
1069945624
2147483648
1072338861
536870912
1072496701
3221225472
1064691104
0
1071112929
0
1071245371
1073741824
1070675915
2147483648
1071616791
2147483648
1070922904
3221225472
1070140181
0
1072610272
3221225472
1071703293
2147483648
1070200571
2147483648
1072247332
0
1072052378
3758096384
1071224266
0
1071890607
3221225472
1068085432
0
1070833169
0
1070513135
0
1071791099
536870912
1069702958
0
1071223209
3221225472
1072344293
1073741824
1070209001
2147483648
1071841531
536870912
1071266298
2147483648
1067644480
0
1071939749
536870912
1070885247
0
1071398826
0
1069602096
2147483648
1070611859
2147483648
1069707537
2147483648
1071803739
1073741824
1071691017
0
1070833456
1073741824
1070616310
2147483648
1072282798
536870912
1069749999
0
1072084363
2147483648
1072095805
2684354560
1072035955
3221225472
1062252864
0
1071982806
1610612736
1070228489
0
1070647957
2147483648
1072101082
2147483648
1071765777
3758096384
1070966365
2147483648
1071330549
3221225472
1072146998
2684354560
1072506430
2684354560
1070634120
3221225472
1067850804
0
1069739677
2147483648
1071461100
1073741824
1072693247
2684354560
91
