Uvec
2226355706
1072579435
536870912
1071877553
1073741824
1072193623
3758096384
1072469045
2684354560
1069984583
0
1071226132
3221225472
1070807346
2147483648
1072011831
0
1072649094
2684354560
1072292381
1073741824
1070114452
0
1072684386
1610612736
1068902770
0
1071732409
536870912
1072460717
1073741824
1072573488
3221225472
1072582553
3221225472
1071005356
2147483648
1071722569
3221225472
1070641746
2147483648
1072446165
2147483648
1071948297
2147483648
1072397657
3221225472
1071964702
2147483648
1072115848
1610612736
1072220654
536870912
1072441115
1073741824
1072341170
1610612736
1071590549
0
1071740177
0
1072584273
1073741824
1065618848
0
1068191468
0
1069145448
0
1072316744
536870912
1071262813
1073741824
1072024721
2147483648
1071682718
0
1071713502
3758096384
1071511658
3221225472
1072146820
3758096384
1070716806
0
1072107620
0
1072581771
2684354560
1072528979
536870912
1071992646
2684354560
1070582323
2147483648
1072350601
3758096384
1072100732
2147483648
1069842882
2147483648
1072621210
3758096384
1072413318
536870912
1071834759
3758096384
1072552550
3758096384
1071972598
1610612736
1072221124
1073741824
1072610421
1610612736
1070623694
2147483648
1072459670
2147483648
1072204078
3758096384
1072323245
1073741824
1070571582
2147483648
1071322376
2147483648
1068501751
0
1068015250
0
1072015962
1610612736
1071274668
3221225472
1071954541
1610612736
1072339552
2147483648
1072345337
2684354560
1071968987
2147483648
1071304553
3221225472
1072598809
0
1071133210
0
1070258812
0
1072047084
3758096384
1071218943
0
1072020044
1073741824
1070905471
2147483648
1071853384
0
1072669469
3758096384
1068575590
0
1071895830
536870912
1069557620
2147483648
1070870330
0
1070025100
2147483648
1071440559
1073741824
1067942712
0
1070701419
3221225472
1072493929
2684354560
1072574682
2147483648
1072236632
0
1069067832
0
1071345041
2147483648
1072436385
536870912
1070421141
0
1071607319
2147483648
1072219351
0
1071461100
1073741824
1072693247
2684354560
69
