Uvec
2226355706
1072437141
1073741824
1069345797
0
1069011831
0
1070874684
2147483648
1067873986
0
1070805696
1073741824
1069114862
0
1071824960
2147483648
1069906857
2147483648
1071648939
1073741824
1071445362
2147483648
1068057178
0
1070059822
0
1069881124
0
1072589553
0
1072031933
536870912
1070261007
0
1072397894
3221225472
1071666714
536870912
1068798941
0
1071289527
2147483648
1068621176
0
1072265773
2147483648
1072070506
2684354560
1070014290
0
1071529109
1073741824
1072341423
1610612736
1072452467
1610612736
1071247522
3221225472
1072605731
0
1068669683
0
1067569566
0
1071062269
2147483648
1071840296
1610612736
1071952577
1610612736
1072397300
3221225472
1072411921
1610612736
1071663835
0
1071402935
1073741824
1070919996
0
1069736624
2147483648
1072141207
1610612736
1071777957
0
1072627240
1610612736
1071442759
1073741824
1070116155
2147483648
1069773691
2147483648
1071163551
2147483648
1070078740
2147483648
1070622898
3221225472
1072175051
2684354560
1072663266
2147483648
1072251828
2684354560
1071983250
0
1069421742
0
1071684032
1610612736
1071843610
1073741824
1072644694
3758096384
1068330058
0
1072256691
0
1072131954
1073741824
1070835450
1073741824
1072476744
2684354560
1071789828
1073741824
1072384743
1610612736
1071454824
2147483648
1071680823
3758096384
1070074079
2147483648
1071405200
2147483648
1072529527
2684354560
1071197100
0
1072651491
1073741824
1069717971
0
1072359542
536870912
1071935798
0
1072215200
0
1071463435
0
1068643553
0
1070609436
3221225472
1071857521
3758096384
1070443720
0
1071603047
1073741824
1070843209
2147483648
1067581840
0
1072498684
536870912
1071698677
1610612736
1071195665
0
1071895197
0
1071790578
3758096384
1072577021
2684354560
1071046476
0
1072168449
2684354560
1071414020
1073741824
1071907651
2684354560
1072651578
3221225472
1068906788
0
1070866998
1073741824
1070791752
0
1071461100
1073741824
1072693247
2684354560
72
