Uvec
2226355706
1072502059
3758096384
1068932468
0
1072508130
0
1070621001
3221225472
1072586676
1610612736
1072494713
1610612736
1067707776
0
1072340524
3758096384
1071928895
3758096384
1068941402
0
1072563939
1610612736
1070560369
0
1071052799
3221225472
1070839306
2147483648
1070123175
2147483648
1071272076
2147483648
1070117394
0
1069096466
0
1071898373
3221225472
1071399081
1073741824
1071758156
0
1068749055
0
1072071260
0
1072160115
0
1068361370
0
1072631692
2684354560
1072409491
2147483648
1070940556
1073741824
1072238130
2684354560
1072331683
2147483648
1072159266
0
1070717791
1073741824
1072543097
3758096384
1071042496
1073741824
1072263393
1610612736
1071316873
1073741824
1071967776
3758096384
1072645691
3221225472
1072113006
1610612736
1071005696
1073741824
1070473879
0
1067711832
0
1071399173
1073741824
1069742337
2147483648
1071931146
2147483648
1072051778
2147483648
1071864124
0
1072440162
536870912
1071778423
1073741824
1072550836
1610612736
1072411347
1073741824
1072031749
3221225472
1071799498
0
1071480963
1073741824
1072614865
536870912
1071760266
3221225472
1072189799
1610612736
1072020894
2684354560
1066441136
0
1071758771
2147483648
1072064618
1073741824
1070458511
2147483648
1069305442
0
1071494950
1073741824
1070716298
2147483648
1070807450
3221225472
1071304577
2147483648
1071797847
3758096384
1070851121
3221225472
1072101275
3758096384
1070414538
0
1072426349
2147483648
1070661037
0
1071492146
2147483648
1072439394
2684354560
1070443966
2147483648
1072389245
2684354560
1072465760
2147483648
1071366251
2147483648
1072580738
2684354560
1071091418
3221225472
1070978226
2147483648
1071850321
1610612736
1072068577
1610612736
1071677084
2684354560
1072014232
0
1070672495
3221225472
1072210346
1073741824
1072555179
1073741824
1072016852
3758096384
1070313601
2147483648
1070368525
2147483648
1072506385
536870912
1072270204
2147483648
1072304676
3221225472
1072406049
2684354560
1069049246
0
1072234583
1610612736
1071461100
1073741824
1072693247
2684354560
28
