Uvec
2226355706
1070988499
3221225472
1066411424
0
1072104032
1610612736
1072511321
0
1072377042
1073741824
1071269158
3221225472
1071681589
2147483648
1071201799
0
1071884948
2684354560
1071841376
1610612736
1070519996
2147483648
1071422690
3221225472
1069991928
0
1072241751
3758096384
1069693942
2147483648
1072127964
1073741824
1071366730
3221225472
1069059914
0
1071978984
2684354560
1071933504
3221225472
1072294599
3758096384
1072130003
2147483648
1071539448
0
1070515946
2147483648
1072082030
0
1072130908
1610612736
1069037941
0
1070735069
1073741824
1071151802
2147483648
1071183559
2147483648
1071778113
0
1072138587
2684354560
1071964781
3221225472
1071303239
2147483648
1071426079
1073741824
1072652371
0
1068217108
0
1068732338
0
1069943425
2147483648
1072633854
1610612736
1072028112
2147483648
1069214314
0
1070577747
0
1070873987
0
1070760168
1073741824
1071574961
2147483648
1072407112
2147483648
1072681210
1610612736
1071394439
0
1070801303
2147483648
1071584215
3221225472
1071105134
0
1072663028
1610612736
1072337665
0
1071989335
1073741824
1069662490
0
1072648601
2147483648
1069116007
0
1063389152
0
1069726724
2147483648
1071537349
1073741824
1069437551
0
1071382710
3221225472
1070677492
3221225472
1071185715
1073741824
1072138762
3221225472
1070957415
3221225472
1071652717
3221225472
1072662237
2147483648
1069951082
0
1070741637
2147483648
1072587677
2684354560
1071131951
2147483648
1067321528
0
1069985793
0
1068553725
0
1072294059
3758096384
1072490103
2684354560
1071270628
0
1071834465
536870912
1071529114
3221225472
1072461166
3221225472
1067486506
0
1072132023
2147483648
1071453328
1073741824
1072354034
1610612736
1070058431
0
1072501354
536870912
1070281386
2147483648
1072131800
3221225472
1071747128
3221225472
1070926633
0
1072090103
536870912
1071853769
2684354560
1072610689
0
1072353313
1073741824
1069598977
2147483648
1070229460
2147483648
1071461100
1073741824
1072693247
2684354560
46
