Uvec
2226355706
1072283483
1073741824
1072012213
536870912
1072103211
1073741824
1071540869
1073741824
1072525311
1610612736
1072489247
2684354560
1072190977
0
1071802784
2147483648
1071762380
3221225472
1069386253
0
1069001330
0
1072630835
1073741824
1071254542
1073741824
1072334785
1610612736
1071176498
2147483648
1063809824
0
1072472923
3221225472
1072423720
3758096384
1072576248
3758096384
1071567557
1073741824
1072648323
2684354560
1067697716
0
1070939371
3221225472
1071462147
1073741824
1072481314
1073741824
1070645271
2147483648
1069740545
0
1067815000
0
1070193347
0
1072396846
536870912
1072110388
2684354560
1072463396
2147483648
1072266583
1610612736
1070006743
2147483648
1072040951
2147483648
1070496390
0
1072543273
0
1072051246
536870912
1071927210
3758096384
1071607142
2147483648
1072590374
3221225472
1069628039
2147483648
1072365223
1610612736
1065109904
0
1066911544
0
1069125825
0
1071096942
2147483648
1071553931
3221225472
1069388226
0
1071008461
2147483648
1068560682
0
1070003656
2147483648
1068571456
0
1065824600
0
1070282287
0
1072043100
2684354560
1072104263
3221225472
1072122079
2684354560
1070354682
0
1069540872
0
1069563907
0
1072025666
536870912
1072628151
536870912
1072018346
3758096384
1069166954
0
1071529089
1073741824
1069643162
2147483648
1072053084
2684354560
1066550756
0
1072256754
3221225472
1070752881
1073741824
1070864093
1073741824
1071480470
3221225472
1072577745
2147483648
1071207936
1073741824
1071856477
3758096384
1067358124
0
1071334890
3221225472
1072224195
3758096384
1067860122
0
1066418776
0
1072235427
2147483648
1072153335
3221225472
1067565444
0
1071893622
1610612736
1069668175
0
1066912200
0
1070596475
2147483648
1071736655
2147483648
1071323443
1073741824
1071684820
2147483648
1070658507
1073741824
1066118088
0
1071795355
536870912
1072373090
2147483648
1071583134
0
1071693489
1073741824
1071889956
2684354560
1071461100
1073741824
1072693247
2684354560
47
