Uvec
2226355706
1070056483
0
1069017659
0
1072308271
2684354560
1071953675
0
1072489872
2684354560
1071426011
2147483648
1068110978
0
1071201242
0
1070504740
2147483648
1068174000
0
1072346532
3221225472
1072208354
2684354560
1072123599
0
1072160854
2684354560
1070781388
0
1071501118
2147483648
1072304905
1610612736
1071651548
2147483648
1071210836
3221225472
1069804403
2147483648
1072003587
1073741824
1071204458
1073741824
1072548211
3221225472
1071916388
2684354560
1072649138
0
1071648696
2684354560
1071184132
3221225472
1069927282
0
1072657881
3221225472
1067670250
0
1070813765
0
1072097824
2684354560
1072252545
2684354560
1068686742
0
1071041682
3221225472
1070631870
2147483648
1071786517
1610612736
1071211503
3221225472
1072198500
0
1071893965
3758096384
1059170816
0
1071720694
1073741824
1071730392
3758096384
1070910883
2147483648
1072622872
3221225472
1069542165
0
1071509768
3221225472
1071180348
2147483648
1070330542
0
1065069216
0
1071685852
2147483648
1072304976
2684354560
1072512106
2684354560
1070633877
3221225472
1070661426
2147483648
1071929697
0
1071769611
0
1068744924
0
1070255021
0
1071403359
0
1072095555
0
1072599447
3758096384
1069654581
2147483648
1069897897
2147483648
1071793200
1610612736
1070691099
2147483648
1072528840
1073741824
1072018534
3758096384
1072286615
2147483648
1072075615
1073741824
1070211239
2147483648
1069739038
0
1071582152
1073741824
1072478750
2147483648
1072165922
1610612736
1070703269
2147483648
1072414239
1610612736
1072529060
0
1071258946
1073741824
1068765456
0
1072098280
3221225472
1072537926
2684354560
1072373730
0
1065626064
0
1072081791
1610612736
1071900343
0
1072625101
536870912
1072148800
536870912
1072190767
536870912
1070733449
0
1072520745
2684354560
1072013860
2147483648
1071605818
1073741824
1067128676
0
1071700154
3221225472
1070972608
2147483648
1072098309
0
1067550708
0
1071461100
1073741824
1072693247
2684354560
91
