Uvec
2226355706
1071724265
2147483648
1071936477
2684354560
1071568190
1073741824
1071141869
3221225472
1069554274
0
1072690130
1610612736
1072193047
2684354560
1072049960
2684354560
1070504449
0
1071284037
0
1071793317
2147483648
1071602525
2147483648
1072013841
2684354560
1071281980
2147483648
1069744488
2147483648
1071387744
1073741824
1072662134
3221225472
1067321152
0
1070849459
2147483648
1072227955
536870912
1072522586
1073741824
1068186648
0
1071919192
536870912
1072403106
3758096384
1071008510
3221225472
1072675560
1073741824
1072167598
3221225472
1072218521
2684354560
1068769095
0
1071433736
3221225472
1070317348
2147483648
1067093280
0
1072185224
2684354560
1069619669
0
1072003586
2147483648
1071361630
2147483648
1071432168
0
1072076127
536870912
1072496241
536870912
1069998257
2147483648
1072090742
2684354560
1072015588
1610612736
1072688046
536870912
1070167320
0
1070863441
0
1071417437
1073741824
1070814010
3221225472
1065747152
0
1071445604
1073741824
1072417304
1073741824
1071413806
2147483648
1071978963
3758096384
1071674376
2147483648
1067574702
0
1068879125
0
1068327254
0
1070071140
0
1069898370
2147483648
1072632879
3758096384
1069585919
0
1069782065
0
1072421010
2147483648
1068306658
0
1072656149
3221225472
1071752225
2147483648
1070248462
2147483648
1071535259
0
1072189408
0
1072089331
1610612736
1072108653
2684354560
1071779900
0
1072304215
1073741824
1072057352
1610612736
1068786688
0
1070920878
1073741824
1072381811
3221225472
1072287857
0
1071725905
536870912
1071511589
3221225472
1070633782
2147483648
1066864356
0
1069016992
0
1072550231
2684354560
1069278630
0
1071732976
3758096384
1070604459
0
1069831000
2147483648
1072498766
2147483648
1068403838
0
1071157713
1073741824
1071798246
3758096384
1071637598
0
1069709609
0
1070398556
0
1071400654
2147483648
1072078452
1610612736
1072492784
3221225472
1070340076
0
1071461100
1073741824
1072693247
2684354560
70
