Uvec
2226355706
1070175253
2147483648
1071468297
0
1072252412
0
1072094601
1610612736
1072578561
1610612736
1072628949
1073741824
1070932350
3221225472
1072237955
3221225472
1071811026
2147483648
1072507076
2147483648
1069150030
0
1071360547
2147483648
1072279547
2147483648
1072152689
2684354560
1071947746
536870912
1067756478
0
1068767064
0
1069914292
0
1069788883
0
1072641631
0
1070903148
3221225472
1071027011
0
1071610172
3221225472
1067539268
0
1071180561
1073741824
1072611582
1610612736
1071637378
0
1069925604
2147483648
1068505373
0
1070378698
0
1069595356
2147483648
1071711186
1610612736
1071417077
1073741824
1072639389
3221225472
1070487288
2147483648
1065869600
0
1072264019
2684354560
1068097542
0
1069484168
0
1070600790
0
1071598198
2147483648
1071577520
2147483648
1071708228
536870912
1071540467
2147483648
1070751592
2147483648
1069202056
0
1072093187
536870912
1072015356
536870912
1072558615
2147483648
1072406684
2684354560
1071772861
1610612736
1071227681
1073741824
1070898790
1073741824
1067097516
0
1072452064
2684354560
1066655864
0
1070950802
0
1072267691
536870912
1072432151
0
1072446527
536870912
1070995949
1073741824
1071981004
2684354560
1070741961
0
1072114792
1610612736
1071578383
0
1070664221
3221225472
1071802198
536870912
1072087650
2147483648
1071378025
0
1070816012
0
1070894875
0
1071471433
2147483648
1071824560
3758096384
1072223374
3221225472
1070959231
1073741824
1072396937
2147483648
1069895927
0
1071613143
1073741824
1071123771
3221225472
1071955823
2684354560
1066445728
0
1071798056
2147483648
1070900494
1073741824
1070840099
2147483648
1068789914
0
1072515444
536870912
1070826877
2147483648
1072545245
1610612736
1072688042
1073741824
1071742275
2684354560
1072398355
3221225472
1072042242
2147483648
1071857680
2684354560
1066599024
0
1072397028
536870912
1069515702
0
1070678096
2147483648
1067849042
0
1071461100
1073741824
1072693247
2684354560
14
