Uvec
2226355706
1072540743
3221225472
1071079151
0
1069373949
0
1069704696
0
1071533527
3221225472
1072040235
2147483648
1071140832
3221225472
1068733492
0
1070103500
0
1071947484
3221225472
1072417429
2147483648
1069562369
2147483648
1070924426
0
1072333178
1073741824
1070119583
2147483648
1071100880
1073741824
1071236140
2147483648
1070514515
2147483648
1068596059
0
1072604594
3221225472
1071951654
1073741824
1067182364
0
1071615710
0
1071900103
536870912
1071868712
2147483648
1072550038
3221225472
1071456088
3221225472
1071804640
1073741824
1070877424
1073741824
1071418663
0
1072690619
536870912
1070818622
1073741824
1069857018
0
1072298924
2684354560
1071978072
2684354560
1070959773
2147483648
1070781860
0
1070707715
0
1072253418
1610612736
1072067999
536870912
1072664864
3758096384
1069604918
2147483648
1072369744
2684354560
1071783860
1073741824
1069889831
2147483648
1071651594
3758096384
1070916512
3221225472
1072542740
3758096384
1072505421
2684354560
1072477097
536870912
1072362721
0
1070749225
3221225472
1072616120
1073741824
1072249505
3758096384
1071748364
536870912
1070790063
0
1068730456
0
1068666754
0
1072656679
536870912
1068587591
0
1071814606
1610612736
1069621795
0
1071115698
0
1071728919
536870912
1072469516
0
1071509646
3221225472
1071155980
1073741824
1069664592
0
1070818945
3221225472
1069329761
0
1069770110
2147483648
1071830327
1073741824
1070462570
0
1069819302
2147483648
1071830178
536870912
1069616746
2147483648
1070760079
1073741824
1072575220
2147483648
1069730895
2147483648
1071214431
0
1071159145
3221225472
1072603515
536870912
1071215785
3221225472
1072246827
0
1071113405
1073741824
1072555323
2147483648
1072648253
2684354560
1070627598
2147483648
1069546066
0
1070175771
0
1072678571
2147483648
1072524603
0
1072559221
3221225472
1070799571
2147483648
1071741453
2147483648
1071196566
1073741824
1069833206
0
1072582950
2684354560
1071461100
1073741824
1072693247
2684354560
60
