Uvec
2226355706
1068641641
0
1069710492
2147483648
1070865786
3221225472
1071906942
2684354560
1071680025
1073741824
1068853276
0
1071904556
1610612736
1071579930
3221225472
1072045833
536870912
1072318722
2147483648
1072615021
2684354560
1071242038
3221225472
1071953963
0
1071146858
3221225472
1072342895
3758096384
1070837448
1073741824
1069193797
0
1070901913
0
1072534429
1073741824
1072155095
536870912
1069692270
0
1071424318
3221225472
1072599583
0
1071183478
3221225472
1070249951
2147483648
1069386027
0
1071005023
0
1072307719
0
1071166700
3221225472
1070193427
0
1072302443
536870912
1072615167
1610612736
1069271998
0
1071121791
0
1070950540
0
1072411122
3221225472
1071479824
1073741824
1071125873
0
1068585115
0
1068714012
0
1071838507
3758096384
1072543668
2147483648
1071793809
2147483648
1072243875
2684354560
1071008738
2147483648
1072688399
1610612736
1069252660
0
1071226293
1073741824
1072430728
2147483648
1070096228
2147483648
1072636587
3221225472
1072359626
2147483648
1069201353
0
1071744712
2684354560
1070091211
0
1072112919
536870912
1070077507
0
1072259917
1073741824
1070161922
2147483648
1070415211
2147483648
1071922472
0
1070931301
0
1070972634
1073741824
1070126341
2147483648
1070093320
2147483648
1070937050
2147483648
1072467556
2147483648
1069624163
2147483648
1068846806
0
1072666395
2147483648
1071782498
1073741824
1071545424
0
1071710808
2147483648
1071255638
0
1071174747
2147483648
1071066627
2147483648
1072236535
1610612736
1072332513
3221225472
1071605851
0
1068957374
0
1071206493
3221225472
1072088224
536870912
1070138973
2147483648
1070117948
2147483648
1072024723
3221225472
1071774577
2684354560
1071672073
1073741824
1072333573
1610612736
1072273278
3221225472
1070820047
2147483648
1070891336
2147483648
1072492317
3221225472
1068656880
0
1070469398
0
1070762761
2147483648
1072072692
0
1071991154
0
1072358619
2147483648
1071461100
1073741824
1072693247
2684354560
17
