Uvec
2226355706
1071705857
1610612736
1071322471
0
1072077572
2684354560
1072146489
3758096384
1072228547
2684354560
1071540990
3221225472
1069615623
0
1070701392
1073741824
1070625400
0
1071144622
0
1072402010
2684354560
1071180796
3221225472
1072590368
1073741824
1069101955
0
1070300042
0
1071834752
1610612736
1068326782
0
1072614739
3758096384
1069370063
0
1070112338
2147483648
1070235635
2147483648
1072015875
3221225472
1071274336
0
1072397745
1610612736
1072564849
3758096384
1071265979
1073741824
1072448562
536870912
1070871404
0
1071432298
1073741824
1072449159
0
1071750852
3758096384
1070374088
0
1070329381
2147483648
1069667400
0
1071423843
2147483648
1070895083
1073741824
1070622727
2147483648
1072579313
3758096384
1069610224
2147483648
1071066004
1073741824
1072108816
3221225472
1070081860
2147483648
1072082468
3758096384
1071490711
1073741824
1066951592
0
1072502122
2684354560
1071648291
3758096384
1072110240
1073741824
1070916570
0
1071735090
2684354560
1070323346
2147483648
1071835212
3221225472
1071207233
1073741824
1072109266
0
1071777737
0
1072032790
1073741824
1072522112
3221225472
1070124467
2147483648
1071479364
1073741824
1071671881
2684354560
1068186910
0
1069804053
0
1069946276
2147483648
1071388945
2147483648
1070346335
0
1072072448
536870912
1071690243
2684354560
1068793521
0
1071926028
2147483648
1070597667
2147483648
1072075388
1073741824
1072515717
1610612736
1070626566
0
1071821690
3758096384
1071809687
1073741824
1066227696
0
1071646594
536870912
1071927283
2147483648
1069590091
0
1072517958
3221225472
1072384457
3758096384
1070885357
1073741824
1069147711
0
1071543618
2147483648
1071989276
0
1072139087
2147483648
1072081243
1610612736
1072227773
1073741824
1071235364
0
1067960406
0
1070958112
2147483648
1071787149
536870912
1072275885
2147483648
1071906282
0
1072058794
3758096384
1069664540
0
1070107381
2147483648
1071264672
2147483648
1071461100
1073741824
1072693247
2684354560
51
