Uvec
2226355706
1072278616
1610612736
1071950962
3221225472
1072114620
2147483648
1071196353
1073741824
1070523649
2147483648
1071307070
1073741824
1070362213
0
1071612324
0
1069627931
2147483648
1069826554
0
1072370412
1073741824
1071309574
2147483648
1072273024
2684354560
1071103485
0
1071781670
1073741824
1071758796
0
1068499766
0
1070128005
2147483648
1072092628
1073741824
1071963206
2684354560
1072675917
1073741824
1072609764
536870912
1071234016
3221225472
1071557385
3221225472
1072647768
3758096384
1072442025
2684354560
1071636653
2147483648
1066038616
0
1071087944
1073741824
1069933822
0
1072108501
1073741824
1069240985
0
1072308888
536870912
1068441688
0
1071873559
3221225472
1072600802
1073741824
1072150927
3758096384
1069893178
0
1072376491
1610612736
1070046848
2147483648
1071139353
2147483648
1071713765
2684354560
1069990857
0
1071812117
1073741824
1072497355
2684354560
1072385033
3758096384
1072419274
1610612736
1070361543
2147483648
1071176311
3221225472
1069950687
2147483648
1071284186
1073741824
1072023802
1073741824
1072021709
1073741824
1069994089
0
1072615499
2147483648
1059322368
0
1071260073
1073741824
1071643004
0
1072435343
536870912
1070579875
0
1070555305
0
1069628949
2147483648
1071833711
2684354560
1070773189
2147483648
1070741804
2147483648
1071535518
1073741824
1071074254
0
1072375400
536870912
1072007173
0
1067781242
0
1071780427
0
1072662164
536870912
1071902062
3758096384
1072098761
1073741824
1070654848
3221225472
1071334377
0
1072080576
2147483648
1072650772
3221225472
1071799455
3221225472
1070961743
2147483648
1072475602
2147483648
1071886871
536870912
1072453039
0
1071968464
2147483648
1072316848
3221225472
1071171230
0
1071978848
2147483648
1072214647
1610612736
1071054636
0
1070236543
0
1071753373
1610612736
1071112934
0
1072514966
2684354560
1072155673
2684354560
1068095670
0
1071221262
3221225472
1071861267
1073741824
1069839041
2147483648
1071461100
1073741824
1072693247
2684354560
4
