Uvec
2226355706
1071679534
2684354560
1067464830
0
1070595646
0
1072365869
3221225472
1068972630
0
1072508617
2684354560
1070110386
2147483648
1072639177
1073741824
1072146843
536870912
1071866894
0
1071728363
2147483648
1072246729
2684354560
1069033277
0
1071880360
3221225472
1070822758
0
1072371504
2147483648
1072647104
2684354560
1068593404
0
1069763526
2147483648
1070626810
3221225472
1071430167
0
1066864032
0
1069811355
2147483648
1071404084
3221225472
1071757311
1610612736
1072192868
3758096384
1071517151
0
1071563849
2147483648
1069864636
2147483648
1071781969
3221225472
1071855321
3758096384
1072584325
0
1072523516
1073741824
1072622589
1610612736
1069315294
0
1070878127
3221225472
1070732404
0
1068271500
0
1070969539
0
1069963490
2147483648
1071662879
1610612736
1071698035
2684354560
1071070302
0
1072068451
3758096384
1066423104
0
1071716235
0
1071565545
3221225472
1071596703
1073741824
1070690653
2147483648
1071240223
0
1068641025
0
1072096961
2147483648
1071760534
536870912
1072533013
2684354560
1071583321
0
1069802432
0
1071884493
0
1071770257
2147483648
1071361842
0
1072377264
0
1070181950
2147483648
1071719888
2147483648
1071559275
1073741824
1071879199
536870912
1072393320
536870912
1069881113
2147483648
1066874224
0
1072542998
2147483648
1071619447
2147483648
1069942898
2147483648
1072675154
1610612736
1070105234
2147483648
1070785875
0
1072120836
1073741824
1072182084
3758096384
1072564820
0
1070466349
0
1067841214
0
1072640671
2147483648
1070614773
1073741824
1072462592
3221225472
1072359287
1610612736
1072303245
1073741824
1072401037
1073741824
1069583419
0
1069955414
2147483648
1071499286
3221225472
1071093861
3221225472
1070756519
1073741824
1069468663
0
1072136668
0
1069032279
0
1072217510
3221225472
1072119109
0
1070617331
3221225472
1072331847
0
1068742381
0
1072130691
2684354560
1071461100
1073741824
1072693247
2684354560
60
