Uvec
2226355706
1072615767
0
1068748596
0
1071492042
1073741824
1070934878
2147483648
1069360728
0
1072200307
0
1072112810
2147483648
1070847066
0
1070742869
1073741824
1072236472
3221225472
1071805287
2684354560
1070784494
0
1072154617
2684354560
1067074124
0
1070996032
2147483648
1072034728
1073741824
1068497200
0
1072315829
1610612736
1072241602
0
1072448391
536870912
1071809414
3221225472
1070588798
2147483648
1072484584
3221225472
1072273033
1610612736
1069343993
0
1071184531
1073741824
1072150071
3221225472
1072559375
536870912
1071457250
0
1070869836
3221225472
1069429459
0
1069146252
0
1071423637
0
1068692838
0
1070836371
2147483648
1071458973
2147483648
1070833202
2147483648
1072664612
2684354560
1071582600
3221225472
1072336652
1610612736
1071305506
1073741824
1072479430
1073741824
1070667335
1073741824
1070817686
1073741824
1069990966
0
1072456619
2684354560
1070366551
2147483648
1069395678
0
1070606917
0
1072477264
0
1071919602
0
1070538540
0
1071722896
2147483648
1072319365
536870912
1065799608
0
1071267567
1073741824
1071674682
3758096384
1072142014
3221225472
1072579730
3221225472
1071663779
2684354560
1071673948
536870912
1068570137
0
1071810369
2147483648
1071770933
1073741824
1071530686
0
1071741124
2684354560
1072358095
3221225472
1071050369
1073741824
1071815660
2684354560
1064934144
0
1072112492
0
1069977431
0
1069126222
0
1071978435
3221225472
1072213743
2147483648
1064419040
0
1072323047
3758096384
1072227917
0
1072310909
2147483648
1072627173
3221225472
1071685939
0
1072333222
536870912
1071278952
2147483648
1071011718
0
1072434726
0
1069443973
0
1069728323
0
1072240521
2147483648
1071547333
1073741824
1071102367
2147483648
1070273576
0
1072248840
1073741824
1072108569
0
1069060268
0
1071249685
1073741824
1072006930
3221225472
1071015918
2147483648
1067109656
0
1071461100
1073741824
1072693247
2684354560
1
