Uvec
2226355706
1071939978
2147483648
1072616601
1610612736
1070898492
0
1072357805
1610612736
1069696166
2147483648
1070098570
2147483648
1072650908
1610612736
1066986328
0
1070346923
2147483648
1071370315
1073741824
1071484081
1073741824
1070511489
2147483648
1072569826
536870912
1072618670
536870912
1071075188
3221225472
1070125815
2147483648
1070870187
0
1072560414
3221225472
1070969149
3221225472
1072652573
0
1069724133
2147483648
1069211536
0
1072213501
3221225472
1072616911
1610612736
1069967898
0
1072103679
3221225472
1071133657
0
1070857242
1073741824
1071635941
0
1071923405
3758096384
1072362717
1610612736
1070712437
3221225472
1071128409
0
1072351056
3221225472
1068277980
0
1071717097
2147483648
1072595926
0
1072024203
2684354560
1071650300
2147483648
1072553738
2684354560
1072008371
3758096384
1072069530
1610612736
1072197010
0
1071912336
1610612736
1070960301
3221225472
1072059123
2684354560
1071851491
0
1072560578
2684354560
1068746057
0
1072225593
2147483648
1071148311
1073741824
1071302785
0
1071063740
1073741824
1071064247
3221225472
1072211450
1073741824
1072279304
2684354560
1067557724
0
1064948768
0
1068644183
0
1068072820
0
1072340391
3758096384
1071962354
1610612736
1071130251
0
1071882576
0
1071360464
0
1069126646
0
1072327443
2147483648
1069616393
0
1071282866
3221225472
1072465602
0
1070471238
0
1069871893
0
1071473751
3221225472
1071305123
0
1069278914
0
1069566696
0
1072550220
0
1071656879
2147483648
1071964887
536870912
1071331139
1073741824
1071662660
2147483648
1070241809
2147483648
1070582010
0
1067832994
0
1072622432
536870912
1071938540
536870912
1072076634
2684354560
1071603659
0
1072245372
3758096384
1072489021
2684354560
1069804902
2147483648
1072281609
3221225472
1070218636
0
1070730511
0
1071855184
1610612736
1071972288
3758096384
1072100314
0
1068272088
0
1071461100
1073741824
1072693247
2684354560
53
