Uvec
2226355706
1072660056
1073741824
1071700927
2147483648
1066606600
0
1072166479
1073741824
1065614752
0
1072492680
1610612736
1072479032
3758096384
1072213294
2684354560
1071822827
536870912
1071842048
0
1071217371
3221225472
1071462045
3221225472
1071319229
2147483648
1070950491
0
1065464424
0
1070638724
2147483648
1070657112
3221225472
1072459485
536870912
1071794439
1610612736
1072237228
3221225472
1066479440
0
1070237155
2147483648
1070972000
0
1070104395
2147483648
1068613500
0
1070734168
1073741824
1070554991
0
1072433947
2147483648
1070083908
0
1070945800
1073741824
1071496087
2147483648
1072641630
2684354560
1072275147
1073741824
1071694302
0
1069572151
0
1071467885
0
1072633044
2147483648
1069756147
0
1072097817
0
1072612779
536870912
1069575190
2147483648
1070750178
3221225472
1071705787
3758096384
1070776742
1073741824
1066163200
0
1071351780
2147483648
1072184145
0
1070579183
2147483648
1070071683
2147483648
1070787122
0
1072380975
1073741824
1072457000
2684354560
1071774172
2147483648
1065393016
0
1071734570
2147483648
1071322774
3221225472
1071640399
3221225472
1072672761
3221225472
1071524632
1073741824
1071992204
3221225472
1071404403
1073741824
1072073483
0
1072129640
3221225472
1070998575
0
1070657707
0
1072594415
2684354560
1071473289
0
1071780493
1073741824
1072475776
0
1070649277
0
1071118679
1073741824
1072544871
3221225472
1068954725
0
1072186828
536870912
1070433291
2147483648
1072287828
0
1070618630
3221225472
1070706132
3221225472
1072070170
2684354560
1072289278
1073741824
1071274972
3221225472
1069384182
0
1071180700
2147483648
1070365996
2147483648
1072555779
1073741824
1072349773
1610612736
1072503453
536870912
1072426476
2684354560
1070665538
0
1071970756
0
1064423920
0
1072221017
1073741824
1071794641
1610612736
1070704355
3221225472
1072163193
536870912
1072055189
3221225472
1071766929
3221225472
1070560222
0
1071461100
1073741824
1072693247
2684354560
78
