Uvec
2226355706
1072461892
1610612736
1071823337
536870912
1069670273
2147483648
1069754046
0
1071152272
3221225472
1072183629
1610612736
1072340209
1073741824
1072072250
536870912
1071742002
0
1072545150
1073741824
1072626416
1073741824
1072527924
2147483648
1071393016
2147483648
1071705852
0
1066917600
0
1072316048
2147483648
1071968084
3221225472
1070810933
0
1070878732
0
1072133756
1610612736
1072413152
536870912
1070982806
2147483648
1071602872
2147483648
1071898198
0
1072012047
1073741824
1067187960
0
1071474620
2147483648
1067742372
0
1071866669
3758096384
1070481727
2147483648
1072466933
1073741824
1071864180
0
1072003527
1610612736
1071988049
536870912
1070924716
3221225472
1070631957
2147483648
1072610685
2684354560
1072161494
1610612736
1072518546
536870912
1072174026
0
1071562174
2147483648
1072307436
3221225472
1072342312
3758096384
1071393857
0
1072636724
3221225472
1067724922
0
1071548953
2147483648
1071541659
3221225472
1072569315
536870912
1069724612
2147483648
1072485816
3221225472
1071983163
2147483648
1069730576
0
1071472507
3221225472
1069955847
2147483648
1072511220
1073741824
1071829588
3758096384
1070486646
2147483648
1072212925
2147483648
1070520594
2147483648
1071336595
3221225472
1072160632
1610612736
1071966224
536870912
1069714561
2147483648
1072410340
1610612736
1072367306
3221225472
1071465637
3221225472
1069196639
0
1069972287
0
1070895204
2147483648
1069335478
0
1070983876
0
1066987444
0
1070518014
2147483648
1070752912
1073741824
1069994867
2147483648
1068711826
0
1067661898
0
1070629614
2147483648
1071777583
0
1070635825
3221225472
1072168176
1610612736
1070677421
1073741824
1072110922
0
1071064493
2147483648
1071105761
0
1069562540
0
1072188145
536870912
1072000968
1073741824
1070987126
2147483648
1071855326
1610612736
1071540977
3221225472
1071265577
0
1071399795
3221225472
1069714497
2147483648
1071825637
1610612736
1072238243
536870912
1071934198
3758096384
1071461100
1073741824
1072693247
2684354560
95
