Uvec
2226355706
1071453177
3221225472
1071941792
2684354560
1072526138
0
1072494582
536870912
1069863768
0
1071071042
0
1069507429
0
1072448132
1073741824
1071492619
2147483648
1069131275
0
1071563257
3221225472
1072097985
2684354560
1070881959
1073741824
1072238912
2684354560
1071773117
536870912
1070108998
0
1071925567
3221225472
1070613958
3221225472
1071757388
536870912
1072145665
0
1072676319
1610612736
1065101472
0
1071943499
1073741824
1070980028
0
1068034328
0
1072355741
2147483648
1071699322
1073741824
1071976739
1073741824
1070917169
3221225472
1072474116
2684354560
1072627424
1610612736
1072562617
2684354560
1071856575
3221225472
1072555004
536870912
1070088946
0
1072272614
2684354560
1072202233
2147483648
1072059274
3221225472
1068356910
0
1071613872
3221225472
1070707967
3221225472
1071157604
2147483648
1069787273
0
1072167387
0
1072467982
2147483648
1072417981
3758096384
1066154864
0
1071903616
2684354560
1071111158
1073741824
1072600983
3221225472
1071044958
2147483648
1071878619
3758096384
1071605945
2147483648
1072138679
1610612736
1070348716
2147483648
1071737131
1610612736
1072053440
2147483648
1071908729
0
1070672661
0
1071551979
3221225472
1072652905
0
1072621727
1610612736
1071571674
2147483648
1068836358
0
1071879418
2684354560
1072516832
3221225472
1071891226
1073741824
1072149654
1073741824
1072508691
2684354560
1070282322
2147483648
1071433748
0
1072459823
0
1072361522
1610612736
1070801352
0
1066757732
0
1070647074
1073741824
1071526672
2147483648
1070291855
0
1070237875
2147483648
1071768272
0
1071891967
3758096384
1070598959
3221225472
1067756532
0
1072105914
0
1072225039
536870912
1070992456
3221225472
1072115821
2684354560
1069760783
0
1068527361
0
1072127638
3758096384
1072215058
536870912
1071972723
2684354560
1071250232
0
1070961907
0
1071035909
3221225472
1067687636
0
1070753824
3221225472
1072135034
2684354560
1071461100
1073741824
1072693247
2684354560
95
