Uvec
2226355706
1071530336
3221225472
1071343744
2147483648
1068348624
0
1071895624
0
1070485458
2147483648
1070496906
2147483648
1072164720
3758096384
1070961711
1073741824
1072188190
0
1071271927
2147483648
1072066066
3758096384
1072150224
2147483648
1072385220
1610612736
1067945914
0
1072522795
2147483648
1072496846
2684354560
1069690867
0
1070205575
0
1070622389
0
1070770907
1073741824
1071663622
2147483648
1071403161
0
1071842480
1073741824
1072324723
3758096384
1068378844
0
1070018820
2147483648
1072331591
0
1072222170
1073741824
1072255779
2684354560
1071042695
0
1072148912
536870912
1072505757
0
1072548136
3221225472
1069707243
2147483648
1072627762
1073741824
1070337272
2147483648
1072360387
3221225472
1071417687
1073741824
1068481182
0
1072488396
2147483648
1071588736
0
1071519908
2147483648
1070197896
2147483648
1072679176
2684354560
1071849018
3758096384
1071733536
0
1069718359
0
1072317501
3758096384
1071862243
3221225472
1071403402
1073741824
1071748044
1610612736
1071363245
0
1064654384
0
1072018502
536870912
1061864448
0
1072474003
536870912
1070719254
3221225472
1072134154
3221225472
1070697797
3221225472
1071341022
0
1072367456
3221225472
1070709797
0
1072331595
0
1071723488
0
1069757446
0
1070979225
1073741824
1072606335
2147483648
1071907006
2684354560
1070968370
0
1071744880
2684354560
1070472490
0
1071616759
2147483648
1070789371
3221225472
1072234000
3758096384
1069837771
2147483648
1071689280
0
1061464704
0
1072390126
3221225472
1072541597
2147483648
1071150890
0
1070868908
3221225472
1072627408
2684354560
1072110436
3221225472
1072291092
3758096384
1071712074
1073741824
1072467252
2147483648
1071449155
1073741824
1072503992
1073741824
1072435471
3221225472
1070858170
1073741824
1072023397
2147483648
1070226987
0
1071681997
536870912
1072541109
536870912
1068974703
0
1070629679
2147483648
1070934048
2147483648
1072212156
3221225472
1071461100
1073741824
1072693247
2684354560
14
