Uvec
2226355706
1072330774
1610612736
1066836076
0
1069055627
0
1070804160
2147483648
1070635559
0
1072219363
2684354560
1067498946
0
1072116016
2684354560
1072489649
536870912
1071674228
2684354560
1072532596
536870912
1070398694
2147483648
1072193953
536870912
1072368671
3221225472
1071721499
3758096384
1070900729
2147483648
1069179331
0
1072063533
2147483648
1071995341
2147483648
1071655482
2684354560
1071345257
0
1069257570
0
1072381509
0
1072298861
3758096384
1072107145
2684354560
1070900401
1073741824
1071494430
1073741824
1071934629
2147483648
1071546729
1073741824
1070834883
2147483648
1071112745
0
1072280927
0
1072516427
1073741824
1072425221
1073741824
1070080014
0
1069711483
0
1070627344
1073741824
1072648097
3221225472
1071957470
0
1069244182
0
1069323878
0
1072641441
1073741824
1072460128
2147483648
1068990034
0
1071815994
1073741824
1072182849
3758096384
1071892004
536870912
1070641418
1073741824
1072092015
2684354560
1067611274
0
1072506035
3758096384
1070700078
3221225472
1067941682
0
1070387591
0
1072508056
1073741824
1072533986
0
1069692354
2147483648
1071894775
3221225472
1071155194
1073741824
1071323539
0
1069065436
0
1071930371
1610612736
1071901964
3221225472
1071819679
536870912
1066229824
0
1072332561
2147483648
1072637378
3758096384
1072689210
3221225472
1072421537
2684354560
1072100249
1610612736
1069897909
2147483648
1070900267
1073741824
1071075683
0
1069739969
0
1067957680
0
1071691648
3758096384
1068761826
0
1072321808
2684354560
1071470182
3221225472
1072603556
536870912
1070453140
2147483648
1070914454
3221225472
1064322928
0
1071658595
2684354560
1072008375
536870912
1071433915
1073741824
1071742053
1610612736
1071895410
2147483648
1072514652
1073741824
1072481598
1610612736
1072311287
1610612736
1070950250
0
1070864546
2147483648
1070602469
0
1072318878
1073741824
1070322419
0
1072509448
3758096384
1071963419
1610612736
1071461100
1073741824
1072693247
2684354560
80
