Uvec
2226355706
1070057002
2147483648
1069724627
0
1069730928
2147483648
1072301484
536870912
1071670769
0
1070379424
2147483648
1071815624
2147483648
1072368802
1610612736
1072313207
3221225472
1064356256
0
1070408419
0
1070883689
3221225472
1072607961
2147483648
1071922200
2147483648
1071037133
0
1070812007
2147483648
1070813030
3221225472
1069826302
2147483648
1072185196
536870912
1072215101
1610612736
1071573211
2147483648
1071219852
0
1071716022
1610612736
1072547128
1610612736
1071678804
2684354560
1070869056
1073741824
1071598456
0
1068215580
0
1072488630
2684354560
1070696469
0
1072149219
2147483648
1072605152
2147483648
1070579871
0
1071952549
0
1070914572
1073741824
1068414816
0
1069231212
0
1072201824
536870912
1070014539
0
1072605365
2684354560
1071430795
0
1070182766
0
1070987264
0
1071284103
3221225472
1072519812
0
1072447624
3758096384
1071849141
2684354560
1072642178
1610612736
1072090080
2147483648
1071408087
0
1070911588
2147483648
1071479058
0
1071683271
3758096384
1070606854
2147483648
1071400381
2147483648
1072064961
1610612736
1071522175
1073741824
1070693086
3221225472
1072106687
3221225472
1070373272
0
1071821091
2147483648
1072382462
1610612736
1071312904
1073741824
1072410453
2147483648
1072137642
0
1072179527
3221225472
1071775817
2684354560
1068116930
0
1071710397
3221225472
1071889184
3221225472
1069184994
0
1072319195
3758096384
1071664931
3758096384
1069440299
0
1069184127
0
1070745207
3221225472
1071672184
1610612736
1070390344
0
1072027512
1073741824
1070955234
1073741824
1072101588
536870912
1072530525
3221225472
1068393428
0
1072578416
1610612736
1071443735
0
1069776262
0
1070158509
0
1071784580
1610612736
1070495231
0
1069692726
2147483648
1072499544
0
1072562963
1073741824
1071201262
2147483648
1067240532
0
1071486158
2147483648
1071738119
2147483648
1062575424
0
1071971129
1610612736
1071461100
1073741824
1072693247
2684354560
84
