Uvec
2226355706
1072417758
1610612736
1070052457
0
1072512515
3221225472
1069953693
0
1071529022
1073741824
1070738343
1073741824
1068735113
0
1072268928
536870912
1071040134
0
1069581392
2147483648
1071685654
2684354560
1070536731
2147483648
1070779869
3221225472
1070238321
2147483648
1070932036
2147483648
1071678472
0
1071681914
1610612736
1071994245
2147483648
1071487126
2147483648
1072683664
2684354560
1071889308
3758096384
1066338208
0
1072635945
536870912
1072609526
2684354560
1069903433
0
1065092464
0
1069429180
0
1071486955
3221225472
1069813255
0
1072539432
1610612736
1070991990
0
1068136380
0
1072512910
3221225472
1072432611
2684354560
1068601575
0
1071814295
2684354560
1072391932
2684354560
1071389468
1073741824
1072194362
3221225472
1070634836
2147483648
1072109368
2147483648
1072523239
3758096384
1072620634
3221225472
1070679213
0
1071976222
1073741824
1071887241
2147483648
1072038127
0
1071370191
0
1071322372
0
1071412180
3221225472
1071137973
2147483648
1071814743
2147483648
1072576431
2684354560
1071660731
0
1072539790
3758096384
1072069089
3758096384
1070127692
2147483648
1072371321
0
1072141040
536870912
1071119814
2147483648
1072383108
0
1070691888
0
1069787781
2147483648
1067312316
0
1070284152
2147483648
1069303810
0
1071167016
0
1071035933
1073741824
1066367536
0
1072507172
1610612736
1072349947
536870912
1071323509
3221225472
1072580930
2684354560
1070966154
3221225472
1072360580
2684354560
1069831858
0
1071612945
2147483648
1070773243
2147483648
1072101669
536870912
1071805547
3221225472
1071878435
3758096384
1072063771
2684354560
1071869603
3758096384
1071903491
0
1071792515
1610612736
1071440897
2147483648
1071864435
3758096384
1070745944
0
1069769027
2147483648
1071282200
1073741824
1071109397
3221225472
1071298706
2147483648
1070799135
0
1069388989
0
1070380868
2147483648
1072101712
2147483648
1071994654
0
1070874764
0
1071461100
1073741824
1072693247
2684354560
88
