Uvec
2226355706
1072504443
1073741824
1072590676
2684354560
1071195325
3221225472
1072060526
1610612736
1072517084
3221225472
1067173240
0
1071836383
2147483648
1070195869
2147483648
1064935664
0
1071422574
3221225472
1071892169
536870912
1072578363
2684354560
1065006464
0
1072601261
536870912
1071031776
1073741824
1072538666
3221225472
1072568192
536870912
1072178637
536870912
1070835754
1073741824
1068830497
0
1069621522
0
1072198292
536870912
1069780479
0
1071117378
2147483648
1068670767
0
1069919532
0
1066563228
0
1071928959
2147483648
1071891395
2684354560
1072508245
1073741824
1071965354
2684354560
1071020660
2147483648
1069650726
0
1072054185
3221225472
1072363857
2684354560
1070020328
0
1071799034
3758096384
1071716270
2684354560
1071800994
3221225472
1072183958
1610612736
1072460885
2147483648
1071897145
3758096384
1066418596
0
1071029907
2147483648
1070835182
1073741824
1068718977
0
1071335067
2147483648
1067363476
0
1071255086
3221225472
1072430628
1610612736
1070840458
1073741824
1071898371
1073741824
1069038740
0
1072242663
2684354560
1072313431
536870912
1070879510
0
1072656919
3221225472
1071995202
3221225472
1070134665
0
1071957626
536870912
1071955259
1073741824
1070183702
2147483648
1072610176
0
1071947845
3221225472
1067848650
0
1069872226
0
1069511358
0
1069944548
0
1071976983
1610612736
1072250329
2147483648
1072419253
1610612736
1071300370
0
1072499807
2684354560
1069915283
2147483648
1068367574
0
1072144171
2147483648
1071695354
1610612736
1072234833
1073741824
1072517236
3221225472
1071302973
2147483648
1072478796
0
1071943885
536870912
1072680916
2147483648
1070446169
2147483648
1071552714
1073741824
1069561822
0
1071297494
1073741824
1071922835
3758096384
1071914543
0
1071676823
3758096384
1072528360
3221225472
1071807917
2147483648
1071966608
1073741824
1072245342
1073741824
1072530600
0
1071624490
2147483648
1068322948
0
1070964414
1073741824
1071461100
1073741824
1072693247
2684354560
90
