Uvec
2226355706
1069608163
0
1071117815
1073741824
1071606234
0
1071152578
2147483648
1069062686
0
1068519137
0
1072670251
1073741824
1071754729
1610612736
1071181752
1073741824
1069766618
0
1072081928
536870912
1070552499
2147483648
1071687978
0
1072532837
2147483648
1072350694
0
1071272143
3221225472
1071414832
0
1071011556
2147483648
1072216504
1610612736
1070390063
2147483648
1071021356
2147483648
1065589544
0
1065872080
0
1068880660
0
1071246160
2147483648
1070793342
0
1071831989
536870912
1070681827
0
1071696954
2147483648
1072223856
2147483648
1070192179
2147483648
1072579663
1610612736
1071447897
3221225472
1071594686
3221225472
1071850643
3758096384
1072466582
536870912
1071312585
0
1071981088
1610612736
1071760768
2147483648
1069352402
0
1072454422
0
1071455428
1073741824
1072655816
536870912
1071815203
1073741824
1072590477
1610612736
1071068725
3221225472
1069821532
0
1071977946
3758096384
1072052627
3758096384
1070827421
2147483648
1072137447
0
1071277780
1073741824
1070106364
2147483648
1071716886
2684354560
1072493433
2684354560
1071669780
3221225472
1071742846
1610612736
1072017184
0
1070361640
0
1071136871
1073741824
1069609299
2147483648
1072575585
1073741824
1067637258
0
1071303121
2147483648
1071735087
3221225472
1072516416
536870912
1067798456
0
1069472698
0
1067604792
0
1070951214
1073741824
1068701548
0
1068543919
0
1070673535
2147483648
1072076009
2147483648
1072296364
1610612736
1071010566
3221225472
1071982665
0
1072167619
2147483648
1072191324
1073741824
1069852419
2147483648
1071482004
2147483648
1065644224
0
1072669681
3758096384
1072513350
3221225472
1069813338
2147483648
1072313784
536870912
1072002070
2147483648
1071644339
1073741824
1071753988
2147483648
1072317714
536870912
1068912949
0
1072638194
1610612736
1072387831
1073741824
1071671692
2147483648
1070970922
2147483648
1071583608
1073741824
1072680722
1073741824
1070820043
3221225472
1071461100
1073741824
1072693247
2684354560
94
