Uvec
2226355706
1069708070
0
1070423155
2147483648
1072355415
536870912
1069903130
2147483648
1072290379
536870912
1069973411
0
1072678755
1610612736
1071600350
1073741824
1071759383
0
1072108547
3758096384
1072475688
3221225472
1072089467
3221225472
1072560630
3758096384
1072164839
0
1071844030
536870912
1071456522
2147483648
1071173323
1073741824
1072055108
2147483648
1069959305
0
1072609019
2684354560
1070884933
1073741824
1072256716
1073741824
1071411816
3221225472
1071992842
3221225472
1072583688
3758096384
1072648455
1610612736
1071152764
3221225472
1070035105
2147483648
1071298044
1073741824
1069940451
2147483648
1067676696
0
1070125175
0
1071754239
2147483648
1069873275
2147483648
1070429098
0
1072504043
3221225472
1070699399
2147483648
1071906538
1610612736
1072164147
1610612736
1072512957
1073741824
1070560662
0
1064315632
0
1072244438
0
1072653894
536870912
1072502782
2147483648
1072554492
0
1071493956
2147483648
1070365479
0
1069983126
0
1070387029
2147483648
1072637064
2684354560
1071735850
1610612736
1071889136
3221225472
1070698921
3221225472
1071371995
1073741824
1070507332
2147483648
1072111192
1610612736
1070723182
0
1071966936
536870912
1072326336
3758096384
1072403724
2147483648
1072118604
1610612736
1071666415
0
1072634759
0
1070910490
1073741824
1072094728
2684354560
1071745675
0
1071290467
1073741824
1072247970
3221225472
1070393654
0
1071395093
0
1072206968
2147483648
1072128577
1610612736
1071664909
3758096384
1072026383
2684354560
1071960581
0
1069574902
2147483648
1071969201
3758096384
1068646854
0
1070736081
0
1072373639
1610612736
1071021225
3221225472
1071508829
1073741824
1071953609
1073741824
1072446241
2684354560
1072342918
0
1071622985
1073741824
1070156380
2147483648
1072416951
3758096384
1072259561
3758096384
1068148860
0
1070912838
1073741824
1071253939
2147483648
1069680657
2147483648
1068665709
0
1072623175
1073741824
1072444549
3221225472
1071863296
3221225472
1071461100
1073741824
1072693247
2684354560
24
