Uvec
2226355706
1070967666
3221225472
1069007393
0
1072405598
1073741824
1071519556
2147483648
1072152237
3221225472
1072129431
536870912
1070138699
0
1071687462
3221225472
1072106480
1610612736
1072192894
1610612736
1071438438
0
1072675325
2684354560
1070491397
2147483648
1072096485
2684354560
1072414770
3758096384
1069706006
0
1070215268
2147483648
1070263140
2147483648
1071736074
536870912
1071854916
536870912
1063299744
0
1072118516
1610612736
1070655009
2147483648
1071468390
1073741824
1072427811
0
1070850764
2147483648
1070979756
3221225472
1069023283
0
1068602848
0
1071731720
3221225472
1071671069
1073741824
1072038462
3758096384
1070348998
2147483648
1072651128
536870912
1072680359
0
1072218865
1073741824
1070750175
0
1065086816
0
1072183368
2147483648
1072235028
536870912
1070058899
2147483648
1072556874
536870912
1071830369
2684354560
1071323941
2147483648
1072333575
1073741824
1068657295
0
1071028406
3221225472
1072304964
2684354560
1072398985
536870912
1069871734
0
1071902498
536870912
1067716174
0
1070101522
2147483648
1071837903
2684354560
1071812843
2147483648
1070716615
3221225472
1070982893
3221225472
1068543597
0
1071987280
536870912
1070981715
2147483648
1071689274
2684354560
1071962058
3758096384
1070989998
2147483648
1072153018
2684354560
1072122917
1610612736
1072269357
1610612736
1071135143
0
1071006336
2147483648
1072580797
0
1072569281
3221225472
1070060583
2147483648
1070063993
2147483648
1072285493
2684354560
1071918899
3221225472
1072033724
3221225472
1072124700
2684354560
1071468867
3221225472
1070811799
3221225472
1070554201
2147483648
1071135534
1073741824
1069278868
0
1071539258
1073741824
1068048738
0
1067974554
0
1071554987
1073741824
1071680259
2147483648
1070904263
3221225472
1070889538
1073741824
1072428761
1073741824
1072311820
0
1072185952
3758096384
1067924870
0
1069286787
0
1071906476
0
1072105829
0
1069128988
0
1068572412
0
1068111638
0
1071461100
1073741824
1072693247
2684354560
62
