Uvec
2226355706
1071359841
3221225472
1071157149
0
1072640380
1073741824
1069376984
0
1071719703
1610612736
1071959289
1610612736
1072123635
536870912
1070021814
2147483648
1071716620
536870912
1071532741
0
1072618457
3221225472
1071892078
1073741824
1072541433
2684354560
1070976641
2147483648
1071754892
3221225472
1072237971
3221225472
1072398524
2147483648
1071615877
3221225472
1071992040
1610612736
1069610724
2147483648
1071202409
1073741824
1070089880
2147483648
1070931869
0
1071249096
0
1071287185
1073741824
1071737067
2147483648
1071675558
1610612736
1070953324
2147483648
1072100690
1610612736
1071690103
2684354560
1070615716
0
1071862512
0
1070199676
0
1072208684
3221225472
1068703388
0
1070288055
0
1070727924
0
1072090888
0
1072652284
1073741824
1067828982
0
1071595410
3221225472
1070135514
2147483648
1072119214
3221225472
1072053627
2147483648
1070032042
2147483648
1072646652
3221225472
1072434938
0
1072477091
3758096384
1068860056
0
1071934814
0
1070302140
0
1066650248
0
1069006562
0
1070242212
2147483648
1072400293
1610612736
1069908706
0
1072535621
536870912
1072191124
0
1071477751
3221225472
1071138900
0
1072062334
3758096384
1072020923
0
1071718551
1073741824
1071440279
2147483648
1072662299
3758096384
1068574705
0
1071356497
0
1072357513
1073741824
1067909454
0
1069194142
0
1072212455
3758096384
1071870517
0
1072485134
0
1072536613
536870912
1070715636
0
1071949950
3221225472
1072396771
2147483648
1072334065
2147483648
1072094154
536870912
1071841096
3221225472
1069035570
0
1070684810
2147483648
1072628064
3758096384
1071654350
2684354560
1069715806
2147483648
1072161443
0
1071121415
0
1071040180
0
1072002133
3758096384
1070827940
0
1070332573
2147483648
1069595899
2147483648
1072682243
1610612736
1072313354
3758096384
1072083659
1073741824
1070875005
3221225472
1069640570
2147483648
1072190086
1610612736
1071461100
1073741824
1072693247
2684354560
56
