Uvec
2226355706
1072242219
2684354560
1071685517
2147483648
1072013857
0
1072473635
2684354560
1070410859
2147483648
1071596431
0
1070555559
0
1072338356
2684354560
1072391877
2684354560
1071899993
1073741824
1070744484
2147483648
1071954490
3758096384
1072480850
3758096384
1072050502
1073741824
1072430587
536870912
1071491323
3221225472
1071765937
1610612736
1072566596
2684354560
1072384067
0
1071910769
2147483648
1069973941
0
1071083799
3221225472
1071964511
3221225472
1072045153
3758096384
1069426322
0
1071258677
0
1070278861
0
1071980417
2684354560
1071496346
1073741824
1071313997
1073741824
1070775677
3221225472
1072106564
1073741824
1071283371
3221225472
1071914514
2684354560
1072407821
3758096384
1071502945
2147483648
1071980375
2147483648
1071591111
3221225472
1072167056
3221225472
1072550059
536870912
1068559259
0
1072570258
2147483648
1071765737
2684354560
1072159022
0
1070745589
0
1072047161
2147483648
1070929117
3221225472
1071253263
3221225472
1072278098
536870912
1071588459
3221225472
1070689185
2147483648
1071335724
1073741824
1069250046
0
1071831055
1610612736
1064545024
0
1070410166
2147483648
1072544179
1610612736
1069776712
0
1069590996
2147483648
1069566334
2147483648
1071777740
3221225472
1068769088
0
1063933856
0
1072682344
1073741824
1072036280
536870912
1071323325
3221225472
1071976224
2684354560
1069481180
0
1072460225
0
1072003729
3221225472
1069956960
0
1070004423
2147483648
1070882516
3221225472
1070336797
0
1071621128
2147483648
1070861773
1073741824
1072530687
2147483648
1068993652
0
1070737682
1073741824
1071470256
0
1072326828
2147483648
1071168853
1073741824
1072488229
1610612736
1071674167
536870912
1071506068
2147483648
1071542535
3221225472
1069506480
0
1071256661
2147483648
1071848868
3758096384
1072470460
2684354560
1071778680
0
1069202455
0
1071897151
536870912
1072207015
1073741824
1071517718
3221225472
1072608447
3221225472
1071979858
1073741824
1072248071
0
1071461100
1073741824
1072693247
2684354560
50
