Uvec
2226355706
1072606570
536870912
1070826277
3221225472
1071750236
2684354560
1070002870
2147483648
1068936856
0
1070759205
3221225472
1071954608
0
1069679046
0
1069612796
2147483648
1071581497
0
1072340460
3758096384
1070800303
1073741824
1072448214
3758096384
1069883852
0
1069005523
0
1072654794
1073741824
1071622992
1073741824
1070854384
3221225472
1070870796
1073741824
1070310285
0
1067447724
0
1070756523
3221225472
1070591059
0
1072679398
2147483648
1069579173
2147483648
1072169639
1073741824
1067890502
0
1072273842
536870912
1072066908
536870912
1070510800
0
1071195537
2147483648
1072356031
1073741824
1072394077
2684354560
1071821967
2147483648
1072421332
2684354560
1069005873
0
1068756222
0
1070730285
2147483648
1072614160
536870912
1071927013
2684354560
1068783142
0
1072170827
3758096384
1069883964
2147483648
1072331057
0
1072382733
3758096384
1072480909
3758096384
1070765137
0
1071393402
3221225472
1071545207
1073741824
1070462717
0
1069220583
0
1072640171
3221225472
1072244622
2147483648
1072020115
2147483648
1071555980
1073741824
1067320192
0
1072143329
1073741824
1071950650
536870912
1071410473
1073741824
1071028443
0
1064802000
0
1067856936
0
1072038052
2684354560
1070720667
0
1070241424
2147483648
1071650667
1073741824
1072571413
1073741824
1072549550
2684354560
1070836136
3221225472
1069315346
0
1072485138
2147483648
1071269099
0
1072008285
1073741824
1071768506
536870912
1070066475
2147483648
1068908268
0
1068454498
0
1071880684
1073741824
1072216663
2147483648
1072662251
0
1066384688
0
1072299859
536870912
1068543704
0
1071895313
3221225472
1072474179
1610612736
1072573488
3221225472
1071267997
2147483648
1065705672
0
1072135692
3221225472
1072406806
0
1072566211
1073741824
1072340182
2684354560
1069108658
0
1070499283
0
1072659201
2684354560
1071198170
2147483648
1071838663
0
1070980996
1073741824
1071461100
1073741824
1072693247
2684354560
35
