Uvec
2226355706
1071315958
0
1071642224
0
1069635545
2147483648
1070143320
0
1071751330
536870912
1071789700
0
1070191245
0
1071887199
2684354560
1070914662
1073741824
1070025630
0
1072206101
1073741824
1072381551
3758096384
1069618615
0
1071971031
1610612736
1071763586
1610612736
1071834184
2147483648
1072462111
0
1072676278
2147483648
1071455980
3221225472
1071194433
2147483648
1071799857
3221225472
1072495187
2147483648
1071819883
2147483648
1072154601
3758096384
1072152195
3221225472
1072015490
3758096384
1069967265
2147483648
1071020739
1073741824
1072601312
2684354560
1071971111
536870912
1070201124
0
1072008807
1610612736
1069651322
2147483648
1071445527
2147483648
1072011249
1073741824
1072594006
1073741824
1071900277
1610612736
1067830404
0
1070764540
0
1071743510
0
1072377505
2147483648
1071262100
1073741824
1072506378
1073741824
1072175024
0
1070223721
0
1071737963
2684354560
1071570094
0
1070401252
2147483648
1071440420
3221225472
1072627438
2684354560
1072520191
536870912
1071327305
3221225472
1072206457
1610612736
1071231708
2147483648
1071333328
1073741824
1071457644
2147483648
1070539793
0
1072621883
3221225472
1071819456
3758096384
1072348909
2147483648
1069897293
0
1071416036
0
1071677615
3758096384
1071702410
2684354560
1071844227
536870912
1070933097
3221225472
1069578028
2147483648
1071699854
1073741824
1071143797
2147483648
1067299352
0
1071236930
1073741824
1072656959
2147483648
1069966495
2147483648
1066560024
0
1072307170
1610612736
1072544833
536870912
1072418817
2684354560
1072429823
3221225472
1071661012
536870912
1068883646
0
1071583703
1073741824
1070896069
1073741824
1071970910
2147483648
1071861568
0
1072568708
0
1071184585
0
1071326616
1073741824
1072368076
2684354560
1070602407
0
1072685864
536870912
1070003114
0
1072592716
1073741824
1070146130
0
1070722856
3221225472
1070097952
2147483648
1067475160
0
1071668670
536870912
1072463788
2684354560
1071461100
1073741824
1072693247
2684354560
88
