Uvec
2226355706
1071989433
2684354560
1071657997
2684354560
1071863406
1073741824
1071253901
2147483648
1071042898
2147483648
1071183253
3221225472
1072084825
536870912
1072410037
2147483648
1069672120
0
1071805334
3758096384
1072671671
3758096384
1072035011
0
1072363509
3221225472
1068848696
0
1071791217
1610612736
1071912069
3758096384
1067579362
0
1069098316
0
1071421258
3221225472
1072315032
2684354560
1072071495
2147483648
1070798916
0
1071893291
536870912
1072536459
3758096384
1070002921
2147483648
1071796349
3221225472
1072418890
2684354560
1071978507
1610612736
1072684591
2684354560
1068737273
0
1071849084
0
1072204005
2684354560
1070777616
0
1071581265
1073741824
1071493657
0
1071827564
536870912
1068666359
0
1069897089
2147483648
1071618525
2147483648
1070015647
0
1072431005
3221225472
1072668441
2684354560
1070590491
2147483648
1070606036
2147483648
1072272673
3221225472
1072621469
3221225472
1072071534
1073741824
1071754990
3221225472
1070003850
0
1068564617
0
1071928232
536870912
1071934344
1073741824
1071392973
1073741824
1055993856
0
1070982435
3221225472
1072600737
3758096384
1072133489
3758096384
1070424811
0
1072248264
0
1069441805
0
1069257337
0
1070339870
2147483648
1066856408
0
1069617519
0
1072610323
1073741824
1072409771
1610612736
1072513718
0
1071714053
2147483648
1070802110
0
1071718022
3758096384
1072083539
1073741824
1072147369
536870912
1072192401
2147483648
1070476129
0
1069348861
0
1072487227
0
1071736214
3758096384
1072529786
1073741824
1072654912
1073741824
1072397863
3758096384
1070971891
2147483648
1071721488
1073741824
1071817875
2684354560
1072281807
1073741824
1067179440
0
1072536296
3221225472
1072069252
2147483648
1071758847
0
1072655701
2147483648
1070797648
3221225472
1071262802
2147483648
1071813093
1610612736
1071443717
3221225472
1070444506
2147483648
1071651049
1073741824
1071358696
3221225472
1070887102
3221225472
1070125750
0
1071461100
1073741824
1072693247
2684354560
4
