Uvec
2226355706
1070283511
0
1071376028
3221225472
1072001490
536870912
1063997120
0
1070151163
0
1071267469
1073741824
1070059417
0
1068692616
0
1068474090
0
1071835556
536870912
1070063177
2147483648
1072472565
1073741824
1069288638
0
1071845306
0
1071492885
3221225472
1071752368
2684354560
1069061591
0
1070955869
2147483648
1070052456
2147483648
1072514725
2684354560
1070691493
1073741824
1071893304
2684354560
1068082882
0
1070809691
2147483648
1071861466
1073741824
1071658748
3221225472
1069717634
0
1072214612
1610612736
1071342193
1073741824
1072037768
2684354560
1072217240
3758096384
1068954175
0
1071106326
3221225472
1071543373
0
1071601273
2147483648
1072564899
2684354560
1068180648
0
1071973760
2147483648
1069432475
0
1072142517
0
1071680940
1610612736
1069917800
2147483648
1072264796
2147483648
1072231050
1610612736
1072155226
536870912
1072278802
0
1070662101
0
1072242932
2147483648
1071777290
3758096384
1071867280
1610612736
1070604306
2147483648
1067712656
0
1071217100
3221225472
1072245207
2147483648
1071715684
0
1071095237
0
1070252853
2147483648
1072270176
3221225472
1072637465
3758096384
1071631441
0
1072422421
2147483648
1072562007
2684354560
1072689039
3221225472
1072580563
2147483648
1072584665
3758096384
1072137111
536870912
1071482145
3221225472
1072459316
536870912
1070691934
3221225472
1068464540
0
1069805272
2147483648
1071365108
1073741824
1069633957
2147483648
1072496543
3758096384
1072255697
3758096384
1071244141
2147483648
1071833264
0
1072581809
3758096384
1071606433
3221225472
1071323669
1073741824
1072134950
1073741824
1070443421
2147483648
1072171196
0
1071449511
2147483648
1072264559
3758096384
1071914043
1073741824
1072278562
2147483648
1069086823
0
1070836802
0
1072629473
3221225472
1072603636
3221225472
1071977062
536870912
1071719306
1073741824
1072691264
3221225472
1071842600
536870912
1072660041
1073741824
1072296595
1610612736
1072421965
1610612736
1071461100
1073741824
1072693247
2684354560
45
