Uvec
2226355706
1072025510
536870912
1068656965
0
1069804580
0
1069281936
0
1072476895
3221225472
1067867196
0
1071297742
3221225472
1072567301
1610612736
1068144660
0
1070507188
2147483648
1072022659
2684354560
1070811620
2147483648
1071948210
3221225472
1071829584
3221225472
1071674655
3221225472
1071747607
536870912
1066195160
0
1070697104
0
1069597447
0
1072372716
3758096384
1072182349
3758096384
1068698982
0
1071585128
3221225472
1071114592
0
1071271953
3221225472
1071974080
536870912
1071803524
0
1071146090
1073741824
1071050629
3221225472
1072094012
3758096384
1072237429
536870912
1071942334
3221225472
1072603405
0
1069662772
0
1072063750
0
1071474680
2147483648
1072593644
1610612736
1068379532
0
1072078024
3758096384
1071997231
2147483648
1071981239
0
1071949719
0
1071727202
1610612736
1072578535
2147483648
1070673008
0
1070671565
3221225472
1070441199
2147483648
1067762648
0
1072522616
2684354560
1072344996
3758096384
1072507183
1610612736
1067499948
0
1072497377
3758096384
1071537870
3221225472
1066378648
0
1072283506
3221225472
1072517279
3758096384
1072575168
0
1070007061
2147483648
1072450515
3221225472
1071907051
2684354560
1069960727
2147483648
1072329108
3221225472
1072609163
0
1072477720
536870912
1071835340
3221225472
1072197547
1610612736
1072384591
2684354560
1072188403
2147483648
1071692665
1073741824
1069888463
2147483648
1070599922
2147483648
1072170146
3758096384
1070678223
0
1072089314
536870912
1070109203
2147483648
1071630899
2147483648
1071844302
3221225472
1071665988
1610612736
1071323384
1073741824
1070952486
1073741824
1069753225
0
1071504445
3221225472
1072055515
2147483648
1072446756
1073741824
1070615380
2147483648
1072217253
1073741824
1071622921
1073741824
1070611611
0
1071106177
3221225472
1070062902
0
1072594313
1610612736
1070554447
0
1071485004
1073741824
1072651436
3758096384
1071924011
3221225472
1072468360
1073741824
1070534254
0
1071461100
1073741824
1072693247
2684354560
7
