Uvec
2226355706
1062902400
0
1071670446
0
1071748472
1073741824
1072204997
2684354560
1071617431
2147483648
1069952491
0
1071312757
0
1070852376
2147483648
1072283155
2684354560
1071793749
3221225472
1071500741
2147483648
1072411602
2147483648
1072675773
3221225472
1072399663
2684354560
1072228912
2684354560
1071754905
2147483648
1071887847
2684354560
1072280796
3221225472
1072023269
0
1072180887
3221225472
1072338516
2684354560
1071464373
1073741824
1072517392
2684354560
1071463980
2147483648
1072050263
2684354560
1070517255
0
1070810840
2147483648
1072035830
2684354560
1070186666
2147483648
1072425370
2147483648
1072629788
2147483648
1071376588
1073741824
1071907539
536870912
1072464048
536870912
1071577921
3221225472
1071896592
536870912
1069782495
2147483648
1070696898
0
1071313779
3221225472
1071441987
3221225472
1070427661
0
1070299427
2147483648
1068054188
0
1070849692
2147483648
1066913848
0
1071834727
536870912
1071728341
1073741824
1072465119
3758096384
1069714187
0
1070999268
2147483648
1072205110
2147483648
1070744054
0
1071562390
0
1071738828
3221225472
1072378557
3758096384
1071349415
2147483648
1070927503
3221225472
1071735480
2684354560
1069563260
2147483648
1071578531
0
1072389251
2147483648
1072196233
0
1071795218
536870912
1071002268
0
1067129368
0
1068883004
0
1070365564
0
1072515323
3221225472
1069941340
2147483648
1071229213
2147483648
1069676484
0
1070661539
2147483648
1072134096
2684354560
1072265900
0
1069412771
0
1072321826
3221225472
1069516880
0
1071955635
2147483648
1072344127
2684354560
1071837205
2147483648
1072688667
2147483648
1071440044
0
1068447476
0
1068610318
0
1071697427
1610612736
1070347149
2147483648
1067495078
0
1069590071
2147483648
1072665935
1073741824
1071089778
1073741824
1070664926
1073741824
1072439981
536870912
1072391311
3758096384
1072559483
0
1069831493
0
1071309143
2147483648
1068489980
0
1072619143
536870912
1071461100
1073741824
1072693247
2684354560
51
