Uvec
2226355706
1072146610
1610612736
1070659406
2147483648
1072684538
2684354560
1069230843
0
1072151866
2684354560
1070659722
0
1072577200
2684354560
1071134699
0
1071435407
1073741824
1072156927
3758096384
1071933963
3221225472
1069961477
2147483648
1070683137
0
1070462052
0
1072588983
2684354560
1069737908
0
1067417816
0
1070739544
1073741824
1070995059
1073741824
1071084868
0
1069849457
0
1072658444
3221225472
1071115499
3221225472
1071320441
0
1071456056
3221225472
1070819293
0
1071901962
2684354560
1069339631
0
1071416449
0
1072636219
0
1072414293
1610612736
1072475054
3758096384
1072563715
2147483648
1072168003
3758096384
1072147842
1610612736
1072191407
1073741824
1071117633
0
1072338438
1610612736
1068697662
0
1072362457
0
1072498984
1073741824
1068743615
0
1071681391
3221225472
1071853659
3758096384
1070659705
1073741824
1071109485
3221225472
1072575221
3221225472
1070264987
2147483648
1066259024
0
1068783256
0
1068579788
0
1072034598
3758096384
1070055494
0
1072668292
3221225472
1071290318
2147483648
1070280766
2147483648
1070896581
2147483648
1072537659
536870912
1070713652
1073741824
1072470060
3758096384
1071832177
3758096384
1072617362
3758096384
1071361257
1073741824
1070604295
2147483648
1070637003
2147483648
1071530834
0
1070166862
0
1071692966
0
1071833376
1073741824
1072542935
536870912
1072100679
0
1072533279
536870912
1072140207
2684354560
1071996226
2684354560
1072231358
1610612736
1065532544
0
1069881588
0
1069976592
2147483648
1071734759
2684354560
1069555258
2147483648
1072489881
2147483648
1071387231
0
1069995932
0
1066521304
0
1071817137
1073741824
1069993306
0
1071031349
0
1072137234
2684354560
1071982565
1610612736
1071874799
536870912
1072556360
1073741824
1072344816
2684354560
1071560575
1073741824
1072188439
2147483648
1071461888
3221225472
1070700128
1073741824
1072519810
0
1071937266
1610612736
1071461100
1073741824
1072693247
2684354560
51
