Uvec
2226355706
1071694207
2684354560
1072023747
1610612736
1067556554
0
1072166021
1610612736
1072118652
3758096384
1072527640
1610612736
1071419902
0
1068293842
0
1071372846
3221225472
1072478788
536870912
1069865958
2147483648
1072405543
1610612736
1072413624
3758096384
1072337128
0
1070834631
3221225472
1071129536
0
1071783951
536870912
1071758069
536870912
1071636697
2147483648
1070490609
2147483648
1071186270
0
1072348085
2147483648
1072663671
3221225472
1072236054
2147483648
1066225968
0
1070882518
2147483648
1065399504
0
1072197150
0
1071943040
1610612736
1067851310
0
1068224316
0
1070860860
3221225472
1069396941
0
1069485816
0
1072502867
2684354560
1072247699
2147483648
1071534047
2147483648
1071993436
3758096384
1071484226
1073741824
1071866687
1610612736
1071988498
3221225472
1067499538
0
1067479912
0
1070462221
2147483648
1071145798
2147483648
1070616624
0
1070082845
2147483648
1068199232
0
1069801419
2147483648
1069957541
2147483648
1070897796
2147483648
1071314255
3221225472
1070147418
2147483648
1069754611
0
1072204071
0
1072420463
536870912
1071729005
1610612736
1070837276
1073741824
1071832147
3758096384
1072473156
3758096384
1072431210
2684354560
1070878258
3221225472
1071829190
536870912
1072578001
1073741824
1072584570
3221225472
1072584594
3221225472
1072576819
0
1071808835
2147483648
1069653913
0
1072161058
3221225472
1072323026
1610612736
1072352491
1610612736
1069267209
0
1071789837
3758096384
1071269714
0
1072159979
0
1072584718
2684354560
1070123654
2147483648
1071898830
2684354560
1072531952
2147483648
1072618599
2684354560
1070543275
2147483648
1072565466
1073741824
1071030227
0
1070832528
2147483648
1071924744
3758096384
1069693105
2147483648
1070919775
3221225472
1070184170
2147483648
1072073998
3221225472
1072391148
2147483648
1072152928
1073741824
1071628045
2147483648
1071939708
2684354560
1072486376
2147483648
1072242998
2147483648
1070711234
2147483648
1072069179
536870912
1071461100
1073741824
1072693247
2684354560
81
