Uvec
2226355706
1070045004
2147483648
1071522653
0
1072200784
2147483648
1072520785
1610612736
1071770670
3221225472
1064564720
0
1072290875
1610612736
1071793239
1610612736
1072487851
1610612736
1071077676
3221225472
1071928335
2147483648
1071428359
1073741824
1072514670
2684354560
1070577769
2147483648
1072590801
536870912
1072116885
1610612736
1069864280
2147483648
1072481680
3221225472
1070174335
2147483648
1071044054
2147483648
1069968660
2147483648
1071996271
1610612736
1070464129
2147483648
1071004134
3221225472
1071156284
0
1071469228
3221225472
1069657892
2147483648
1070819182
0
1072186223
3758096384
1072591462
536870912
1071006840
3221225472
1072685576
1610612736
1068675460
0
1070797055
3221225472
1071240907
2147483648
1070596969
3221225472
1071569253
1073741824
1072602600
3758096384
1070633372
1073741824
1069973828
2147483648
1065537464
0
1070974042
3221225472
1072106707
1073741824
1070187111
0
1071680464
1610612736
1071919569
1610612736
1071781778
536870912
1071259787
2147483648
1071942930
1610612736
1071419570
1073741824
1068564439
0
1072405574
536870912
1070986140
3221225472
1072302291
3221225472
1071877674
536870912
1071062281
1073741824
1071720963
3758096384
1071731639
1073741824
1066824076
0
1070040040
2147483648
1072367630
1073741824
1072497046
0
1072179793
2147483648
1070848138
1073741824
1072216052
3221225472
1071935587
3221225472
1070799553
2147483648
1061803264
0
1070710184
3221225472
1072159269
1073741824
1072545145
1073741824
1072542465
3221225472
1072319457
3221225472
1070696025
1073741824
1072029127
1610612736
1072644408
1610612736
1072448305
536870912
1072586537
3758096384
1072449921
3758096384
1071707637
2147483648
1069614680
0
1072361862
2147483648
1069760716
0
1070062748
2147483648
1072046165
1610612736
1067462774
0
1070300187
2147483648
1069195278
0
1071018004
1073741824
1071851364
3758096384
1071378052
2147483648
1067480994
0
1072569398
1073741824
1069257739
0
1069625016
0
1072006242
3221225472
1072219480
3221225472
1072103885
2147483648
1071461100
1073741824
1072693247
2684354560
32
