Uvec
2226355706
1072427777
536870912
1071802655
0
1071027670
1073741824
1072609259
1073741824
1069727252
2147483648
1070956722
1073741824
1071616945
0
1071889486
1610612736
1070762574
3221225472
1071836999
1610612736
1072138163
2684354560
1072148711
3758096384
1070530644
0
1071142390
1073741824
1072075108
3758096384
1070437923
0
1071971986
0
1070599030
3221225472
1071596722
2147483648
1071614625
1073741824
1072304221
2684354560
1072192026
536870912
1071895785
3758096384
1068976261
0
1070790272
0
1069613284
2147483648
1064653760
0
1072324381
2147483648
1069557777
2147483648
1072559919
2684354560
1071076089
1073741824
1069553146
2147483648
1072290546
1073741824
1069486402
0
1072205697
2684354560
1071792640
3758096384
1072267567
1073741824
1072186310
3221225472
1070077639
2147483648
1072620551
2684354560
1070060957
0
1068950363
0
1069724925
2147483648
1069943935
0
1069210694
0
1070928852
0
1071025297
1073741824
1072601029
2684354560
1069086254
0
1070880671
0
1071667962
1610612736
1070275608
2147483648
1072250669
3221225472
1071960351
1073741824
1071826832
3221225472
1071794983
536870912
1071789783
2684354560
1072476217
3221225472
1071585771
1073741824
1072519776
1073741824
1071588697
3221225472
1072581788
0
1071957365
2147483648
1072321390
1073741824
1072474073
2684354560
1072648311
2147483648
1069199932
0
1068355330
0
1072303559
2684354560
1071633415
2147483648
1067950998
0
1072440777
1610612736
1068965175
0
1071767035
0
1071494948
2147483648
1067247708
0
1072255217
1073741824
1072440643
3221225472
1071728510
1073741824
1072277534
3221225472
1071731115
3221225472
1068428574
0
1070767322
3221225472
1070433868
2147483648
1070360779
2147483648
1070697413
1073741824
1071786209
2684354560
1071886722
3221225472
1068994301
0
1069676965
0
1071839894
3221225472
1069972180
2147483648
1071643368
2147483648
1070793623
2147483648
1072337070
3758096384
1070302722
0
1069617545
0
1072525663
3221225472
1071461100
1073741824
1072693247
2684354560
27
