Uvec
2226355706
1071904925
1610612736
1072402816
2684354560
1071613302
3221225472
1072568788
1610612736
1071494647
0
1071861497
2684354560
1072068189
536870912
1070687301
2147483648
1072177451
1610612736
1072450129
1073741824
1070386198
0
1071370164
1073741824
1072163533
2684354560
1071858997
1610612736
1072302745
3758096384
1072628964
3758096384
1072101949
3758096384
1071914431
2147483648
1069803202
0
1072577219
1073741824
1072662292
3221225472
1072605343
0
1070401651
2147483648
1069409531
0
1070381343
2147483648
1071662900
1610612736
1069963039
0
1070882041
0
1069365879
0
1071761181
1073741824
1071905695
1073741824
1071107275
1073741824
1072320053
3758096384
1069279391
0
1072228646
1073741824
1070668438
0
1072249749
2147483648
1070561358
0
1070997388
3221225472
1071897966
3758096384
1072577852
2147483648
1072009041
2147483648
1069692992
2147483648
1072345944
1610612736
1072214611
2684354560
1072110116
2684354560
1068138950
0
1071354545
2147483648
1071343820
1073741824
1071797694
0
1072414214
3221225472
1068662396
0
1070972810
3221225472
1071937286
1073741824
1071478012
2147483648
1069548867
2147483648
1072466492
2684354560
1072036384
2684354560
1071031619
0
1071136336
0
1072585007
1073741824
1072150459
1073741824
1072078505
3758096384
1071370636
2147483648
1071857345
0
1071205813
0
1070865243
1073741824
1067707734
0
1071128188
2147483648
1071028225
3221225472
1072525052
1610612736
1072686357
2684354560
1069813960
2147483648
1071807258
2147483648
1069977448
2147483648
1072108099
1610612736
1071554289
2147483648
1071277203
1073741824
1072485198
0
1068423420
0
1072119703
3221225472
1071033821
1073741824
1072286321
3758096384
1069775011
0
1070713429
0
1071786676
2684354560
1072033273
3758096384
1070731522
3221225472
1071809007
3221225472
1071901864
2684354560
1072309489
1073741824
1072367985
0
1068099302
0
1072629862
3758096384
1072405248
3221225472
1070388945
0
1068167938
0
1068799587
0
1071461100
1073741824
1072693247
2684354560
55
