Uvec
2226355706
1072429974
2684354560
1071948251
2147483648
1072146166
2147483648
1065951056
0
1069516996
0
1072687515
536870912
1068689594
0
1071185783
0
1069389365
0
1072490786
1610612736
1067606984
0
1071039775
0
1072534272
536870912
1067553884
0
1069559939
2147483648
1072137582
3221225472
1072285529
2684354560
1068613900
0
1072148055
2684354560
1068767699
0
1072184283
2684354560
1070439121
0
1072483161
2684354560
1069300077
0
1072081002
3758096384
1072186847
3758096384
1071575626
3221225472
1069934360
2147483648
1071622633
1073741824
1072124659
1073741824
1071616624
1073741824
1070605327
3221225472
1072221064
536870912
1071528612
2147483648
1070307601
2147483648
1069769161
2147483648
1069847448
0
1070380348
0
1071365589
0
1068348248
0
1071209325
2147483648
1071481203
2147483648
1072341781
0
1072448413
2147483648
1071297691
1073741824
1070564406
0
1069042622
0
1072416941
0
1068586407
0
1072455941
1073741824
1069790098
2147483648
1070919932
0
1069690205
0
1070740154
1073741824
1072209718
536870912
1065165360
0
1072585221
2684354560
1072248826
3221225472
1072428101
2147483648
1072337116
3758096384
1072075292
3758096384
1071933286
536870912
1065672152
0
1072538624
1073741824
1071997331
3758096384
1072542902
0
1071679141
1073741824
1070238327
2147483648
1069770882
2147483648
1071912694
3221225472
1072092565
0
1072144081
2684354560
1072128699
3758096384
1072203984
2147483648
1069627014
2147483648
1072291224
3758096384
1065369584
0
1072529894
2147483648
1065515160
0
1072380765
1610612736
1071531786
1073741824
1071705385
0
1071957370
1610612736
1070649989
1073741824
1066523236
0
1072564985
2147483648
1071736587
2147483648
1072328897
1610612736
1072277203
536870912
1072685834
0
1072508652
2684354560
1071792173
3221225472
1071248890
0
1070413573
0
1072188248
1610612736
1068572568
0
1071447780
1073741824
1072218316
536870912
1071461100
1073741824
1072693247
2684354560
35
