Uvec
2226355706
1070736505
3221225472
1072689848
3221225472
1071309536
1073741824
1072273274
0
1069967448
0
1070366779
2147483648
1071762680
2684354560
1072265373
2147483648
1071708798
1610612736
1072187153
2684354560
1072487095
3221225472
1070864396
1073741824
1070995414
2147483648
1072568135
3221225472
1070462661
0
1072470637
1610612736
1071890924
3221225472
1070882352
2147483648
1071367441
1073741824
1069774522
2147483648
1071696019
536870912
1070814407
0
1065609792
0
1072550302
1610612736
1070701925
1073741824
1071807951
2684354560
1071338260
2147483648
1071761187
1073741824
1071899824
536870912
1072370429
3758096384
1064716528
0
1072052907
536870912
1072177223
3758096384
1072686852
2684354560
1071771859
2147483648
1070864098
2147483648
1067534696
0
1070917908
0
1070801345
2147483648
1071837807
2147483648
1071974984
1610612736
1071975427
2684354560
1072368783
3221225472
1071006603
2147483648
1071625129
3221225472
1072445034
0
1067103220
0
1065855728
0
1070287525
0
1072514499
1073741824
1067974668
0
1071498230
0
1071986160
3758096384
1072009462
2147483648
1067997738
0
1072122328
1073741824
1070034445
2147483648
1071509895
3221225472
1069368398
0
1071908432
0
1069526411
0
1069838580
2147483648
1070625496
3221225472
1072651993
536870912
1071434378
0
1071444116
3221225472
1072173864
3758096384
1071964457
536870912
1070898201
1073741824
1070386270
0
1072585437
1610612736
1071247532
0
1071151613
2147483648
1072272212
2147483648
1064759856
0
1070505936
0
1071616658
0
1069405628
0
1072162341
1610612736
1070806042
0
1071142040
0
1067505786
0
1071196975
2147483648
1072487072
3221225472
1071856510
0
1071707639
536870912
1067261968
0
1071772852
536870912
1072636331
2147483648
1070629784
0
1071678035
1073741824
1072014036
2684354560
1066729952
0
1071922681
3221225472
1068641204
0
1072663057
0
1072656062
1073741824
1072034721
536870912
1071461100
1073741824
1072693247
2684354560
21
