Uvec
2226355706
1065604472
0
1069925901
2147483648
1072660950
3758096384
1070579743
2147483648
1069585201
2147483648
1068954979
0
1071199307
1073741824
1071367188
0
1072550976
2147483648
1072196373
0
1071036853
3221225472
1072552384
2147483648
1072081087
2147483648
1071518358
1073741824
1071039446
1073741824
1070635349
0
1072462559
3221225472
1070681868
1073741824
1072137274
1073741824
1070918910
0
1072060083
2147483648
1069915494
0
1071754226
2147483648
1071837178
536870912
1066860632
0
1071971573
1610612736
1071119611
3221225472
1071686979
3221225472
1072050037
1610612736
1072420079
3221225472
1070709146
2147483648
1071914710
0
1071003060
1073741824
1070450334
2147483648
1071712099
536870912
1071930636
0
1071838532
1073741824
1071401245
3221225472
1072251361
3758096384
1072333097
1073741824
1069230337
0
1072140090
3758096384
1071948088
1610612736
1071986239
2147483648
1072020707
536870912
1071837512
3758096384
1071205324
3221225472
1072434926
2684354560
1071799198
2684354560
1071654789
536870912
1072343993
0
1071475709
3221225472
1070444363
0
1067226864
0
1072128027
3758096384
1071884055
1610612736
1072470700
2147483648
1072034400
2684354560
1072130787
3758096384
1072198173
2684354560
1072062497
3758096384
1070378301
2147483648
1072156459
3758096384
1070541766
2147483648
1071896163
1073741824
1071752752
3758096384
1071756467
3221225472
1069911609
0
1070151345
0
1072069230
0
1072429142
536870912
1072147345
3221225472
1072380296
3758096384
1070727292
3221225472
1069546766
0
1071277153
0
1071077372
0
1070776405
3221225472
1072619597
0
1070706992
1073741824
1071371888
2147483648
1071238908
3221225472
1070246915
0
1070074655
0
1071470925
1073741824
1072638081
1073741824
1071626672
2147483648
1072667072
1610612736
1071939571
1073741824
1072659740
0
1072442870
536870912
1070905770
3221225472
1071489501
0
1072634231
2147483648
1070763953
0
1069511575
0
1069141302
0
1068291996
0
1071461100
1073741824
1072693247
2684354560
93
