Uvec
2226355706
1072407038
1073741824
1071648318
2684354560
1072475685
2147483648
1071881484
3758096384
1070377804
0
1071706566
3758096384
1069816294
0
1069331568
0
1069658652
0
1071046745
2147483648
1069293391
0
1069962545
0
1070977699
3221225472
1071742544
2147483648
1071796971
2684354560
1072547512
2684354560
1071797785
3758096384
1071730113
3758096384
1070789111
0
1069239372
0
1071280799
0
1072401155
536870912
1070698514
3221225472
1072418829
0
1070746051
0
1068902814
0
1071896014
1610612736
1071111458
2147483648
1072011832
536870912
1071428724
1073741824
1067573244
0
1071691215
1073741824
1068382266
0
1066809340
0
1070026976
2147483648
1068015712
0
1072472689
2684354560
1071822283
536870912
1065897816
0
1069435149
0
1067326216
0
1071119100
1073741824
1072157044
3221225472
1069489191
0
1072625941
1610612736
1071876881
0
1072245748
536870912
1069657333
2147483648
1072431551
3221225472
1071989069
536870912
1071420814
3221225472
1070648342
0
1069905152
2147483648
1070783592
3221225472
1071551379
0
1069632826
2147483648
1068170614
0
1071734163
1073741824
1063996576
0
1072090820
1073741824
1070948508
1073741824
1070748075
2147483648
1071958504
2684354560
1071429948
2147483648
1070676602
0
1072179593
2147483648
1071146795
2147483648
1071857758
2147483648
1072376534
2684354560
1070729325
0
1072146365
1073741824
1071725587
2684354560
1069049926
0
1068646092
0
1070360620
0
1071783128
1610612736
1069446480
0
1066899584
0
1071790296
2684354560
1070243347
2147483648
1072604271
1610612736
1067487834
0
1071723741
1610612736
1072121716
3221225472
1070611533
1073741824
1067925084
0
1072571822
2684354560
1071390902
0
1071751624
2147483648
1072654510
2684354560
1069747471
0
1066990916
0
1071586279
2147483648
1072350527
536870912
1070189491
2147483648
1071520230
1073741824
1072289696
2684354560
1072108617
1610612736
1071461100
1073741824
1072693247
2684354560
49
