Uvec
2226355706
1068110008
0
1070971249
2147483648
1070037782
2147483648
1072494111
0
1072034355
1073741824
1069843518
2147483648
1072466774
2684354560
1071021451
1073741824
1072117206
1610612736
1070280046
2147483648
1071148397
1073741824
1071847123
0
1068783453
0
1071998600
0
1072119443
3758096384
1071284678
1073741824
1070373404
2147483648
1070942143
1073741824
1072536103
1073741824
1070818159
1073741824
1072628774
1073741824
1071927465
0
1071994770
536870912
1071645713
2147483648
1070881756
1073741824
1071789478
536870912
1072316181
3221225472
1071676657
1073741824
1071779156
1610612736
1070984882
1073741824
1071804602
1610612736
1071822644
1610612736
1069282022
0
1068197174
0
1071343053
2147483648
1070054413
0
1072630307
0
1072371119
2147483648
1071888549
2147483648
1069226029
0
1071709073
3758096384
1071244527
0
1072689767
1610612736
1072612087
3221225472
1071671305
3221225472
1070651987
2147483648
1072063110
2684354560
1071397647
0
1071992662
3758096384
1071826049
2684354560
1072029608
0
1071379601
2147483648
1072644316
2147483648
1070188279
0
1071907255
1073741824
1071894186
2684354560
1069552254
2147483648
1072290605
1073741824
1070746167
2147483648
1072339535
3221225472
1071759801
0
1071473837
3221225472
1072199681
0
1070727712
1073741824
1072627048
3221225472
1069344754
0
1069933194
0
1069622230
0
1071851251
3758096384
1071123248
3221225472
1072234430
3758096384
1069476599
0
1071742435
2684354560
1068865135
0
1071371758
1073741824
1072454460
3221225472
1071237392
0
1068526980
0
1071221852
0
1069836958
2147483648
1071942108
2147483648
1072591233
2684354560
1072523515
0
1071839914
3758096384
1072381720
3221225472
1072302114
3758096384
1070600439
0
1070958184
0
1066675272
0
1069148184
0
1072552817
2147483648
1071289422
2147483648
1071657898
1073741824
1067977580
0
1070692579
1073741824
1072586255
3221225472
1071622712
0
1071237118
3221225472
1071461100
1073741824
1072693247
2684354560
87
