Uvec
2226355706
1070741083
1073741824
1070427769
2147483648
1066546192
0
1072156218
2684354560
1072238175
0
1070415565
0
1071823103
536870912
1070991538
1073741824
1072066410
1610612736
1070612010
1073741824
1069262592
0
1071501921
3221225472
1071954643
0
1071953971
2684354560
1072226425
0
1070612103
0
1072545350
3758096384
1071772543
2147483648
1070975008
3221225472
1071342527
1073741824
1068423514
0
1071977544
3221225472
1071727489
1610612736
1071351855
2147483648
1070227068
2147483648
1069281763
0
1069005943
0
1071457396
3221225472
1071734971
3221225472
1072181398
2684354560
1071759069
3221225472
1071575248
2147483648
1072668945
1610612736
1071357146
0
1072220338
536870912
1071006767
2147483648
1071740814
2684354560
1071711616
2147483648
1068817290
0
1072134900
3758096384
1072564224
1073741824
1071430394
0
1065503240
0
1072307475
2147483648
1072610684
3758096384
1071659913
536870912
1070270809
0
1071873467
1073741824
1071036336
1073741824
1072244760
536870912
1071051229
0
1070312246
0
1071815246
2684354560
1071860158
536870912
1071393876
2147483648
1071650762
0
1071305922
3221225472
1068207164
0
1072313015
3221225472
1070968782
3221225472
1067580102
0
1068638519
0
1072465185
2684354560
1070321363
2147483648
1072550598
536870912
1070494801
0
1066958932
0
1070842143
1073741824
1071797383
3758096384
1070443311
2147483648
1070023754
2147483648
1072219441
536870912
1071811360
0
1070693621
2147483648
1070713291
0
1071946809
3758096384
1071526012
3221225472
1068199500
0
1071827607
1073741824
1071173269
2147483648
1066640780
0
1071558441
2147483648
1070869723
3221225472
1070968209
2147483648
1071882560
3758096384
1069648642
2147483648
1071780737
3221225472
1072380790
536870912
1071910843
3758096384
1072681210
2684354560
1072523402
2684354560
1071861906
3758096384
1072647311
2147483648
1069150824
0
1065565072
0
1067572792
0
1071534081
0
1069954731
0
1071461100
1073741824
1072693247
2684354560
83
