Uvec
2226355706
1066773320
0
1070075199
2147483648
1071740328
2684354560
1069326395
0
1071760218
1610612736
1070585270
0
1069001274
0
1068087984
0
1070757681
2147483648
1072457839
1610612736
1070682798
2147483648
1070197281
2147483648
1071902301
2147483648
1066254456
0
1072429619
0
1069650903
0
1068970059
0
1072283226
1610612736
1072408104
2147483648
1068209512
0
1071951914
1610612736
1071480211
3221225472
1071246016
1073741824
1071894741
0
1071111857
0
1070107199
0
1070919382
1073741824
1071135428
3221225472
1071362750
2147483648
1072560941
536870912
1072336153
536870912
1072244749
0
1070868194
2147483648
1070761926
2147483648
1071893405
2147483648
1072279031
3221225472
1072177819
536870912
1071063688
3221225472
1070867867
0
1070815752
0
1070002307
0
1072083058
1073741824
1072563807
2684354560
1072308306
2684354560
1065476720
0
1070926445
2147483648
1072399638
3221225472
1068753307
0
1072644633
1610612736
1070864652
2147483648
1072354225
3758096384
1072041381
2147483648
1072171145
2684354560
1071683590
2684354560
1072109885
536870912
1072097332
536870912
1069609567
2147483648
1067736090
0
1071670279
2147483648
1068570725
0
1071982387
536870912
1069416818
0
1067544968
0
1072151650
2147483648
1071116090
0
1072211323
2147483648
1072278878
1610612736
1071952788
536870912
1069525729
0
1072542101
3221225472
1067623958
0
1071646878
0
1072443058
2684354560
1070952465
2147483648
1072122190
2684354560
1072401089
2147483648
1071148022
1073741824
1071666811
3221225472
1072294231
3758096384
1071658916
536870912
1071532774
0
1071669858
1610612736
1072023023
1610612736
1069343746
0
1072040312
3758096384
1072548297
2684354560
1071053963
3221225472
1070858238
3221225472
1072659245
0
1068160246
0
1072353271
3221225472
1071838731
0
1072665024
536870912
1072493769
1073741824
1071921168
3758096384
1071240091
2147483648
1070625386
1073741824
1072626336
536870912
1071461100
1073741824
1072693247
2684354560
39
