Uvec
2226355706
1071536962
2147483648
1070418726
0
1071823741
1610612736
1072413728
2147483648
1071563557
2147483648
1072638199
1073741824
1071339418
3221225472
1070012206
2147483648
1071666776
536870912
1072265662
0
1065415320
0
1071722051
0
1070582704
0
1071588029
3221225472
1071862258
0
1072639215
3221225472
1068933253
0
1072035944
1073741824
1072645858
1610612736
1071211568
0
1071928977
2684354560
1065710048
0
1071628408
1073741824
1072115868
2684354560
1070772408
2147483648
1072393557
3221225472
1072151439
536870912
1070590333
2147483648
1072563400
1610612736
1071916566
1610612736
1072530398
3758096384
1072638808
2684354560
1071673150
0
1072572182
3758096384
1069752983
2147483648
1071441012
3221225472
1072426919
3758096384
1072077323
2147483648
1072485147
0
1071475689
2147483648
1070877831
3221225472
1071918309
536870912
1070787463
3221225472
1070618243
0
1070920173
0
1071317607
3221225472
1072583608
3758096384
1072365216
1610612736
1072592222
3221225472
1072600678
536870912
1072345595
2147483648
1071769825
2684354560
1071536662
1073741824
1071809599
1073741824
1072294540
3221225472
1071086756
1073741824
1071003588
0
1072028186
1073741824
1072242445
2147483648
1070081576
2147483648
1071805487
2684354560
1068477646
0
1072132192
536870912
1072050847
1610612736
1071273534
1073741824
1068356306
0
1066898912
0
1071778955
0
1071792371
1073741824
1071073005
1073741824
1070363118
2147483648
1072188811
0
1069738484
0
1072583363
3758096384
1072221311
0
1072499231
536870912
1072094358
536870912
1068261448
0
1071528169
2147483648
1072651070
1610612736
1070162551
0
1070622583
0
1069092827
0
1071892089
3221225472
1071587124
2147483648
1072196657
3221225472
1072397352
2684354560
1071925763
0
1071699194
2147483648
1071687485
536870912
1072276488
0
1071984211
536870912
1068384900
0
1072140950
0
1072392725
536870912
1072553328
3758096384
1071708541
1610612736
1068600036
0
1071461100
1073741824
1072693247
2684354560
19
