Uvec
2226355706
1072203760
1073741824
1072426066
536870912
1072454881
2147483648
1071916453
2147483648
1072212209
536870912
1068917954
0
1068680856
0
1069900375
2147483648
1072246314
1610612736
1069918741
2147483648
1071121983
1073741824
1071422473
3221225472
1064939200
0
1070578214
0
1071439740
3221225472
1072287069
1073741824
1072255774
3758096384
1070882032
0
1071122295
1073741824
1070702812
3221225472
1072459403
1610612736
1071172187
1073741824
1072544410
2147483648
1070849256
1073741824
1071750757
2147483648
1070963564
2147483648
1072549822
2684354560
1071592622
1073741824
1071890121
1610612736
1072224265
1610612736
1072639117
3758096384
1070701821
3221225472
1070011722
2147483648
1069181239
0
1072226119
1073741824
1072126236
1610612736
1071728612
2147483648
1072207355
3758096384
1072604287
2147483648
1069345096
0
1072530171
2147483648
1067989786
0
1070008286
2147483648
1072390930
3758096384
1069903148
0
1071208075
1073741824
1071976336
0
1071884620
0
1071251989
3221225472
1069341668
0
1071831767
1073741824
1071923648
2684354560
1071738169
2684354560
1071958279
1073741824
1071918357
3221225472
1069419040
0
1072141844
3758096384
1069697883
0
1071690278
2147483648
1071480428
2147483648
1069589062
2147483648
1071643352
3221225472
1072663186
536870912
1070728737
2147483648
1071000177
3221225472
1069579886
0
1071717668
3758096384
1071885347
3221225472
1072168858
1073741824
1069021878
0
1072343417
1073741824
1072608594
536870912
1068098002
0
1070091296
2147483648
1071370586
3221225472
1072500989
2147483648
1071938552
2147483648
1072394829
3221225472
1068850293
0
1072265313
2147483648
1069267485
0
1071601994
2147483648
1068682135
0
1071970490
1073741824
1072484467
2147483648
1068377764
0
1070431747
0
1071918915
3221225472
1072406968
2147483648
1072683464
536870912
1066474780
0
1071625247
1073741824
1071410045
2147483648
1072574947
0
1072468403
3758096384
1067552934
0
1072164131
2147483648
1070891000
0
1071461100
1073741824
1072693247
2684354560
28
