Uvec
2226355706
1065889064
0
1072633045
3221225472
1071161155
3221225472
1072297507
3221225472
1071306133
1073741824
1072329170
3758096384
1069109757
0
1070728882
0
1072463550
1610612736
1070751079
2147483648
1070303618
2147483648
1071896180
536870912
1072554412
536870912
1069484922
0
1072259353
2684354560
1072385690
2147483648
1070938041
2147483648
1071218868
0
1072136757
1073741824
1070258096
2147483648
1067918358
0
1072614929
2684354560
1072417007
2147483648
1068808986
0
1072587870
3758096384
1068765787
0
1071711755
536870912
1070483784
0
1072117996
1073741824
1071890496
2684354560
1072524066
3758096384
1072268536
3758096384
1072371265
2684354560
1072357908
3221225472
1071796465
536870912
1072028951
1610612736
1070989477
3221225472
1071333443
0
1072471882
1073741824
1071154629
0
1071946690
1610612736
1070048779
2147483648
1071544145
3221225472
1071939415
3758096384
1070514011
0
1069646044
2147483648
1069066169
0
1072136754
1610612736
1071667300
3758096384
1069602291
2147483648
1072169732
2684354560
1072363070
1073741824
1071845564
1610612736
1072586344
2147483648
1071034149
1073741824
1072566805
536870912
1069171941
0
1072093213
536870912
1071134629
3221225472
1067844706
0
1072633158
0
1072321755
3221225472
1071237011
0
1071691738
536870912
1070996103
3221225472
1071739121
1610612736
1066985068
0
1071651135
1610612736
1070065837
0
1068252458
0
1071695565
3221225472
1071685880
1073741824
1071910224
1610612736
1072468381
3758096384
1067304848
0
1067562156
0
1070136611
2147483648
1070156641
2147483648
1071922987
2147483648
1071401010
3221225472
1065493544
0
1072659250
2684354560
1071165723
1073741824
1071538544
0
1071752682
2684354560
1071366089
0
1072615166
1610612736
1070699975
1073741824
1071733909
536870912
1069725340
2147483648
1067328608
0
1070877300
3221225472
1071806344
0
1072676759
3221225472
1071687119
536870912
1070048078
2147483648
1070954392
1073741824
1071637363
0
1071461100
1073741824
1072693247
2684354560
11
