Uvec
2226355706
1070022634
0
1072433326
2147483648
1072153827
2684354560
1069758681
0
1072583112
3758096384
1070834512
1073741824
1069830737
0
1070942100
1073741824
1071553529
0
1072144085
2684354560
1071178040
1073741824
1071737645
3221225472
1072252488
1073741824
1070258460
0
1072373772
536870912
1070808686
2147483648
1066647252
0
1072177352
2684354560
1071107791
3221225472
1072387667
2147483648
1070229443
0
1071811280
0
1071408928
2147483648
1070062173
2147483648
1068499157
0
1070392403
2147483648
1072141240
2147483648
1072218892
2147483648
1071276219
3221225472
1072002889
2684354560
1071726739
1610612736
1072349294
0
1072160178
536870912
1072245132
2147483648
1066410812
0
1071720757
2684354560
1072423864
3221225472
1069111141
0
1071747574
1610612736
1072002449
1610612736
1070651556
3221225472
1069350465
0
1072420055
3758096384
1072577639
0
1069926896
0
1072101235
1073741824
1070706227
2147483648
1072654868
0
1067798688
0
1071053618
2147483648
1070944681
1073741824
1069821817
0
1072226103
3758096384
1069981056
2147483648
1070532714
0
1070785634
0
1072470272
536870912
1071622386
0
1070742092
3221225472
1070645534
1073741824
1070146325
2147483648
1072337337
1610612736
1070932254
3221225472
1072212776
536870912
1070940502
1073741824
1068551112
0
1072030219
3221225472
1072503611
3758096384
1071858163
1610612736
1070954771
1073741824
1071391570
0
1072352052
536870912
1071471376
0
1072619309
2684354560
1072156960
2147483648
1069303015
0
1072687323
1073741824
1071661072
0
1071237074
0
1072062569
2147483648
1069310375
0
1072457060
0
1072037793
0
1068463118
0
1071899002
2684354560
1072119250
1073741824
1071739972
536870912
1071189931
0
1070714999
1073741824
1070841682
3221225472
1070982600
2147483648
1072093302
0
1070613836
1073741824
1066693684
0
1071990161
1610612736
1070727809
1073741824
1071195234
3221225472
1072045215
3758096384
1071461100
1073741824
1072693247
2684354560
81
