Uvec
2226355706
1070817890
3221225472
1071115004
0
1067540994
0
1072513113
3221225472
1071875669
3221225472
1071703266
2684354560
1071116410
0
1072425002
1073741824
1069763659
0
1072327121
2684354560
1072422216
536870912
1071946235
3221225472
1072039176
536870912
1068217450
0
1072555063
3221225472
1072154355
2147483648
1072223845
536870912
1071634254
1073741824
1070850335
0
1069643456
0
1070970717
1073741824
1071991251
1073741824
1071225290
2147483648
1071745494
3221225472
1071360276
2147483648
1072282459
3758096384
1071991145
3221225472
1071496072
2147483648
1072298729
2684354560
1072112310
0
1072403466
2684354560
1069706263
0
1069776259
0
1071512885
3221225472
1070641021
1073741824
1070057474
2147483648
1068519943
0
1066213296
0
1072028483
3758096384
1072477723
1073741824
1070234655
0
1071714482
3221225472
1071852955
2147483648
1068333264
0
1071989545
536870912
1069557381
2147483648
1072609897
3758096384
1071550913
0
1071961438
0
1072326475
1073741824
1070297220
0
1071789213
1610612736
1072264778
2684354560
1069475900
0
1070584955
0
1071610238
3221225472
1072591103
1610612736
1069868648
2147483648
1071345882
3221225472
1072521533
0
1071039641
3221225472
1068499262
0
1067481316
0
1072352098
536870912
1068056500
0
1070482364
0
1072098610
536870912
1071975839
3758096384
1071043321
1073741824
1070765134
0
1071623566
3221225472
1071700098
3221225472
1071446903
2147483648
1072471257
3221225472
1070699584
2147483648
1071080964
2147483648
1072177147
536870912
1071671934
3221225472
1071704098
0
1072197149
2684354560
1071782976
2684354560
1072149514
3758096384
1072420655
3221225472
1069179751
0
1072352666
536870912
1072634937
2684354560
1070870092
0
1071773066
3758096384
1071873737
2147483648
1072100332
2684354560
1069262278
0
1071185758
3221225472
1070707342
3221225472
1069324776
0
1072346967
0
1072631668
2147483648
1071524823
0
1071723797
536870912
1071461100
1073741824
1072693247
2684354560
42
