Uvec
2226355706
1071221118
2147483648
1070492128
2147483648
1071213397
1073741824
1071508232
3221225472
1072643258
2147483648
1071681461
1610612736
1068587659
0
1070981811
0
1072007273
0
1072235137
1073741824
1071960137
2684354560
1070664153
3221225472
1072415211
2147483648
1071811469
0
1070409210
0
1072223639
2684354560
1071756382
2684354560
1072302776
2147483648
1071400491
1073741824
1072106826
536870912
1072260169
3758096384
1070701544
0
1069456933
0
1072259293
2684354560
1072034970
1610612736
1071665075
3221225472
1071533176
2147483648
1070549570
0
1071446310
3221225472
1070012940
2147483648
1072448626
536870912
1072360161
2684354560
1072454717
1610612736
1071761005
1073741824
1072296118
536870912
1072029383
2684354560
1072528364
1610612736
1068361280
0
1072668473
3221225472
1071846351
3758096384
1071110981
3221225472
1072449214
3758096384
1072549904
3221225472
1071587598
3221225472
1070326428
2147483648
1070591093
2147483648
1072482787
1610612736
1068909795
0
1071995798
3758096384
1070299096
2147483648
1070643062
1073741824
1072226275
1610612736
1072328700
3758096384
1069492432
0
1072462340
0
1072162961
2147483648
1066685284
0
1069811431
2147483648
1070807764
2147483648
1064703600
0
1069836003
2147483648
1069364974
0
1070619595
0
1070485618
2147483648
1071954233
1610612736
1069121284
0
1072293475
1073741824
1070524819
2147483648
1071750437
2684354560
1072035096
3221225472
1071504130
0
1071304793
0
1071539387
0
1072048472
3221225472
1070128034
0
1070325105
0
1072578319
2684354560
1071878508
2684354560
1069748353
0
1071647820
1610612736
1072516017
2147483648
1070693420
1073741824
1072468771
3758096384
1070273469
2147483648
1072067839
2684354560
1071218329
1073741824
1069536098
0
1071638471
2147483648
1071496170
3221225472
1070246230
2147483648
1069589952
0
1071639223
3221225472
1069639534
0
1071890324
536870912
1072035767
2147483648
1071440682
0
1068586213
0
1071135743
2147483648
1071461100
1073741824
1072693247
2684354560
84
