Uvec
2226355706
1070310593
2147483648
1071328642
0
1070891206
2147483648
1072011615
2684354560
1072267145
1610612736
1068626412
0
1071582795
1073741824
1071685710
3221225472
1071749138
3221225472
1071892685
0
1072669166
1073741824
1070578634
2147483648
1071765998
536870912
1072382007
0
1070720495
2147483648
1070154201
0
1071677333
2147483648
1067888534
0
1072028070
2684354560
1072502025
2147483648
1071321711
1073741824
1072265261
1610612736
1072171849
1073741824
1071612034
1073741824
1071822498
2147483648
1071942923
0
1070822360
3221225472
1065437464
0
1066829404
0
1072121732
1610612736
1072468058
1610612736
1070628381
2147483648
1071185065
1073741824
1070559097
2147483648
1071809303
536870912
1072549007
536870912
1070778495
0
1069578898
0
1071742984
1610612736
1070655417
2147483648
1071250250
0
1072507503
1610612736
1067964018
0
1072322048
3221225472
1070033265
2147483648
1072124499
1610612736
1070853573
0
1072041143
1610612736
1072366395
3221225472
1069120113
0
1072620756
536870912
1066319488
0
1071607592
0
1072539788
2147483648
1068805884
0
1072462231
3758096384
1071782651
536870912
1071810609
2147483648
1071028294
2147483648
1072286238
1610612736
1070169607
2147483648
1072004726
1610612736
1068180718
0
1069843072
0
1070674197
2147483648
1072054505
1610612736
1069870763
0
1070949937
3221225472
1071568506
0
1072625561
0
1070797454
1073741824
1072454661
2147483648
1072301215
1073741824
1069039497
0
1070987104
0
1072154722
1073741824
1070365608
2147483648
1071720214
536870912
1071762226
3758096384
1069775003
0
1072184763
1073741824
1070549003
0
1072554205
3758096384
1070251813
0
1069284285
0
1072538631
2684354560
1071986445
3221225472
1072377278
2684354560
1070615047
3221225472
1072234370
536870912
1071942365
2147483648
1071724272
1073741824
1072629216
2147483648
1062478400
0
1069516466
0
1071193336
3221225472
1072040287
3221225472
1070682650
3221225472
1071461100
1073741824
1072693247
2684354560
7
