Uvec
2226355706
1070634360
0
1071848113
2147483648
1071621025
0
1067912954
0
1072197823
3221225472
1071912969
2684354560
1070345720
2147483648
1070105675
2147483648
1071238580
0
1072649554
0
1069796990
2147483648
1072472500
0
1071953909
3758096384
1069559581
0
1072327170
0
1072537012
2147483648
1071850988
1073741824
1070552045
2147483648
1071340415
1073741824
1072058198
1073741824
1072471251
1610612736
1071156520
3221225472
1072348062
536870912
1070871456
1073741824
1069760820
0
1069650918
0
1072674561
0
1072318573
1610612736
1069497128
0
1072084823
1610612736
1070445644
0
1072435201
3221225472
1069882858
2147483648
1070326357
2147483648
1070824173
1073741824
1071862323
2684354560
1072474398
0
1068453196
0
1070644452
3221225472
1070266131
0
1072254846
1610612736
1071399964
0
1072506073
3758096384
1068582528
0
1071697918
0
1071563574
3221225472
1068217678
0
1070800721
1073741824
1071721131
3758096384
1072072505
1610612736
1071376577
3221225472
1068072164
0
1071683874
3221225472
1069540278
0
1072553602
3221225472
1072571480
3221225472
1072144809
0
1071800010
2684354560
1072014312
2147483648
1072476028
2684354560
1069102328
0
1068710596
0
1071242499
3221225472
1071874115
2684354560
1069719248
2147483648
1071213091
0
1071289092
1073741824
1071786151
3758096384
1070069311
2147483648
1072364298
536870912
1063826816
0
1068189830
0
1071694933
2147483648
1069273425
0
1070080744
2147483648
1072140433
1610612736
1072370309
0
1072459619
2684354560
1072079725
3221225472
1069064044
0
1071213303
1073741824
1072654951
3221225472
1068202962
0
1072414334
3221225472
1069717831
0
1070593207
0
1071174400
1073741824
1071972839
3758096384
1072077773
2147483648
1071478068
3221225472
1069662462
0
1066957356
0
1072098286
2147483648
1071657788
536870912
1072462285
3758096384
1071637170
2147483648
1072595458
2147483648
1071977425
1610612736
1071461100
1073741824
1072693247
2684354560
57
