Uvec
2226355706
1071376603
1073741824
1072550183
3221225472
1071902757
1610612736
1072604338
2684354560
1072219574
1073741824
1072239047
3758096384
1072349848
0
1071698837
1073741824
1070665017
1073741824
1072560469
3758096384
1071371800
0
1069835563
2147483648
1069853313
0
1068523373
0
1072545570
2684354560
1072650984
3221225472
1072315265
0
1072399295
2684354560
1070743800
3221225472
1070649632
2147483648
1071650355
1073741824
1070347329
2147483648
1071767602
2684354560
1071915681
1610612736
1071177610
0
1066857740
0
1071518061
3221225472
1071872987
1610612736
1071587753
3221225472
1072066588
2684354560
1071335540
3221225472
1071963368
2684354560
1066178704
0
1070848849
0
1071926907
536870912
1071070269
3221225472
1070083454
0
1071835149
2684354560
1069037822
0
1071835246
1610612736
1072170816
3221225472
1070586301
2147483648
1069118889
0
1072099765
1610612736
1072111830
2684354560
1070462437
2147483648
1072134238
0
1072464736
1073741824
1070651061
1073741824
1071313554
1073741824
1070580957
2147483648
1071719366
1610612736
1072627630
2684354560
1070280591
2147483648
1071201340
0
1071653022
2684354560
1071285232
1073741824
1071142854
1073741824
1069983201
2147483648
1071589622
0
1072388638
1073741824
1070409075
0
1071106286
0
1070207253
2147483648
1070313750
2147483648
1072111178
2684354560
1070675394
0
1071046248
1073741824
1071723407
536870912
1071847980
2684354560
1067536096
0
1071679496
1610612736
1071357704
3221225472
1067659116
0
1072410116
2684354560
1071614517
0
1072683936
3221225472
1072466664
2147483648
1070927990
1073741824
1071041743
3221225472
1070214919
0
1071657198
3758096384
1069738337
0
1072078414
1610612736
1071696962
0
1070820274
1073741824
1071361091
3221225472
1071875178
1073741824
1072085186
536870912
1072600737
2147483648
1071682922
1610612736
1072258147
536870912
1068518707
0
1071582257
1073741824
1070029866
0
1069768445
2147483648
1067782398
0
1070571771
2147483648
1071461100
1073741824
1072693247
2684354560
36
