Uvec
2226355706
1068952708
0
1070300502
2147483648
1072442428
3758096384
1070163787
0
1069785850
2147483648
1072618051
1610612736
1071781282
2684354560
1069605028
2147483648
1071087108
3221225472
1070079660
0
1067684912
0
1071934350
2684354560
1072526767
0
1070436806
0
1072201488
2684354560
1071937547
1073741824
1070922738
3221225472
1070463125
0
1072591200
1610612736
1071848637
3221225472
1071465430
2147483648
1070624819
2147483648
1071168913
2147483648
1071909556
2684354560
1069799481
2147483648
1071772949
0
1071120630
3221225472
1071553259
0
1069610061
0
1072690185
2147483648
1071398455
1073741824
1070959799
3221225472
1072485027
3221225472
1067060668
0
1070140156
0
1068995325
0
1070255171
2147483648
1072022649
1073741824
1071253638
2147483648
1072290008
0
1072086694
1610612736
1069843296
2147483648
1071655294
1073741824
1068983723
0
1070822911
2147483648
1071554449
0
1071357019
2147483648
1072440837
1073741824
1069618107
2147483648
1071698854
3758096384
1072627998
1610612736
1071695015
0
1071941800
2147483648
1072631601
536870912
1071898521
536870912
1070681522
3221225472
1070331581
2147483648
1070432071
0
1070909757
3221225472
1068765868
0
1071517795
3221225472
1072560649
1073741824
1072143778
2147483648
1072155421
2684354560
1072491346
2147483648
1072355455
2147483648
1070658102
0
1070364421
0
1071452353
2147483648
1072165844
536870912
1072157252
1073741824
1071993867
2684354560
1071770578
1610612736
1071390116
1073741824
1068328882
0
1072378809
2684354560
1071679162
536870912
1071400872
1073741824
1070990328
3221225472
1072044064
3758096384
1072679709
2684354560
1072168414
1610612736
1071140506
0
1071844773
2684354560
1070397149
0
1069573128
2147483648
1072061981
536870912
1067773150
0
1072603817
1073741824
1072024968
0
1071122257
3221225472
1070809507
3221225472
1072389053
3758096384
1070589569
2147483648
1072487624
0
1071652650
536870912
1072172935
536870912
1068782998
0
1071461100
1073741824
1072693247
2684354560
32
