Uvec
2226355706
1071367603
2147483648
1071681136
2147483648
1072274002
2147483648
1071377472
2147483648
1072225849
0
1070911934
3221225472
1065847624
0
1071861722
3221225472
1071677730
0
1071743029
1610612736
1069026411
0
1072029560
536870912
1072546990
0
1070990910
0
1072576645
3221225472
1071649650
3221225472
1071097066
2147483648
1070612172
3221225472
1071536285
0
1070395345
0
1072476997
1073741824
1072611856
1610612736
1070744973
2147483648
1071724621
536870912
1072174593
0
1071432894
2147483648
1071186410
0
1072462972
2147483648
1072273847
1073741824
1069416594
0
1071663898
2147483648
1071971332
2684354560
1072016469
2684354560
1070193480
2147483648
1070998631
1073741824
1072206638
2147483648
1070025536
2147483648
1071774363
3758096384
1072094143
3221225472
1070317414
0
1071011384
1073741824
1072512721
3758096384
1069232878
0
1071926901
0
1072201044
536870912
1072636125
1610612736
1070919997
0
1070268561
0
1068029944
0
1070754920
0
1072510972
3758096384
1069773003
2147483648
1072679363
536870912
1072241235
536870912
1071991043
3758096384
1072037111
3221225472
1071568428
3221225472
1072374870
1073741824
1071573566
3221225472
1071663437
2147483648
1067716112
0
1072288662
2147483648
1072410182
2147483648
1070682155
0
1068648581
0
1069700996
2147483648
1068664037
0
1070349967
2147483648
1071687818
2684354560
1070613306
0
1070519430
2147483648
1072616588
2684354560
1069141662
0
1071216444
3221225472
1069841751
0
1072215320
0
1072454308
3758096384
1069665984
0
1071116041
2147483648
1071537600
0
1072398736
2684354560
1070748393
1073741824
1072556477
536870912
1066984776
0
1072354897
2684354560
1072060540
536870912
1070605696
1073741824
1072301254
3221225472
1070180519
0
1071160103
2147483648
1069597754
0
1072544581
2147483648
1071361317
1073741824
1071226490
2147483648
1070695057
3221225472
1072195832
536870912
1065504448
0
1069029730
0
1071461100
1073741824
1072693247
2684354560
0
