Uvec
2226355706
1072074922
536870912
1069859580
0
1072128336
536870912
1071188600
0
1069108723
0
1071623885
0
1070756645
3221225472
1072677883
2684354560
1067344064
0
1071459748
3221225472
1069742063
2147483648
1072169648
3758096384
1070720873
2147483648
1071812848
2684354560
1069629558
2147483648
1070902408
2147483648
1072341007
0
1072089912
0
1071872724
536870912
1070805060
3221225472
1072358922
1073741824
1071881759
3221225472
1071977742
2684354560
1070713079
3221225472
1067658590
0
1069370892
0
1071454471
0
1070753789
0
1071832553
1610612736
1071420619
2147483648
1071000671
1073741824
1069920854
2147483648
1072201588
2684354560
1071106476
0
1071045317
0
1072506165
0
1072270787
2684354560
1071730858
1073741824
1068582698
0
1069867676
2147483648
1072299393
1073741824
1068732657
0
1071859055
0
1072242089
536870912
1071968135
1610612736
1068111920
0
1070689868
2147483648
1072599274
3221225472
1071036655
2147483648
1072075418
1610612736
1072129174
536870912
1071690928
1610612736
1070829445
3221225472
1071682381
1610612736
1072628567
536870912
1072280925
3221225472
1070721311
3221225472
1072296641
2147483648
1068167724
0
1071807906
2147483648
1070384249
0
1071371943
3221225472
1071452874
3221225472
1071967966
2684354560
1072653102
1073741824
1071376251
0
1072649176
2684354560
1071462421
0
1072599540
3758096384
1072549613
0
1069885029
2147483648
1072029395
2684354560
1070774063
2147483648
1072126014
1610612736
1072255128
0
1072290318
3221225472
1071090542
0
1072232774
1610612736
1071844998
1610612736
1071809263
3221225472
1072394748
3221225472
1072119480
1073741824
1071113768
3221225472
1069452909
0
1070362254
0
1071565615
2147483648
1072496726
1610612736
1071951691
3758096384
1070561863
0
1071464349
2147483648
1069677835
2147483648
1072059271
2684354560
1070214442
2147483648
1072381992
0
1072298556
1073741824
1071492435
2147483648
1071481654
1073741824
1072438093
2147483648
1071461100
1073741824
1072693247
2684354560
76
