Uvec
2226355706
1072303501
3221225472
1071384452
0
1070376961
0
1072162089
1073741824
1070794526
3221225472
1072385692
3221225472
1072024452
3758096384
1072049317
2684354560
1071770811
536870912
1071676141
3758096384
1071080691
2147483648
1069850325
2147483648
1072298236
3221225472
1072557723
1073741824
1070784330
0
1071655047
3221225472
1071949814
3221225472
1072512202
1073741824
1071467209
2147483648
1067774288
0
1070795106
2147483648
1071471524
3221225472
1072678137
0
1071305162
1073741824
1072025186
1610612736
1072507637
536870912
1071293950
0
1068734929
0
1071952094
2684354560
1070622345
0
1072651093
3221225472
1071791364
2147483648
1071008731
2147483648
1070571895
2147483648
1071692872
536870912
1072176544
1610612736
1072448748
3221225472
1070626520
1073741824
1071953129
1610612736
1071843534
1073741824
1072314551
3758096384
1072232296
2147483648
1070219612
2147483648
1071464199
2147483648
1067683252
0
1070776638
1073741824
1071216897
1073741824
1071676453
2147483648
1071898779
3221225472
1071472569
3221225472
1066537612
0
1071514020
0
1071999864
1073741824
1069915520
0
1071924322
1073741824
1069887903
0
1072620071
1610612736
1070263109
0
1072132987
2147483648
1072446195
536870912
1071743469
1610612736
1072684264
2684354560
1072169436
536870912
1070278850
0
1071527024
1073741824
1071007879
2147483648
1072181209
1073741824
1072040589
2147483648
1070641065
3221225472
1067642398
0
1070998357
3221225472
1070719630
3221225472
1072346371
2147483648
1070941200
2147483648
1068380192
0
1070679485
2147483648
1070714206
2147483648
1071063933
2147483648
1071506417
3221225472
1072600704
2684354560
1072416746
2684354560
1071966075
2147483648
1072028211
1073741824
1072066325
3758096384
1072046753
1073741824
1071213321
3221225472
1072617826
3758096384
1072554398
1610612736
1072598119
3758096384
1071180010
0
1072608949
1610612736
1070939133
0
1071897091
1073741824
1070038555
0
1071659590
3221225472
1068651017
0
1068586373
0
1071152420
0
1071461100
1073741824
1072693247
2684354560
19
