Uvec
2226355706
1072416154
536870912
1071690236
3758096384
1071956920
2147483648
1069073336
0
1071994622
3221225472
1072568322
2147483648
1071195682
2147483648
1068522210
0
1071761218
0
1072488867
536870912
1071593626
3221225472
1069841706
2147483648
1067055308
0
1072615963
1610612736
1071973026
3758096384
1072024586
3758096384
1071797102
1610612736
1071152991
3221225472
1071067527
1073741824
1069667073
0
1070593331
2147483648
1070376673
0
1071714725
2684354560
1072350257
1610612736
1069654006
2147483648
1070316915
2147483648
1072678376
3221225472
1072359423
2684354560
1071974829
1610612736
1071810757
1073741824
1072126522
1610612736
1072138913
536870912
1072003166
1073741824
1069999918
2147483648
1070453716
2147483648
1072634672
2684354560
1070297834
2147483648
1071815941
3758096384
1068905667
0
1069815245
0
1071334750
3221225472
1072486520
1610612736
1071959611
2684354560
1071987268
3221225472
1072231167
1610612736
1071870459
3758096384
1070638283
1073741824
1071386986
1073741824
1071267831
1073741824
1071855743
3221225472
1071506748
0
1071205819
1073741824
1072249325
1610612736
1072007994
0
1072570100
0
1072600567
536870912
1069297193
0
1071570857
2147483648
1072419024
2147483648
1070170797
0
1069330440
0
1072677920
0
1072291624
2684354560
1072242270
0
1070864585
2147483648
1071768716
3221225472
1070485331
2147483648
1072410332
1610612736
1072392698
3758096384
1072079463
2147483648
1072624676
3221225472
1071403164
3221225472
1072271624
1610612736
1072104697
1073741824
1072489796
0
1069969245
2147483648
1071773103
2684354560
1072011459
2147483648
1070915712
1073741824
1072592113
3758096384
1069897166
0
1068922793
0
1072546182
1073741824
1071561861
3221225472
1070624604
0
1072574783
2147483648
1070904383
3221225472
1071297258
1073741824
1072465894
1073741824
1072062897
1610612736
1068576942
0
1072286193
3221225472
1071474769
2147483648
1069440377
0
1069983890
2147483648
1070285267
0
1071349559
1073741824
1071320173
0
1071461100
1073741824
1072693247
2684354560
39
