Uvec
2226355706
1071807375
1073741824
1071877341
3758096384
1071450024
2147483648
1072298473
0
1070321876
2147483648
1071194305
3221225472
1072302098
2684354560
1068691784
0
1070700672
3221225472
1071243190
3221225472
1068807456
0
1069000039
0
1071870379
0
1070763305
3221225472
1069152358
0
1071365549
3221225472
1070819899
2147483648
1072301463
0
1071274155
2147483648
1069873531
2147483648
1070750725
2147483648
1072603272
536870912
1071726544
3221225472
1072011996
2684354560
1068825317
0
1066886084
0
1071721279
3221225472
1069843730
0
1064980080
0
1067430060
0
1071837986
536870912
1071740751
2684354560
1072525105
3221225472
1070716173
2147483648
1071705086
536870912
1072323034
2684354560
1072169659
2147483648
1072382749
1073741824
1068492216
0
1071881524
1073741824
1068156456
0
1071670687
1610612736
1071030828
1073741824
1072656576
1610612736
1071863027
3221225472
1067737680
0
1071129929
1073741824
1069920069
0
1070086175
0
1072652411
2684354560
1070934722
2147483648
1072159513
2684354560
1068930428
0
1071864027
3758096384
1070657567
3221225472
1070130035
2147483648
1071984732
1610612736
1072037182
536870912
1072329532
2684354560
1071055892
3221225472
1072132341
3758096384
1069767135
0
1069768892
0
1071904818
2684354560
1072131505
3758096384
1072454149
536870912
1068543638
0
1070708954
3221225472
1071769658
536870912
1072560698
1610612736
1071174011
2147483648
1071816829
536870912
1072067727
3221225472
1070788960
0
1071969326
2147483648
1070875031
0
1066845548
0
1071606635
0
1069782978
0
1069263880
0
1070334085
0
1066984032
0
1071747669
0
1070264610
0
1069252667
0
1072463676
2684354560
1070851870
0
1068986578
0
1071429072
2147483648
1071800336
536870912
1071632514
0
1069874015
0
1071329477
3221225472
1072524705
536870912
1072131148
1073741824
1072594180
2147483648
1071870892
2684354560
1069537330
0
1071461100
1073741824
1072693247
2684354560
94
