Uvec
2226355706
1070633018
1073741824
1070929562
2147483648
1071320397
0
1072314642
2147483648
1071732485
1073741824
1072106215
2684354560
1072156867
536870912
1068028242
0
1071986732
0
1070569810
2147483648
1071732254
3221225472
1070555062
2147483648
1072249812
536870912
1071481258
2147483648
1071923283
1073741824
1071488597
2147483648
1068577648
0
1070317308
0
1070923539
3221225472
1072284269
2147483648
1072579273
1610612736
1072133701
2684354560
1070909291
1073741824
1067741874
0
1071693195
0
1071732206
3758096384
1071035817
0
1071644977
2684354560
1072087214
536870912
1072094872
2147483648
1071243380
0
1071682200
3221225472
1070701508
3221225472
1063364640
0
1069641879
0
1072361585
1073741824
1072301132
3758096384
1071840348
0
1069127729
0
1067635938
0
1072314476
2147483648
1072209655
0
1071600108
3221225472
1071580785
0
1071305365
1073741824
1069386457
0
1071535806
2147483648
1069729672
0
1069962952
0
1069878076
2147483648
1071923852
1610612736
1069623495
0
1072655451
3221225472
1072236918
3758096384
1071869337
0
1070623050
1073741824
1071748100
0
1068632597
0
1072593829
3221225472
1071701680
536870912
1070774404
3221225472
1068385116
0
1071844702
2684354560
1070556657
0
1069809727
0
1071648652
1610612736
1070624508
2147483648
1072307709
536870912
1072042427
0
1072429295
1073741824
1071230057
3221225472
1070863541
1073741824
1072364424
3221225472
1072611862
2684354560
1071169310
3221225472
1072058388
1073741824
1072544139
536870912
1069933220
0
1066476656
0
1071934832
1073741824
1071660845
3758096384
1072019135
1610612736
1070390180
2147483648
1071033971
3221225472
1071458980
2147483648
1072219734
2684354560
1072102518
1073741824
1071962646
3758096384
1071444116
2147483648
1072462658
1073741824
1071757772
3221225472
1063785632
0
1070037888
2147483648
1072509281
2684354560
1072643583
3221225472
1072316491
2684354560
1069193430
0
1072330151
2684354560
1071461100
1073741824
1072693247
2684354560
34
