Uvec
2226355706
1072644986
3221225472
1071867302
2147483648
1072671067
3758096384
1072687794
536870912
1071926267
2147483648
1071402796
2147483648
1071362819
3221225472
1069975385
2147483648
1072554950
536870912
1071565481
1073741824
1072591188
0
1071048730
1073741824
1072671246
536870912
1070940369
0
1070897133
2147483648
1070172700
2147483648
1071738448
536870912
1071925795
1073741824
1068959980
0
1071908924
1610612736
1072391771
0
1071929025
1610612736
1070487609
0
1071790902
3221225472
1071921005
2684354560
1070930789
2147483648
1071988920
1073741824
1070948087
0
1068612696
0
1070768980
1073741824
1070908873
3221225472
1070603563
3221225472
1072386104
3221225472
1070985478
2147483648
1072464733
1073741824
1071876364
1610612736
1071796825
3221225472
1071081289
1073741824
1069477876
0
1069436476
0
1071089157
0
1069813389
2147483648
1072568805
536870912
1072574429
3758096384
1069127264
0
1071669774
2684354560
1071412547
0
1071493272
0
1071847519
536870912
1072474075
0
1072449064
536870912
1071817963
1073741824
1071792897
2147483648
1066630768
0
1072399782
3758096384
1072557649
2684354560
1072642372
0
1071219593
0
1072417107
3758096384
1071834127
0
1071946294
0
1072273701
2684354560
1071843449
0
1071905627
1073741824
1069322423
0
1072657493
2684354560
1072449994
536870912
1072482224
536870912
1071943144
3221225472
1070845961
3221225472
1072112605
1610612736
1072224781
2147483648
1071880031
1610612736
1071538794
0
1072366174
3758096384
1072147592
3758096384
1071762531
2147483648
1071088016
1073741824
1071875168
1610612736
1071855704
0
1071699561
2684354560
1071811418
2147483648
1072134410
536870912
1069058937
0
1071919249
2684354560
1072115251
3758096384
1070268547
0
1070808928
3221225472
1070444966
0
1069636497
0
1071772920
2684354560
1070882367
2147483648
1072634295
0
1070660448
3221225472
1071735273
3758096384
1069393730
0
1072562949
0
1071304390
1073741824
1071461100
1073741824
1072693247
2684354560
26
