Uvec
2226355706
1071765472
3758096384
1071825738
2147483648
1072310789
536870912
1072133304
2684354560
1070627201
1073741824
1072477311
1073741824
1072402785
0
1072417664
3758096384
1070966552
2147483648
1069075701
0
1071175888
3221225472
1072194831
536870912
1071542889
0
1071781586
1610612736
1066356616
0
1071285977
2147483648
1072291370
3758096384
1071345112
3221225472
1069364785
0
1071752642
0
1071757711
536870912
1069287525
0
1072398348
2684354560
1072082241
536870912
1070531726
2147483648
1070943693
2147483648
1072612192
3221225472
1071821745
1610612736
1067761500
0
1071504550
2147483648
1070175201
0
1072544110
3221225472
1071515702
1073741824
1071776308
1610612736
1072421748
3758096384
1071151418
2147483648
1072123482
1073741824
1072405252
2147483648
1072098618
536870912
1070249859
0
1071296005
2147483648
1072365718
3758096384
1072610582
0
1072303878
1610612736
1071121598
3221225472
1070534622
0
1072251161
1073741824
1067997936
0
1071661867
2147483648
1072107986
1073741824
1071787039
536870912
1072007467
2684354560
1072077308
3221225472
1070519564
0
1071366991
3221225472
1072554503
3758096384
1071320620
1073741824
1071740659
2147483648
1071133498
3221225472
1072277051
1073741824
1071417216
1073741824
1072049619
3758096384
1072571642
3221225472
1071385900
0
1071421379
2147483648
1072403393
2684354560
1071134274
3221225472
1071571636
2147483648
1071716351
0
1069570587
2147483648
1070869139
3221225472
1072474396
3758096384
1071857577
3758096384
1072596832
0
1071462626
1073741824
1071961252
3221225472
1072382766
536870912
1072401869
0
1071581040
0
1068641697
0
1070946217
3221225472
1070752624
1073741824
1069171023
0
1070808527
1073741824
1072395456
1073741824
1071572177
3221225472
1072679985
3221225472
1069780652
2147483648
1072194330
2147483648
1071658211
2684354560
1069966606
0
1070598022
2147483648
1072613297
2684354560
1071696232
3758096384
1071326170
0
1072242304
1073741824
1071919220
536870912
1071090632
2147483648
1071461100
1073741824
1072693247
2684354560
45
