Uvec
2226355706
1072077978
1610612736
1072309835
1610612736
1071639324
3221225472
1067841280
0
1071942517
3221225472
1072397645
1610612736
1071384978
0
1071943290
536870912
1070347151
0
1071556030
3221225472
1072608832
3221225472
1071825185
1610612736
1071778705
1073741824
1072371915
1610612736
1072272760
3221225472
1068810456
0
1071328813
1073741824
1071384423
2147483648
1071390025
0
1072085614
3221225472
1071279176
0
1072546921
3221225472
1071084757
3221225472
1068155830
0
1071204889
0
1070912925
2147483648
1071906911
1610612736
1071996252
1610612736
1071480639
1073741824
1070910838
1073741824
1072594429
2684354560
1071347297
0
1072447659
1610612736
1072133814
2684354560
1072193160
3221225472
1071123699
3221225472
1071045558
0
1071329144
3221225472
1071462162
2147483648
1070965885
0
1072192277
3758096384
1071904640
2147483648
1072378335
1610612736
1071562545
2147483648
1072584213
2147483648
1071833202
536870912
1070907286
2147483648
1071574666
1073741824
1072486506
1610612736
1070804110
1073741824
1071697264
536870912
1072074635
536870912
1072379421
1610612736
1072327781
3758096384
1071011734
0
1071748309
3758096384
1072070789
3221225472
1072163646
2147483648
1071628313
1073741824
1071674698
2684354560
1072679037
2147483648
1071945187
2147483648
1072156297
536870912
1070954217
2147483648
1065931584
0
1070535195
2147483648
1071378475
0
1070871910
2147483648
1072053756
1073741824
1071930046
1610612736
1072582775
0
1072305280
0
1072634274
2684354560
1066173864
0
1072140240
1610612736
1069183405
0
1070122298
2147483648
1071914719
2684354560
1072639225
0
1072084044
1073741824
1071783988
2684354560
1072573207
2147483648
1070928510
1073741824
1072566220
3758096384
1072533597
0
1072080412
1073741824
1072588668
2684354560
1072124328
3221225472
1072351612
3758096384
1070810027
3221225472
1068682812
0
1070145824
0
1072230824
3221225472
1069281624
0
1072445933
0
1071548777
0
1072366860
3758096384
1072605409
0
1071461100
1073741824
1072693247
2684354560
39
