Uvec
2226355706
1072412118
2684354560
1071736040
1610612736
1071994252
2147483648
1069855316
0
1072014734
1610612736
1071936997
2684354560
1071847088
536870912
1072150321
3758096384
1072456098
2684354560
1071313066
3221225472
1069837122
2147483648
1071992096
3758096384
1070251536
0
1071586694
0
1071759362
2684354560
1071830864
0
1072222654
0
1067144404
0
1067286432
0
1070603805
2147483648
1071858509
2684354560
1072601563
2147483648
1070765845
2147483648
1071079716
1073741824
1071762222
1073741824
1070881837
1073741824
1072329580
0
1071739483
3758096384
1072495069
536870912
1071792262
0
1072556329
3758096384
1067933054
0
1068089534
0
1061125120
0
1070421088
0
1070748589
1073741824
1072030302
536870912
1071758185
0
1071093901
0
1072367301
3758096384
1071020000
0
1071399862
0
1071613374
1073741824
1071721184
0
1069934541
0
1072303597
2147483648
1070271944
0
1072015980
1073741824
1072654807
3758096384
1072464355
3758096384
1070588278
0
1071385368
2147483648
1071223228
2147483648
1066262984
0
1071541249
0
1069369094
0
1072043963
2147483648
1071822784
2684354560
1071168794
2147483648
1072117445
3221225472
1070065112
2147483648
1070253159
2147483648
1071645976
3758096384
1070875138
2147483648
1072505755
1073741824
1068737883
0
1072256236
3221225472
1071691841
3221225472
1072432663
1073741824
1070665887
1073741824
1071805775
2684354560
1072689042
536870912
1070032488
2147483648
1071188445
0
1072067564
0
1068949446
0
1071761359
2147483648
1072428259
536870912
1070867183
0
1072014243
2147483648
1071591392
3221225472
1072498665
2147483648
1072114108
3221225472
1069442426
0
1072382969
1610612736
1066464296
0
1072423986
0
1068832258
0
1072693115
3758096384
1068929768
0
1072550194
1610612736
1072674768
0
1071905523
3758096384
1072157630
3758096384
1072036681
3221225472
1072228868
3221225472
1071904249
3221225472
1069791166
0
1071461100
1073741824
1072693247
2684354560
78
