Uvec
2226355706
1068540977
0
1072091008
2684354560
1071197207
0
1072148815
536870912
1072358359
0
1071899514
1073741824
1072498789
1610612736
1072366311
0
1070546101
2147483648
1071360107
3221225472
1070734971
3221225472
1072658519
2684354560
1070598149
1073741824
1071734069
3221225472
1063175680
0
1071180417
3221225472
1071859495
3758096384
1072040716
1073741824
1071829870
2147483648
1072213311
1610612736
1071781977
3221225472
1071796456
536870912
1072362914
2147483648
1070623090
3221225472
1072353044
2147483648
1070901461
1073741824
1072141044
3221225472
1071176459
2147483648
1072115293
1073741824
1071042614
0
1071027332
0
1071945571
1610612736
1071841548
536870912
1071842902
1610612736
1069315003
0
1072165816
0
1072517514
3758096384
1072436996
1610612736
1069225159
0
1071072477
3221225472
1070690036
3221225472
1070214590
2147483648
1072005932
536870912
1072686554
2684354560
1070860701
3221225472
1071810956
1073741824
1070885395
3221225472
1072419286
1610612736
1069825789
0
1071856582
3758096384
1070776652
0
1071789597
2147483648
1072590628
3221225472
1070818654
2147483648
1072290478
1610612736
1072629449
1610612736
1069665919
2147483648
1068436146
0
1071525922
2147483648
1072147056
0
1072177074
1610612736
1072241156
536870912
1071532612
1073741824
1072425516
3758096384
1071363219
2147483648
1071829331
536870912
1069728974
0
1071050081
0
1066884032
0
1070734456
0
1071766570
2147483648
1072419659
536870912
1071581792
3221225472
1071771000
3758096384
1070760292
2147483648
1072605031
2684354560
1072318298
536870912
1067894158
0
1072681649
1610612736
1072566691
1073741824
1071326662
1073741824
1070053040
2147483648
1070794606
0
1070124074
2147483648
1068666104
0
1067029920
0
1072166672
2684354560
1072272283
0
1071422524
1073741824
1071433664
2147483648
1066872808
0
1070633436
2147483648
1072186018
2147483648
1070906373
3221225472
1072481550
2147483648
1071770384
536870912
1072318642
0
1070418426
2147483648
1071461100
1073741824
1072693247
2684354560
23
