Uvec
2226355706
1071880269
1073741824
1072043846
1610612736
1071289856
3221225472
1070542228
0
1070616646
0
1072213489
2147483648
1072138193
2684354560
1071744302
536870912
1072684224
3221225472
1071720438
2147483648
1068570273
0
1072678068
2684354560
1065359872
0
1072506768
1610612736
1070235182
0
1071397419
2147483648
1071195001
0
1070884901
0
1068613886
0
1069594641
0
1071135917
3221225472
1070684120
0
1069690372
0
1071921089
2684354560
1072186273
1610612736
1071884838
1073741824
1071564275
3221225472
1072658975
536870912
1072081771
3221225472
1070623449
3221225472
1071239170
3221225472
1071874705
1610612736
1071963493
3221225472
1071791925
0
1070671768
3221225472
1071964748
2147483648
1071317212
1073741824
1069875041
2147483648
1072248188
3221225472
1069918344
2147483648
1072510608
2684354560
1066474200
0
1072137236
3758096384
1070447153
0
1072672937
1073741824
1070503217
2147483648
1069609079
2147483648
1072358128
2684354560
1072651094
0
1069726350
0
1071850002
2147483648
1071845168
2147483648
1072272954
1610612736
1072675066
3221225472
1070356111
0
1072432456
536870912
1071725636
1610612736
1072596697
2147483648
1070902181
2147483648
1070549141
0
1060582912
0
1071221710
2147483648
1072253595
2684354560
1072138863
3221225472
1071599541
1073741824
1072683338
0
1068654144
0
1071814246
536870912
1072405872
2684354560
1071683021
3221225472
1072207474
1610612736
1071963630
0
1071985318
3758096384
1071298344
1073741824
1070067145
2147483648
1069690247
0
1067707602
0
1071743813
3221225472
1072619162
3221225472
1070721968
2147483648
1070400937
0
1071689483
0
1068745860
0
1072466631
3221225472
1069552112
0
1071709020
2684354560
1071139592
0
1067716144
0
1071131935
0
1072423125
3221225472
1072220270
1073741824
1071734898
536870912
1071684265
536870912
1069910441
0
1071350456
2147483648
1070500374
2147483648
1071423219
0
1069932563
0
1071461100
1073741824
1072693247
2684354560
91
