Uvec
2226355706
1069086624
0
1072088097
3221225472
1067990034
0
1071214743
0
1070734723
1073741824
1072376541
1073741824
1071714999
0
1069963045
2147483648
1069817357
0
1071389922
3221225472
1072171788
2147483648
1072650505
0
1071065679
0
1069246912
0
1070615490
3221225472
1072367274
1073741824
1072073690
1073741824
1069990926
2147483648
1071142512
1073741824
1069795658
2147483648
1072574691
2147483648
1072390143
536870912
1072180250
3758096384
1072364817
1610612736
1071918261
536870912
1070627934
0
1072472298
1073741824
1069942884
2147483648
1071396554
1073741824
1068694155
0
1072121416
2147483648
1072669432
536870912
1072472032
2147483648
1071654481
0
1071754114
3758096384
1071609260
0
1070829040
3221225472
1072106297
1610612736
1072175933
2684354560
1071058002
3221225472
1069918971
2147483648
1071717203
2147483648
1068594297
0
1071926572
536870912
1071415963
2147483648
1071812731
1610612736
1069735109
2147483648
1071785217
3758096384
1070786059
2147483648
1070122790
2147483648
1072624693
2684354560
1072202609
3758096384
1071022002
3221225472
1072124897
1610612736
1072677709
0
1071710997
536870912
1067065972
0
1071997105
2147483648
1072275444
536870912
1070669948
3221225472
1069747214
0
1071903187
1610612736
1071717513
2147483648
1070688571
2147483648
1071071102
3221225472
1071601782
0
1071123881
3221225472
1071858688
2684354560
1070207459
2147483648
1068646839
0
1070950034
1073741824
1068936724
0
1070986629
0
1069326044
0
1072328656
2147483648
1071734097
1610612736
1072318879
3758096384
1072660023
2147483648
1067327076
0
1072435286
2147483648
1070094627
0
1070601146
0
1071566754
2147483648
1069750259
2147483648
1070844489
0
1072692598
0
1070959258
2147483648
1070998664
2147483648
1068924225
0
1071286459
1073741824
1071662314
536870912
1069569950
0
1071938806
536870912
1068816697
0
1071042086
1073741824
1072595181
536870912
1071521771
1073741824
1071748986
536870912
1071461100
1073741824
1072693247
2684354560
2
