Uvec
2226355706
1072107855
536870912
1072178420
0
1070673729
0
1070365681
2147483648
1071943508
536870912
1065519400
0
1072184731
0
1072359904
0
1070301831
0
1066685964
0
1072065960
3221225472
1072691066
2147483648
1072537643
3221225472
1070454912
2147483648
1071787343
1073741824
1067526218
0
1072028428
3758096384
1072212745
3758096384
1072676801
3758096384
1071992458
3221225472
1071070181
1073741824
1072455038
2684354560
1070752642
1073741824
1072223297
0
1072408360
3221225472
1072385923
3221225472
1071441356
3221225472
1072436171
0
1072680657
3758096384
1069600453
0
1071822491
3221225472
1072446261
1610612736
1068565405
0
1071976645
3221225472
1068149536
0
1071658684
0
1071577659
2147483648
1070878964
2147483648
1071993473
536870912
1071117723
0
1072246970
1610612736
1072445173
3758096384
1069688275
2147483648
1070007126
0
1071372666
2147483648
1070753482
0
1069463650
0
1072039137
1610612736
1072285322
3221225472
1071742887
536870912
1072636857
1610612736
1070832018
3221225472
1069260713
0
1070807440
3221225472
1067453936
0
1070293891
0
1072340629
2147483648
1070226197
0
1070674929
3221225472
1067981146
0
1071156642
1073741824
1069084188
0
1069711588
2147483648
1070536311
0
1066389080
0
1072429410
3758096384
1071391278
2147483648
1071472676
1073741824
1072455837
2147483648
1071530713
2147483648
1070973602
2147483648
1072329783
536870912
1071478549
0
1069786805
0
1072086045
3758096384
1070601751
0
1072227950
1073741824
1071818299
1073741824
1072476177
3221225472
1071942463
2684354560
1071683659
1610612736
1070534846
2147483648
1070314765
2147483648
1071136060
3221225472
1071781968
3221225472
1072158505
3221225472
1070031158
2147483648
1071830604
0
1070291573
0
1072155392
2147483648
1071881117
1610612736
1070727291
2147483648
1072424579
536870912
1068771635
0
1072669038
536870912
1070787153
0
1072510789
1610612736
1072348456
0
1071461100
1073741824
1072693247
2684354560
89
