Uvec
2226355706
1072609499
1610612736
1071923332
2147483648
1070534048
2147483648
1070451020
2147483648
1071904113
1073741824
1072031575
2147483648
1071853771
3758096384
1071492501
2147483648
1072072853
1610612736
1071610394
2147483648
1068874707
0
1066848052
0
1071541688
3221225472
1072206415
3758096384
1071584136
1073741824
1071959581
536870912
1067721402
0
1071667254
0
1072176398
1610612736
1072530776
1073741824
1066787468
0
1068636710
0
1063450240
0
1072026083
2147483648
1072383445
2684354560
1069831643
0
1070606945
1073741824
1072031841
536870912
1070134070
0
1071064689
0
1071957381
2147483648
1067194672
0
1071461505
3221225472
1071520050
3221225472
1070732319
1073741824
1069909084
2147483648
1071443158
2147483648
1072380990
3758096384
1072061635
1073741824
1072142772
0
1071328139
0
1071164022
2147483648
1070867060
2147483648
1069187768
0
1071841612
0
1072604783
0
1071995901
1073741824
1071988597
3221225472
1070777853
2147483648
1072243066
1610612736
1070253123
2147483648
1070685959
1073741824
1070259289
2147483648
1067151988
0
1072165095
3758096384
1071312151
0
1071800414
536870912
1070794868
3221225472
1070362770
0
1070650830
0
1071401531
1073741824
1072192635
1610612736
1072049391
3221225472
1071868659
1610612736
1071698574
3221225472
1071781631
0
1072453114
0
1072489672
0
1072287171
536870912
1071271945
3221225472
1072286798
1610612736
1071019696
3221225472
1072360465
1610612736
1070704456
1073741824
1072583552
3758096384
1070842703
1073741824
1071322133
2147483648
1072260635
0
1070664570
0
1069779433
0
1071484116
0
1072154809
2684354560
1070868248
1073741824
1072017162
536870912
1068563208
0
1071561989
3221225472
1072674479
0
1070874556
0
1067993630
0
1067521548
0
1070352331
2147483648
1072385516
3758096384
1070724978
3221225472
1070366569
0
1072000344
0
1071944979
1610612736
1071987354
1073741824
1072114906
1610612736
1071461100
1073741824
1072693247
2684354560
2
