Uvec
2226355706
1072109640
536870912
1070030485
2147483648
1068687150
0
1072615442
2147483648
1068542747
0
1071849999
1610612736
1071487327
0
1072212712
1610612736
1072555020
2147483648
1071214244
0
1071147092
2147483648
1072299528
2147483648
1071990025
1610612736
1071756609
2684354560
1072324694
2147483648
1072395341
3221225472
1071658404
3758096384
1070207984
0
1071635875
0
1070926436
1073741824
1072105796
0
1070078122
0
1069307859
0
1071135209
0
1072599615
1073741824
1071961400
1073741824
1070062104
0
1069881039
2147483648
1071360788
1073741824
1070203381
2147483648
1070722654
3221225472
1071666029
0
1069879233
0
1071954043
536870912
1072580623
2147483648
1070317375
2147483648
1070187356
0
1072146007
3758096384
1069323970
0
1069644680
2147483648
1072246490
2684354560
1071805060
1610612736
1072195688
2147483648
1071663227
1610612736
1067067796
0
1071559318
1073741824
1072498709
3221225472
1072009941
536870912
1071938217
1610612736
1071823240
0
1072416937
0
1072409730
0
1072323237
2147483648
1069828218
0
1071859836
2147483648
1067511628
0
1070473145
0
1071442158
2147483648
1067324092
0
1072434520
536870912
1068527355
0
1071335567
2147483648
1072183988
536870912
1069373090
0
1070880459
3221225472
1068840403
0
1070892465
0
1071726212
3221225472
1069652923
2147483648
1071151425
3221225472
1072179088
3758096384
1072023704
536870912
1071231390
3221225472
1072445825
536870912
1071968023
3221225472
1070877327
2147483648
1072383868
0
1069740657
0
1072635884
2147483648
1072692581
2147483648
1072313148
3221225472
1067516972
0
1069087446
0
1069946953
0
1072156020
3221225472
1072362869
0
1069946855
2147483648
1070916305
0
1071087068
1073741824
1071147498
2147483648
1070342980
0
1072644307
536870912
1072652848
3758096384
1070693235
2147483648
1072281025
536870912
1071988310
0
1072089243
1610612736
1071944497
2684354560
1071461100
1073741824
1072693247
2684354560
26
