Uvec
2226355706
1072091095
3221225472
1072615467
2147483648
1070970717
1073741824
1070873438
0
1072062673
2147483648
1071310533
1073741824
1071094662
0
1072211093
2684354560
1072462850
3221225472
1070745404
1073741824
1071978771
1610612736
1071724937
1610612736
1070573487
2147483648
1072023935
2147483648
1070625333
2147483648
1071870300
1610612736
1071877096
3758096384
1071410602
0
1072621560
2147483648
1071611374
2147483648
1069320884
0
1070909964
1073741824
1072386771
2684354560
1070328515
0
1072160058
2684354560
1072331118
1610612736
1070417817
2147483648
1070470481
0
1072403274
3221225472
1071388442
1073741824
1072559024
3758096384
1070519249
0
1071884248
2684354560
1071520641
0
1072131017
3758096384
1071997932
3221225472
1070823351
3221225472
1067481812
0
1071078756
1073741824
1072158133
0
1071732613
1073741824
1069876052
0
1071617761
3221225472
1070514219
0
1071935125
2684354560
1072311320
2147483648
1070511878
0
1071875673
3221225472
1067816334
0
1070703858
3221225472
1065461144
0
1072335722
2147483648
1071537069
0
1072265284
3221225472
1069868649
2147483648
1072398415
1073741824
1072098060
3221225472
1070971935
0
1070036119
2147483648
1070769203
2147483648
1070193191
2147483648
1071622605
0
1072684995
2147483648
1069840738
0
1072145545
3221225472
1071875571
0
1071088498
2147483648
1071118182
2147483648
1071115089
0
1070438821
2147483648
1071803256
536870912
1071747745
536870912
1068448576
0
1071209600
2147483648
1071772392
0
1071415578
3221225472
1070717282
1073741824
1071810994
1610612736
1069775537
0
1069730446
2147483648
1070151319
2147483648
1070620332
0
1071615696
2147483648
1071481953
1073741824
1072228265
2684354560
1065847224
0
1070929821
2147483648
1072392123
0
1071763419
0
1072244902
3221225472
1071333503
1073741824
1070105790
0
1070316572
2147483648
1071682847
2147483648
1071750588
1073741824
1068597154
0
1067997908
0
1071060549
2147483648
1071461100
1073741824
1072693247
2684354560
73
