Uvec
2226355706
1072493201
0
1072313715
2147483648
1072320768
3221225472
1071960974
536870912
1071860970
2684354560
1070482238
2147483648
1069054608
0
1069172268
0
1070450032
2147483648
1072353617
2684354560
1071646963
0
1069238118
0
1071299334
0
1068750610
0
1071026547
3221225472
1072080739
3758096384
1070553044
0
1072047221
3758096384
1069921290
2147483648
1072551657
1073741824
1072039604
1073741824
1072355298
3221225472
1068191998
0
1070765337
0
1071695930
0
1070068053
0
1071355950
0
1070854209
3221225472
1071907327
1610612736
1072105168
3758096384
1071488800
2147483648
1072577906
1073741824
1071360241
0
1072657163
3221225472
1072026207
2147483648
1069833626
0
1072548365
2684354560
1071660216
3758096384
1069018577
0
1072123357
2147483648
1070489548
0
1072672518
3221225472
1072183600
2147483648
1072257934
0
1072465127
3221225472
1071674350
3221225472
1072498323
1610612736
1070772962
2147483648
1068603267
0
1072684196
2147483648
1071723472
1610612736
1071848786
1073741824
1072205517
0
1072106297
0
1071780754
0
1072442856
1073741824
1071300202
3221225472
1071762436
536870912
1072491325
1073741824
1070849498
2147483648
1072070212
2147483648
1072631915
3758096384
1071455932
3221225472
1071999683
3758096384
1072579951
2684354560
1070852014
0
1071876954
2147483648
1072635632
3758096384
1067017740
0
1072208181
536870912
1070969377
3221225472
1069847911
0
1072601850
1073741824
1072232684
0
1070420239
0
1070366073
0
1070707026
3221225472
1072552358
1610612736
1071678432
536870912
1070633403
0
1072478934
3758096384
1072152498
3221225472
1071619677
0
1064380512
0
1069862325
0
1071742345
2147483648
1070849456
0
1069454274
0
1072255918
2684354560
1072557685
2147483648
1072383247
2147483648
1071430912
3221225472
1072516074
1610612736
1072618657
2684354560
1072446648
0
1072506674
1610612736
1071597567
0
1070765087
0
1071461100
1073741824
1072693247
2684354560
6
