Uvec
2226355706
1071765381
3221225472
1068972111
0
1069784472
2147483648
1072376007
536870912
1071020403
3221225472
1072283812
3221225472
1072201783
3221225472
1071736060
536870912
1070603919
0
1072611660
0
1070756090
2147483648
1071979621
1073741824
1070129408
2147483648
1071691716
536870912
1072050267
3758096384
1069222817
0
1070167124
2147483648
1069775083
2147483648
1071717531
2147483648
1072255244
3758096384
1072613932
0
1071145155
1073741824
1070776828
0
1071366059
1073741824
1070853768
1073741824
1070079523
2147483648
1071874854
1610612736
1071379030
2147483648
1068673369
0
1071299904
2147483648
1069006134
0
1071455365
1073741824
1070883389
2147483648
1071729133
0
1071681638
3758096384
1063843392
0
1072488634
3758096384
1072012253
2684354560
1064395424
0
1072503630
536870912
1072325786
2684354560
1071763953
2147483648
1072610355
2684354560
1072118224
1610612736
1070718156
1073741824
1071221215
2147483648
1072296459
3221225472
1071759504
0
1069551044
0
1070937632
3221225472
1071907222
3758096384
1071769018
536870912
1069730118
0
1069951887
2147483648
1071817120
536870912
1072098577
2147483648
1069438785
0
1069723603
0
1071779437
1073741824
1070993091
0
1071704304
536870912
1071710967
0
1071220846
2147483648
1068719326
0
1071435735
2147483648
1069925874
2147483648
1068217620
0
1072638845
536870912
1072049114
0
1071635442
1073741824
1069300491
0
1068586155
0
1072431301
2147483648
1070592710
0
1071087241
2147483648
1071773874
1610612736
1069552658
0
1071870857
0
1072614894
0
1069373218
0
1072213040
2147483648
1072615951
2684354560
1068515915
0
1069408697
0
1072065177
2147483648
1071867924
536870912
1072091442
3758096384
1069556751
0
1071999088
3758096384
1072454406
1610612736
1070104698
0
1072028529
2147483648
1069526813
0
1072112633
0
1072497410
2684354560
1072084846
536870912
1072372409
0
1072202910
3221225472
1071461100
1073741824
1072693247
2684354560
56
