Uvec
2226355706
1071556692
2147483648
1070875773
2147483648
1071711006
2684354560
1072387106
3221225472
1071577037
3221225472
1070683525
1073741824
1072634471
3758096384
1072153611
3758096384
1072523264
2684354560
1071991189
1610612736
1072048838
2147483648
1071633564
3221225472
1068984047
0
1071311624
3221225472
1072178198
2684354560
1071332098
0
1068111252
0
1068836788
0
1070929423
3221225472
1069870790
2147483648
1070745937
0
1072467872
3221225472
1071797126
3221225472
1072470559
536870912
1072617723
2684354560
1070136511
2147483648
1070034638
2147483648
1071857177
3221225472
1072222904
0
1070942953
1073741824
1072569055
2147483648
1072019925
3758096384
1069111440
0
1072578954
1610612736
1069942899
2147483648
1070601000
1073741824
1071798440
2147483648
1068206606
0
1071557773
2147483648
1072285453
1610612736
1072452640
0
1068523613
0
1072315153
3758096384
1072008743
1073741824
1072338151
1073741824
1071040683
0
1072572045
2147483648
1069225356
0
1071470618
2147483648
1072650751
0
1072505705
1610612736
1072043953
536870912
1072135912
536870912
1068366252
0
1072617646
2684354560
1070752724
3221225472
1071945098
2147483648
1072522983
1073741824
1070354542
2147483648
1072608832
1610612736
1070654965
1073741824
1070493094
0
1071787024
1073741824
1071591162
2147483648
1071924055
2684354560
1070627129
2147483648
1071682205
1073741824
1069980279
0
1069519137
0
1072205238
536870912
1069506552
0
1071674128
3758096384
1071233627
2147483648
1071499530
3221225472
1071528362
3221225472
1072365858
1610612736
1071408225
2147483648
1072664936
0
1072376402
2147483648
1071734208
1610612736
1072538492
2684354560
1072406038
3221225472
1072199756
2147483648
1072550540
536870912
1072667507
3758096384
1072504671
536870912
1071805106
536870912
1071965026
2147483648
1071609195
1073741824
1071217853
3221225472
1072284500
1610612736
1071799884
2147483648
1067249992
0
1072102486
3758096384
1070776612
0
1070048041
2147483648
1070744114
3221225472
1070889727
0
1071461100
1073741824
1072693247
2684354560
70
