Uvec
2226355706
1072187315
2147483648
1071665212
1610612736
1071156947
1073741824
1070140688
0
1072270899
3221225472
1070357498
2147483648
1072684978
536870912
1069567201
2147483648
1069936842
2147483648
1069768124
2147483648
1070675577
3221225472
1069645734
0
1072424263
3758096384
1071292340
0
1072081845
0
1072170435
2684354560
1071158624
2147483648
1070731112
0
1071135686
1073741824
1072530075
3221225472
1072026525
1073741824
1071588350
2147483648
1069216237
0
1071736636
0
1069729189
0
1070471133
2147483648
1071273981
2147483648
1068340906
0
1067549924
0
1072058690
0
1072061348
0
1071645870
3758096384
1071399202
0
1071207252
1073741824
1072580985
3221225472
1072632611
1073741824
1072041125
2147483648
1071998049
3221225472
1072493237
1610612736
1072683633
3758096384
1072420428
3758096384
1069831403
0
1072671326
536870912
1071028143
3221225472
1071270198
0
1070658938
2147483648
1071817116
0
1071670892
536870912
1071834826
0
1068574125
0
1071211452
2147483648
1067513440
0
1070803550
2147483648
1070744959
3221225472
1072046064
2684354560
1071939075
3758096384
1071887558
2147483648
1070177715
0
1072418509
2147483648
1072420126
1073741824
1067994792
0
1070173798
2147483648
1070928518
0
1071163689
0
1072219323
1610612736
1072358384
536870912
1059677696
0
1071660952
2147483648
1071827212
2147483648
1072214203
1073741824
1070898562
2147483648
1071633710
3221225472
1068632092
0
1072008136
2147483648
1071698227
0
1072560963
3221225472
1071876887
2147483648
1071733133
3758096384
1072677519
0
1071234617
1073741824
1069838648
0
1071361687
2147483648
1070111916
0
1072105782
3758096384
1070435849
0
1070134798
2147483648
1071772449
2147483648
1072537785
1073741824
1071392808
1073741824
1070223313
0
1071674386
2147483648
1071338478
0
1070307680
2147483648
1072559500
0
1070368537
2147483648
1072684957
1073741824
1071190426
2147483648
1066327720
0
1071461100
1073741824
1072693247
2684354560
87
