Uvec
2226355706
1072214764
3221225472
1070857779
1073741824
1069319966
0
1072208785
3758096384
1072626942
2684354560
1072084844
2147483648
1072545525
1610612736
1071015664
2147483648
1072579293
2147483648
1071166912
0
1068913147
0
1072436205
1073741824
1072399269
1610612736
1072161396
3758096384
1070062843
0
1072582778
2684354560
1069637311
0
1070980478
3221225472
1071507096
0
1072502315
2684354560
1071879336
3758096384
1071912645
1073741824
1072405104
2684354560
1072684339
3221225472
1071828031
3221225472
1070077957
0
1070798452
0
1069868124
2147483648
1071419076
3221225472
1070381233
0
1071182158
3221225472
1071866105
536870912
1068164020
0
1068196862
0
1071482035
2147483648
1070606666
3221225472
1071881170
3758096384
1072569425
1610612736
1070851752
1073741824
1071699649
2684354560
1070375841
2147483648
1070997108
1073741824
1072069025
1610612736
1065486096
0
1070181114
2147483648
1071747233
1073741824
1067718488
0
1072441015
3221225472
1068327780
0
1069773218
0
1069202493
0
1070811117
2147483648
1071418516
1073741824
1072324887
1610612736
1071721180
0
1071824774
1073741824
1070871654
1073741824
1069109915
0
1071871144
2147483648
1072370429
3221225472
1071801456
2147483648
1072615162
2684354560
1071698088
1610612736
1071931544
0
1071936234
2684354560
1072385131
3758096384
1070858055
1073741824
1071869466
2147483648
1072558865
1610612736
1066381960
0
1070681672
3221225472
1072618887
2684354560
1071879112
2147483648
1071341191
3221225472
1070627818
1073741824
1066796024
0
1072299898
0
1072134471
2684354560
1072086319
2147483648
1068646752
0
1069868431
2147483648
1072492624
1610612736
1066337184
0
1071614648
1073741824
1072531355
536870912
1071748208
2684354560
1071928521
536870912
1071991965
3221225472
1072261151
536870912
1071266997
3221225472
1072126688
536870912
1070219410
2147483648
1068378526
0
1070994246
1073741824
1070221454
0
1071264811
2147483648
1070725999
1073741824
1071801834
3221225472
1071461100
1073741824
1072693247
2684354560
3
