Uvec
2226355706
1072673583
0
1072128491
2684354560
1071282529
0
1072031404
536870912
1072093910
3221225472
1071659949
2684354560
1072269354
2147483648
1071588504
3221225472
1070462035
0
1071992515
3221225472
1071625138
3221225472
1070658784
2147483648
1070242475
0
1072583648
3221225472
1071183104
3221225472
1070705444
3221225472
1072650721
1610612736
1071826645
2684354560
1071960577
3221225472
1071376366
2147483648
1071560096
1073741824
1068670480
0
1068993523
0
1072651317
1073741824
1071942567
1610612736
1072672369
3758096384
1072628282
2684354560
1071988213
2147483648
1072619637
0
1072020431
1610612736
1070759080
1073741824
1071439078
0
1070189207
2147483648
1071407895
3221225472
1071881514
1610612736
1065340256
0
1071155816
0
1070634351
2147483648
1072012600
3221225472
1070673195
3221225472
1071756797
536870912
1072169412
1610612736
1070237830
2147483648
1071790380
3221225472
1070785418
1073741824
1069847357
0
1072263133
3758096384
1069566139
0
1071976722
536870912
1071782409
2147483648
1071858186
3221225472
1072371227
2147483648
1070301909
2147483648
1068741622
0
1072233592
2147483648
1071828299
1073741824
1071185736
2147483648
1072654143
2147483648
1071821431
2684354560
1071760031
1073741824
1072353768
3221225472
1071631938
3221225472
1070684575
0
1069919961
0
1069054980
0
1072323817
0
1072610634
2684354560
1072263196
1610612736
1068881711
0
1071189668
3221225472
1069547743
2147483648
1069932174
2147483648
1072522448
536870912
1070046151
0
1070213327
2147483648
1072184658
3758096384
1072649472
3758096384
1072599234
1610612736
1071645557
536870912
1070133791
0
1070379617
0
1072513919
3221225472
1072026357
3758096384
1072095600
0
1072616107
536870912
1072567101
3221225472
1071666676
3758096384
1066336776
0
1069587737
2147483648
1072574156
2684354560
1072632732
1610612736
1071120651
2147483648
1069872836
0
1069311135
0
1072470707
2684354560
1072652136
1073741824
1070989955
3221225472
1070301110
2147483648
1071461100
1073741824
1072693247
2684354560
70
