Uvec
2226355706
1072677379
2684354560
1064812448
0
1072119901
0
1072426056
1610612736
1072569099
2147483648
1072109269
0
1072168933
3221225472
1072297147
1073741824
1072068644
3221225472
1070064219
0
1070014302
0
1070430187
0
1071988401
2684354560
1069631534
0
1071616325
0
1071551874
3221225472
1071650212
3758096384
1070570840
0
1072414034
0
1068086280
0
1071907290
3221225472
1072621568
0
1071380472
3221225472
1071145808
3221225472
1070673301
2147483648
1071953941
3758096384
1070830079
3221225472
1071700580
2684354560
1072111270
2684354560
1071468519
0
1071774378
0
1071461037
0
1071050306
0
1070782644
1073741824
1072429944
536870912
1072314717
2684354560
1071401402
2147483648
1070516129
0
1072188478
3758096384
1072520890
3758096384
1071100448
2147483648
1070976634
1073741824
1072076521
1073741824
1072528741
3758096384
1066465688
0
1072144472
2684354560
1071319429
1073741824
1072196155
1073741824
1071124059
2147483648
1070899418
2147483648
1072384098
3758096384
1071542677
2147483648
1072326732
536870912
1071614480
3221225472
1071294217
3221225472
1071729122
3221225472
1070210488
0
1071167582
0
1072399783
1610612736
1071407591
1073741824
1070721423
2147483648
1071999338
2684354560
1068536963
0
1072313491
2147483648
1070674034
3221225472
1068956631
0
1067112024
0
1072671799
2684354560
1070935227
0
1072421897
2147483648
1071534601
0
1071793428
2684354560
1072422542
2684354560
1071395514
1073741824
1072314863
3758096384
1071846747
536870912
1069475164
0
1071281426
0
1071036271
3221225472
1071614977
1073741824
1072674677
1073741824
1071142686
3221225472
1072188093
1610612736
1070020835
0
1070079768
2147483648
1070518032
2147483648
1072201804
3758096384
1071806623
3221225472
1070452458
0
1070473871
0
1066432584
0
1071291905
2147483648
1070458231
2147483648
1072582837
1073741824
1070975380
3221225472
1070719253
3221225472
1064627520
0
1063366496
0
1071461100
1073741824
1072693247
2684354560
9
