Uvec
2226355706
1071441725
1073741824
1072419826
1610612736
1070001900
0
1071154147
0
1066976792
0
1072031189
3758096384
1070275482
2147483648
1072489882
2684354560
1072459597
1073741824
1072590463
536870912
1072119782
3221225472
1071712856
2684354560
1072285436
2684354560
1071401742
3221225472
1072406933
1610612736
1071730437
1610612736
1069903771
2147483648
1072171139
3221225472
1069626527
0
1071695076
2684354560
1071995277
3758096384
1068660086
0
1067048852
0
1071712726
3221225472
1071244540
0
1069651496
0
1072133167
2147483648
1071204841
0
1068670061
0
1072672028
0
1068900397
0
1068932668
0
1070944205
2147483648
1069426797
0
1072132149
1610612736
1067599498
0
1072452480
2684354560
1070582182
0
1071912639
2147483648
1071853632
3221225472
1069563294
2147483648
1068663939
0
1072356186
3758096384
1069949722
0
1072626715
0
1068719477
0
1071962581
3221225472
1071810354
1610612736
1070012268
0
1069668595
2147483648
1072672803
536870912
1068879352
0
1069838598
0
1064330368
0
1068023342
0
1070917158
1073741824
1066919188
0
1069794590
0
1072292344
3758096384
1071368623
3221225472
1072302132
536870912
1072184362
1610612736
1071614132
1073741824
1069633101
0
1071471517
2147483648
1070655907
2147483648
1071691502
3758096384
1068026316
0
1071628254
1073741824
1070422836
2147483648
1069699462
2147483648
1070627739
0
1071391755
0
1068820199
0
1071098390
0
1071617039
1073741824
1070105665
0
1070765232
1073741824
1070733721
2147483648
1072130034
2147483648
1070440453
0
1071120524
2147483648
1072190675
1073741824
1072520225
2684354560
1070684186
3221225472
1069264581
0
1069965040
2147483648
1072264624
3221225472
1071207395
3221225472
1071649575
3758096384
1072072919
1610612736
1071303148
3221225472
1070295049
2147483648
1072466730
3221225472
1072200553
1073741824
1071767085
0
1072349764
3221225472
1072362854
2684354560
1071461100
1073741824
1072693247
2684354560
46
