Uvec
2226355706
1072125388
2147483648
1071596698
2147483648
1071903936
536870912
1072066771
1610612736
1072606165
536870912
1072441430
2147483648
1072146152
536870912
1070663678
2147483648
1072255743
1073741824
1071366904
3221225472
1070962955
2147483648
1067807064
0
1071990037
3221225472
1070880800
2147483648
1071310993
0
1070632087
2147483648
1072459063
2684354560
1072468648
1610612736
1072249871
2684354560
1071952142
2147483648
1070344936
2147483648
1071914270
1610612736
1072134541
3758096384
1072131069
3758096384
1067944928
0
1070628360
2147483648
1072023844
2147483648
1071614012
2147483648
1072564074
3221225472
1070880847
2147483648
1072675596
1610612736
1069426886
0
1070627864
0
1071947481
1073741824
1070938539
0
1070317411
2147483648
1071734014
2684354560
1071289175
2147483648
1068696632
0
1072140449
0
1070418117
0
1067791954
0
1072381683
1610612736
1071442319
2147483648
1071259274
3221225472
1069384897
0
1069220989
0
1072322416
1073741824
1071858631
3758096384
1070709829
3221225472
1065464864
0
1072186274
3221225472
1072426122
0
1072427619
3758096384
1071121128
3221225472
1072401034
0
1071902772
0
1070020736
2147483648
1071440148
2147483648
1071852755
536870912
1072657761
0
1071312072
0
1072419929
0
1072356100
2684354560
1072115449
536870912
1071167111
2147483648
1071097744
1073741824
1068588445
0
1071481339
2147483648
1072302136
1073741824
1070556052
2147483648
1071089268
3221225472
1071974371
0
1072007099
3221225472
1071685192
1610612736
1070393150
2147483648
1072283151
3221225472
1072064050
1610612736
1072652539
1073741824
1072339979
3758096384
1068141278
0
1072325552
3221225472
1071690245
1610612736
1071211684
1073741824
1071937216
1073741824
1071773413
1073741824
1072628111
536870912
1070829577
2147483648
1070336269
2147483648
1068405036
0
1071454647
0
1071809686
3758096384
1068001218
0
1071978182
2684354560
1070244103
0
1064088288
0
1072097626
1073741824
1072231317
1073741824
1071461100
1073741824
1072693247
2684354560
16
