Uvec
2226355706
1071395508
1073741824
1070860855
1073741824
1072679230
2147483648
1070113125
2147483648
1072575495
1073741824
1071162937
3221225472
1072691173
2684354560
1069179617
0
1060092416
0
1071974278
0
1072020487
1073741824
1072329048
536870912
1068934808
0
1072607304
1073741824
1072520583
1610612736
1070274258
2147483648
1071447035
1073741824
1071026867
3221225472
1072253591
3221225472
1068751465
0
1071984062
1073741824
1070687196
2147483648
1072067210
3758096384
1072493587
2684354560
1068257760
0
1069706775
0
1072010563
2147483648
1071621744
1073741824
1072000785
536870912
1071478995
0
1069107406
0
1070605070
0
1071711231
536870912
1072284005
2684354560
1068917082
0
1071590050
0
1072125133
536870912
1071922234
1073741824
1067329576
0
1071806410
1073741824
1068422450
0
1070325061
0
1070740797
2147483648
1071038658
2147483648
1071530875
3221225472
1071961403
3758096384
1070838967
3221225472
1072032096
3758096384
1070600193
1073741824
1072513377
2147483648
1071578178
1073741824
1068418204
0
1067720540
0
1071649458
2684354560
1071873545
3758096384
1071722781
3758096384
1072105377
1073741824
1070787289
3221225472
1071736297
3758096384
1071522885
3221225472
1068726702
0
1071966570
2147483648
1071572789
1073741824
1072672706
2684354560
1069370864
0
1068923957
0
1072171104
3758096384
1072400518
3758096384
1068335642
0
1072077077
1073741824
1071875098
2684354560
1069102774
0
1072306737
0
1071820696
0
1072033834
3758096384
1071997272
3221225472
1072691234
2684354560
1072586333
3221225472
1072544578
0
1071472130
0
1070838622
2147483648
1072242357
536870912
1071335082
2147483648
1064311504
0
1071725054
1073741824
1072449706
2684354560
1072551689
1073741824
1069836066
2147483648
1072094411
3758096384
1071116467
1073741824
1072083400
2684354560
1072434849
3221225472
1071642124
0
1068866088
0
1071006433
0
1070018712
0
1072177618
3221225472
1071887773
1073741824
1071461100
1073741824
1072693247
2684354560
14
