Uvec
2226355706
1072622892
2684354560
1069132648
0
1072574643
3221225472
1072289837
0
1072036887
2147483648
1071412720
2147483648
1072272347
1610612736
1072430312
3758096384
1070012310
2147483648
1068455792
0
1072576273
536870912
1072383813
2147483648
1070879471
3221225472
1072035270
3758096384
1071773228
2147483648
1070864109
0
1071675873
0
1071690557
3758096384
1071231241
3221225472
1070966333
2147483648
1072028966
536870912
1070202104
0
1069641306
2147483648
1072594588
536870912
1072135678
2147483648
1068008068
0
1072126965
1610612736
1071930753
2684354560
1072150563
3221225472
1069737092
0
1072278924
536870912
1071674415
1610612736
1072144990
2684354560
1071696817
536870912
1072149969
1073741824
1071895512
1610612736
1068290770
0
1070899945
0
1068117456
0
1072146235
2684354560
1069292664
0
1069837872
2147483648
1068875522
0
1071992994
1073741824
1072000866
2147483648
1072080021
1073741824
1072204464
536870912
1071930426
1073741824
1072189458
536870912
1072362967
536870912
1067948456
0
1071652941
3221225472
1072466854
0
1070580419
0
1072059097
3221225472
1067591342
0
1070056995
2147483648
1071525862
2147483648
1070651084
1073741824
1068234040
0
1070701784
0
1072189144
3221225472
1072631775
2684354560
1070671187
2147483648
1066860880
0
1071993089
1610612736
1072265967
2684354560
1071585887
2147483648
1067987118
0
1070273396
2147483648
1072187840
1610612736
1071840144
1610612736
1072210570
0
1072078837
1073741824
1064410608
0
1071687055
3221225472
1069593293
0
1071038180
0
1072343824
1073741824
1071529947
3221225472
1072058214
536870912
1067494890
0
1070072306
2147483648
1071172295
3221225472
1072058266
2684354560
1069828911
0
1071810733
536870912
1071942404
3221225472
1071606011
1073741824
1072199065
1610612736
1071756676
0
1068870600
0
1070497928
2147483648
1070655157
1073741824
1071079196
1073741824
1072613389
1610612736
1068522133
0
1072036630
2684354560
1071461100
1073741824
1072693247
2684354560
38
