Uvec
2226355706
1070381312
2147483648
1072352790
2147483648
1072256086
2684354560
1072348006
1073741824
1072177907
3758096384
1071380540
1073741824
1068722095
0
1071648355
2684354560
1071715100
2147483648
1071182248
3221225472
1070003528
0
1070777869
2147483648
1071494211
3221225472
1072035502
3221225472
1071044126
2147483648
1070725460
3221225472
1071854142
3758096384
1072061077
1073741824
1071457870
1073741824
1072149284
1073741824
1072172369
0
1069163544
0
1072414616
3758096384
1071699007
2147483648
1070965743
0
1071162570
2147483648
1068758059
0
1070958040
3221225472
1072300778
3758096384
1071155740
2147483648
1069984992
0
1071603781
1073741824
1072178322
3758096384
1071742705
2147483648
1072571598
1073741824
1072515629
1073741824
1072019647
3758096384
1071947961
536870912
1072411763
0
1071821510
3758096384
1072403786
3758096384
1072406556
3221225472
1071398404
2147483648
1070968550
2147483648
1072381046
2684354560
1069967994
2147483648
1072389075
0
1072289709
536870912
1070579989
2147483648
1070272685
0
1072502742
1610612736
1072602486
3221225472
1070049455
0
1072442362
1073741824
1071878661
1610612736
1071791849
2684354560
1071686975
0
1072648633
3758096384
1070223258
2147483648
1067610648
0
1072607195
2147483648
1068117116
0
1071270793
1073741824
1072509533
2684354560
1072446424
3758096384
1068532584
0
1071962442
1073741824
1070724710
2147483648
1072216452
536870912
1069761509
2147483648
1072233967
3221225472
1072029523
536870912
1072140703
1610612736
1071340086
0
1071253556
2147483648
1071084790
3221225472
1072010890
3758096384
1072335524
3221225472
1071286149
0
1071829604
1073741824
1072536343
3758096384
1071505666
1073741824
1072332454
2684354560
1071806479
0
1072649073
3221225472
1071898628
2147483648
1071911218
1610612736
1072302053
536870912
1071974118
536870912
1071109146
3221225472
1071049822
1073741824
1072627773
3758096384
1072165211
0
1072576869
3758096384
1071942347
3221225472
1070950937
1073741824
1071420016
2147483648
1071513611
2147483648
1071461100
1073741824
1072693247
2684354560
41
