Uvec
2226355706
1070846855
1073741824
1071872659
0
1071451030
2147483648
1070099968
0
1071791501
2684354560
1071068391
1073741824
1071081636
2147483648
1072158511
1610612736
1068686527
0
1072418988
3758096384
1070708815
2147483648
1071850365
2147483648
1072299510
3221225472
1071005932
0
1072265983
0
1070128210
0
1066435684
0
1072636448
0
1070919832
0
1070768716
2147483648
1069850648
2147483648
1072374617
2147483648
1071794431
1073741824
1068763000
0
1070947172
1073741824
1072473257
1073741824
1072457454
1610612736
1071073753
2147483648
1071391946
2147483648
1068759249
0
1072685274
2147483648
1066902588
0
1069556819
2147483648
1069690990
0
1071680650
1073741824
1071167791
0
1070783698
1073741824
1071799052
536870912
1071930123
3758096384
1065610304
0
1070685393
2147483648
1071185692
2147483648
1067720212
0
1069287928
0
1072069260
1073741824
1072604666
3758096384
1071479088
1073741824
1072506654
1610612736
1070966269
0
1072453341
0
1072075074
1610612736
1072065803
0
1070088719
2147483648
1072355127
2147483648
1069736113
2147483648
1072588556
3221225472
1072505622
3758096384
1071995746
3221225472
1071547872
1073741824
1071603204
2147483648
1071167015
1073741824
1072453105
1073741824
1072373683
3221225472
1069671189
2147483648
1072662050
1073741824
1071726434
3221225472
1070177199
2147483648
1071296333
3221225472
1072304883
536870912
1072195790
1073741824
1071122711
1073741824
1067633644
0
1071591535
1073741824
1070287167
0
1071964280
3758096384
1070657013
1073741824
1071320617
1073741824
1071872039
1073741824
1072256059
2684354560
1071628232
1073741824
1071196786
1073741824
1069240140
0
1068768060
0
1070565947
0
1070473118
0
1067574112
0
1072339622
1610612736
1072217871
536870912
1072368076
1610612736
1071991766
2684354560
1071090782
0
1072544222
2684354560
1072484136
3221225472
1069737678
0
1071874664
3758096384
1071358143
2147483648
1070010301
0
1072644726
0
1071461100
1073741824
1072693247
2684354560
28
