Uvec
2226355706
1071844416
3758096384
1072574390
3221225472
1071821082
3221225472
1070747157
0
1071289895
1073741824
1072153964
1610612736
1066715664
0
1072641047
3221225472
1071657155
1610612736
1071115559
3221225472
1068915534
0
1066733100
0
1071657959
2684354560
1071934764
2684354560
1068762019
0
1068082700
0
1071678244
0
1070894071
1073741824
1068610158
0
1071833008
1073741824
1071727614
2684354560
1071347467
1073741824
1071925644
536870912
1069965452
2147483648
1072491473
2147483648
1072201030
2684354560
1072670516
3758096384
1072632467
3221225472
1071291380
2147483648
1064054656
0
1072476423
3758096384
1067052716
0
1072147153
3758096384
1066793124
0
1072388189
0
1071941089
3221225472
1071948048
0
1072282846
2684354560
1072523670
3758096384
1070599348
2147483648
1067451790
0
1066483228
0
1070821091
2147483648
1072325226
1610612736
1071779799
3758096384
1072626007
2684354560
1071151976
2147483648
1069146196
0
1070994246
3221225472
1070868006
2147483648
1072267500
536870912
1071965998
3758096384
1071091181
0
1070636033
1073741824
1071648314
3221225472
1072562132
1610612736
1071782002
2147483648
1069794540
0
1072213996
3221225472
1069569931
0
1071862187
3221225472
1071055162
0
1071957374
3221225472
1068379348
0
1072197210
3758096384
1072094987
3758096384
1067359400
0
1071264114
1073741824
1067038600
0
1072616504
1610612736
1072084294
536870912
1072139671
2147483648
1070853834
0
1072690466
1610612736
1071759538
1610612736
1072121750
3221225472
1071496817
2147483648
1067926584
0
1071915620
2147483648
1072257594
1610612736
1072136634
2147483648
1066331704
0
1069310545
0
1070642835
0
1071565968
3221225472
1068706744
0
1072400713
2684354560
1070431769
2147483648
1071390935
2147483648
1071839310
3221225472
1070147405
0
1072073113
2684354560
1072465076
2684354560
1071866410
1073741824
1067319380
0
1070671603
2147483648
1070049038
0
1069062125
0
1071461100
1073741824
1072693247
2684354560
91
