Uvec
2226355706
1072591553
1073741824
1071862751
1073741824
1070023839
0
1069622925
0
1072123850
3221225472
1070561427
2147483648
1071713014
2684354560
1072462542
536870912
1071997617
1073741824
1072178877
2147483648
1069454705
0
1071719485
3221225472
1070733811
2147483648
1070844323
1073741824
1070613592
2147483648
1072100104
0
1072645762
3221225472
1070944907
3221225472
1072461427
3221225472
1072150538
3221225472
1069002316
0
1059513344
0
1069945707
2147483648
1072513539
0
1071186629
1073741824
1070935774
3221225472
1071377980
3221225472
1072497673
536870912
1068913860
0
1071074977
2147483648
1072008354
3758096384
1070764939
2147483648
1071745764
536870912
1072154133
1610612736
1068665448
0
1071674689
0
1072617403
1073741824
1067749882
0
1072012610
536870912
1071756803
536870912
1071700216
3221225472
1071345731
3221225472
1072570416
2147483648
1071196060
0
1070872440
1073741824
1072367081
1610612736
1070834915
0
1070213128
2147483648
1070799969
1073741824
1066418060
0
1070281033
0
1071426427
3221225472
1072280111
1610612736
1071726362
3758096384
1070651452
1073741824
1071442696
2147483648
1071705831
2147483648
1070824771
2147483648
1072514932
3221225472
1072232962
0
1068055634
0
1072279447
1610612736
1070936160
0
1070368930
0
1070807445
2147483648
1067464804
0
1071056533
3221225472
1069704655
2147483648
1072612477
536870912
1070673294
1073741824
1070676976
1073741824
1072315009
3221225472
1071977990
0
1071306114
2147483648
1072056711
3758096384
1072630814
3221225472
1071425439
1073741824
1072656774
2147483648
1066228168
0
1068122710
0
1072003425
3758096384
1072072475
3221225472
1069672603
2147483648
1070013156
2147483648
1068654192
0
1070757728
2147483648
1072152352
1073741824
1069170558
0
1072562036
3221225472
1070381554
0
1072200827
536870912
1072271055
1073741824
1072283880
3758096384
1072594031
1073741824
1071861537
1610612736
1071987397
2684354560
1070127746
0
1070301871
2147483648
1071461100
1073741824
1072693247
2684354560
17
