Uvec
2226355706
1070659223
3221225472
1072042020
3758096384
1072663510
2684354560
1067856558
0
1072568094
0
1072020309
536870912
1072245613
536870912
1072471002
2684354560
1071204313
2147483648
1072682094
3221225472
1072027074
1073741824
1068776026
0
1069894015
0
1072191905
0
1072329012
2684354560
1071161263
3221225472
1071108183
3221225472
1071826243
0
1071179364
3221225472
1071682597
2684354560
1071699593
1610612736
1072118532
2684354560
1071741364
3221225472
1068685528
0
1071830736
3221225472
1072628905
2684354560
1070821682
2147483648
1072656771
2684354560
1072550701
2684354560
1072521636
1073741824
1072630149
0
1066637236
0
1072220360
1610612736
1072163059
3221225472
1071758134
0
1069611340
2147483648
1072056432
2684354560
1070939303
1073741824
1072086416
2147483648
1071104643
2147483648
1072266008
1610612736
1071852156
2147483648
1071041683
0
1069042135
0
1070220643
0
1071589623
3221225472
1072548756
3221225472
1068662657
0
1072373524
2684354560
1072613441
0
1070658904
2147483648
1072284010
1610612736
1071092557
0
1070710912
3221225472
1072464395
1073741824
1072208164
3221225472
1071786115
536870912
1070944123
1073741824
1072435526
1610612736
1072444732
1610612736
1070750519
0
1071740190
1610612736
1070744916
1073741824
1068098602
0
1071514827
0
1072283190
1073741824
1072640615
2147483648
1072024164
1610612736
1072559941
1610612736
1069735655
0
1070393157
0
1072070639
536870912
1071710999
536870912
1071145996
2147483648
1072621473
1610612736
1068446646
0
1069697671
2147483648
1072573780
3758096384
1068881228
0
1070007109
0
1071970353
536870912
1072251657
3758096384
1072220439
536870912
1072566175
1073741824
1072469949
1610612736
1072321743
1610612736
1072186877
2684354560
1071160968
0
1070687970
3221225472
1070981921
3221225472
1071408637
0
1072178468
3221225472
1068212176
0
1071006537
0
1072464766
1073741824
1072388451
2684354560
1071206166
0
1069927011
2147483648
1071461100
1073741824
1072693247
2684354560
42
