Uvec
2226355706
1070775596
0
1070953664
2147483648
1072098349
2684354560
1070948351
3221225472
1070909218
0
1072204698
2147483648
1070868548
2147483648
1071148966
3221225472
1070637101
3221225472
1071374817
1073741824
1072526046
3758096384
1071169344
0
1072387465
0
1071792349
2684354560
1072388987
1073741824
1071988589
3221225472
1070966277
3221225472
1068015994
0
1068433322
0
1071810655
1073741824
1071686072
0
1072248529
3221225472
1072052730
1073741824
1072690843
1073741824
1071755497
3221225472
1070950193
1073741824
1072015672
536870912
1071995794
0
1070855599
2147483648
1072292686
3221225472
1072584899
1610612736
1071649142
2684354560
1069135739
0
1070734463
0
1072279008
3758096384
1071491167
0
1071980629
2684354560
1071320374
3221225472
1071668579
2684354560
1072313451
3221225472
1072529123
3758096384
1072281412
3221225472
1071994383
536870912
1072570859
3221225472
1072431987
1610612736
1070759681
1073741824
1072581265
3758096384
1070988897
2147483648
1071335054
3221225472
1069449703
0
1070426227
0
1071461005
2147483648
1071699526
1610612736
1071867600
2684354560
1072180416
2684354560
1072486951
3758096384
1070739113
3221225472
1072102260
3221225472
1071909062
1610612736
1069756437
0
1068204506
0
1068046792
0
1072257756
1610612736
1072245353
3758096384
1071603804
1073741824
1072129839
1073741824
1072345582
1610612736
1072429354
3221225472
1071698317
1073741824
1071271277
0
1070828784
1073741824
1071676364
1073741824
1070125379
0
1071569795
1073741824
1072077743
2684354560
1070061301
0
1072671130
2684354560
1071082019
2147483648
1071496536
2147483648
1072246311
2684354560
1067289312
0
1070636232
3221225472
1071466259
2147483648
1072116968
0
1071626864
0
1071984862
1073741824
1069978075
2147483648
1069737630
0
1071253435
0
1072422820
3221225472
1069837270
2147483648
1072550159
3758096384
1070605029
2147483648
1072307197
1073741824
1066172912
0
1071714674
2684354560
1072165369
3221225472
1071065121
3221225472
1071461100
1073741824
1072693247
2684354560
46
