Uvec
2226355706
1068868103
0
1071688708
536870912
1070409400
2147483648
1069753564
0
1071749856
1073741824
1072620450
1610612736
1071031877
1073741824
1069141867
0
1071147432
2147483648
1069736644
0
1072265486
1610612736
1071004724
2147483648
1072528382
536870912
1071682938
2147483648
1071149102
1073741824
1070485483
2147483648
1072276330
2147483648
1071809823
2147483648
1072303335
3221225472
1071861011
3221225472
1069672842
0
1069824495
0
1072166521
3758096384
1071789357
536870912
1072376680
1073741824
1072286950
536870912
1071726363
3221225472
1070144707
2147483648
1071761067
0
1071242354
2147483648
1069899937
0
1071263661
0
1068765072
0
1070914468
0
1072357043
3221225472
1072500977
2147483648
1068658543
0
1072615657
3758096384
1070415152
0
1069721834
0
1072224365
1610612736
1072414636
2684354560
1071686547
1610612736
1070968301
0
1072010414
2147483648
1072491539
536870912
1072121561
1073741824
1070495858
0
1072012720
3221225472
1072615234
2147483648
1072552661
2147483648
1070149570
2147483648
1070050745
0
1072209727
2684354560
1071932332
0
1072428357
3758096384
1072655634
1610612736
1071309868
2147483648
1071731064
0
1070365846
2147483648
1070047440
2147483648
1067782714
0
1070167877
0
1071823847
2684354560
1071340148
3221225472
1070786626
3221225472
1068597018
0
1071492607
3221225472
1069148664
0
1072457802
2147483648
1068615934
0
1070039646
0
1072431496
0
1072340166
2684354560
1063009664
0
1072045825
1073741824
1070798430
2147483648
1071713333
1610612736
1070811792
2147483648
1072486805
1610612736
1072275824
2684354560
1071193723
1073741824
1072488984
1610612736
1072554604
3221225472
1072668634
2147483648
1072460942
3221225472
1072215719
2147483648
1071603502
0
1072298440
2147483648
1071400447
1073741824
1072158507
1610612736
1071942431
3221225472
1071276905
2147483648
1070903045
3221225472
1067003908
0
1072234674
3221225472
1061955712
0
1070746596
1073741824
1071461100
1073741824
1072693247
2684354560
46
