Uvec
2226355706
1072315111
2684354560
1072307909
1073741824
1069554722
2147483648
1072454423
1073741824
1071904089
1073741824
1072265279
3758096384
1071509439
2147483648
1071377951
0
1071417200
2147483648
1070600998
3221225472
1072306197
1610612736
1072405141
3221225472
1072691649
1610612736
1070596520
1073741824
1071858700
1073741824
1069930556
0
1072447166
2684354560
1071131501
0
1071676838
536870912
1071653469
1073741824
1071947337
536870912
1069922698
0
1068629725
0
1072522680
3758096384
1070061137
2147483648
1068414588
0
1070592157
2147483648
1070830145
1073741824
1072683864
1073741824
1071877662
536870912
1071953298
1610612736
1071137267
2147483648
1070567250
2147483648
1071350993
1073741824
1072487630
3221225472
1071927524
1073741824
1072182918
536870912
1068967685
0
1068413918
0
1071672267
0
1070021843
0
1072594797
1610612736
1069418571
0
1071104715
3221225472
1072631544
1610612736
1072629730
2147483648
1072462356
536870912
1071684026
1073741824
1071480993
3221225472
1072041099
3758096384
1070834654
1073741824
1072144812
2684354560
1071645985
3758096384
1071949522
1610612736
1071711916
0
1072200185
2684354560
1072631175
1073741824
1069201871
0
1072364334
0
1066467384
0
1072120258
0
1072368724
3221225472
1071421617
0
1072693145
1610612736
1067604130
0
1071854271
2147483648
1071247164
0
1071778819
2147483648
1071673999
2147483648
1072589696
3758096384
1071569975
0
1072353913
0
1070069079
0
1070804432
1073741824
1071919811
2684354560
1071540638
0
1069903024
0
1072205890
3221225472
1072566508
1610612736
1070431678
2147483648
1072366639
3758096384
1071814815
3758096384
1069870637
0
1071721850
536870912
1072522857
2684354560
1070733492
3221225472
1071052475
3221225472
1070947748
2147483648
1068953108
0
1071767370
536870912
1072515747
1073741824
1070206495
2147483648
1069750736
2147483648
1068335320
0
1069669258
2147483648
1069223368
0
1072277843
1610612736
1060408320
0
1071461100
1073741824
1072693247
2684354560
67
