Uvec
2226355706
1072519440
1610612736
1071161088
3221225472
1072513413
2684354560
1068009052
0
1069257580
0
1072489628
2684354560
1070822701
3221225472
1071805627
2684354560
1071680287
3221225472
1072595348
536870912
1072600453
536870912
1071368003
1073741824
1072296647
3758096384
1072575169
0
1071978113
3221225472
1067640764
0
1071738886
3221225472
1071661444
3758096384
1070086276
2147483648
1072200328
1073741824
1069350945
0
1072134266
0
1072223330
1610612736
1071966692
0
1072327100
2684354560
1071864419
1610612736
1071049302
3221225472
1069015448
0
1068600956
0
1070288460
2147483648
1072214098
536870912
1071767948
536870912
1072485862
3758096384
1071672059
0
1071526859
3221225472
1072633885
536870912
1071720222
536870912
1071475798
0
1071239326
2147483648
1071125225
3221225472
1070608741
0
1072534065
3221225472
1071263374
0
1070150389
2147483648
1070371866
0
1072595580
3758096384
1072380580
2684354560
1068519795
0
1070026072
0
1070344286
2147483648
1072691935
2684354560
1072079659
2684354560
1072103599
0
1071763535
2147483648
1072160238
0
1070161468
0
1072048442
0
1072161018
3221225472
1071503575
1073741824
1071227814
1073741824
1072125739
0
1072662938
1610612736
1071787924
1073741824
1070217404
2147483648
1070628079
2147483648
1071516079
2147483648
1067276984
0
1072186430
3221225472
1072152082
0
1071438178
2147483648
1071675643
3758096384
1071684769
0
1072041294
3221225472
1071996055
536870912
1071615812
1073741824
1071704597
536870912
1072392609
2684354560
1071863896
1073741824
1070779349
3221225472
1072606854
3221225472
1072323431
536870912
1071753804
2147483648
1071941829
2147483648
1072064151
1610612736
1071805053
3221225472
1070220282
0
1071771125
536870912
1070601507
1073741824
1071777135
3758096384
1071596124
0
1070706343
2147483648
1067228324
0
1072503401
2684354560
1067615970
0
1072464375
1610612736
1072299152
536870912
1070884110
1073741824
1070865855
3221225472
1071461100
1073741824
1072693247
2684354560
45
