Uvec
2226355706
1071222184
1073741824
1071114104
0
1072410769
3221225472
1071715429
1073741824
1070984527
3221225472
1072427656
2684354560
1071795732
2684354560
1070467744
2147483648
1068668638
0
1070714781
1073741824
1072328947
536870912
1069662175
0
1069757601
0
1072308076
1610612736
1072134817
2147483648
1072446357
536870912
1071431789
3221225472
1072447744
2147483648
1071119665
2147483648
1071493097
3221225472
1072230337
1610612736
1071672138
3758096384
1072582294
3221225472
1071991055
3758096384
1070089507
2147483648
1072632563
536870912
1072691380
3221225472
1072499615
536870912
1071924723
1073741824
1072204729
2147483648
1072256548
2684354560
1068908647
0
1067472110
0
1072325567
2684354560
1072339141
2147483648
1068718622
0
1071762145
1610612736
1072371672
0
1071577254
0
1067593236
0
1071009140
3221225472
1071764155
2147483648
1070221549
2147483648
1072224444
536870912
1072331308
536870912
1070624531
3221225472
1072671546
1610612736
1069984339
2147483648
1070362073
2147483648
1072578178
1610612736
1072408026
1610612736
1072685886
0
1069113833
0
1070314061
0
1071665896
0
1071216119
1073741824
1066597700
0
1071829059
2147483648
1071866048
1610612736
1068368698
0
1070920982
3221225472
1072045204
3758096384
1072653708
2684354560
1071891771
2684354560
1071264665
0
1071779964
1073741824
1069254463
0
1069215631
0
1072429832
536870912
1072572865
536870912
1069998915
2147483648
1072692778
1610612736
1072656357
1073741824
1072374496
2147483648
1072489048
536870912
1071166718
1073741824
1072363006
3758096384
1070235167
2147483648
1071772035
0
1071503424
3221225472
1070708655
1073741824
1072059050
3758096384
1072532291
0
1072692567
3758096384
1069685380
2147483648
1072131964
536870912
1071227192
0
1070873208
1073741824
1070235042
2147483648
1072314257
536870912
1066398632
0
1069825672
2147483648
1071958485
2147483648
1072349363
1073741824
1070756076
1073741824
1070319946
0
1072081340
2147483648
1070550822
0
1071461100
1073741824
1072693247
2684354560
2
