Uvec
2226355706
1071413726
3221225472
1072136536
1073741824
1070796283
0
1072458390
3221225472
1072434897
3758096384
1069789754
2147483648
1071262629
2147483648
1072420508
2684354560
1071776537
3221225472
1072078746
1610612736
1072672186
0
1071573635
3221225472
1069728641
2147483648
1072232196
3221225472
1067756000
0
1070861349
2147483648
1071971441
3221225472
1070705763
1073741824
1072565672
2147483648
1071366207
2147483648
1071750040
3758096384
1072604313
2147483648
1070137824
0
1072496364
1073741824
1069734029
0
1070828444
3221225472
1066902436
0
1070879314
1073741824
1072538241
2684354560
1071795424
536870912
1071906984
0
1071962865
0
1071513707
1073741824
1068385192
0
1070939399
2147483648
1067759342
0
1072479067
2684354560
1071699106
1073741824
1071664267
1610612736
1072458433
0
1072261707
1610612736
1071267603
3221225472
1071657790
2684354560
1070279201
0
1072585424
2147483648
1069996930
2147483648
1071936387
3758096384
1072400498
2147483648
1072243383
0
1071289492
2147483648
1071694658
2147483648
1071738576
2147483648
1071476508
2147483648
1071725051
2147483648
1072245643
3221225472
1070779793
0
1069087292
0
1071974250
0
1070303464
0
1072176773
2147483648
1071688047
1610612736
1072627023
0
1072287608
3221225472
1070610518
0
1072482157
0
1070896438
0
1070955799
0
1072159951
1610612736
1070036613
2147483648
1068509846
0
1072232955
536870912
1071045774
3221225472
1071333416
0
1071141766
1073741824
1072213838
2684354560
1063637664
0
1071881822
2684354560
1071503154
1073741824
1070922208
2147483648
1070697915
2147483648
1071898656
1073741824
1070701497
2147483648
1071195388
2147483648
1071776153
2684354560
1070313046
0
1072234595
3758096384
1072399850
3221225472
1071156269
1073741824
1069952475
2147483648
1072484923
2147483648
1072249842
2684354560
1072482397
1073741824
1070715639
0
1071916610
1610612736
1070166677
0
1071232627
2147483648
1070165668
0
1070628053
0
1071461100
1073741824
1072693247
2684354560
11
