Uvec
2226355706
1072273228
3221225472
1065556976
0
1071693951
3221225472
1066793340
0
1071549445
3221225472
1072620145
536870912
1071134374
0
1072530877
2147483648
1071828691
1610612736
1071799326
0
1070681058
2147483648
1067776692
0
1071490137
2147483648
1072173573
1073741824
1071580721
0
1070782198
1073741824
1072151240
2147483648
1066034832
0
1071874673
536870912
1071235661
0
1072087151
1073741824
1071803956
1073741824
1069736636
2147483648
1069708263
0
1070033431
0
1072577784
1073741824
1070840739
2147483648
1071260971
2147483648
1071765516
1073741824
1071660184
1073741824
1072606258
536870912
1068875497
0
1069774535
2147483648
1069861787
2147483648
1072141718
2684354560
1071734184
2147483648
1070868634
1073741824
1072292351
536870912
1070147087
0
1072075959
2684354560
1068973252
0
1072646846
1610612736
1068890537
0
1068817282
0
1070614590
1073741824
1072560820
0
1070990268
0
1072242959
536870912
1070775274
1073741824
1071756873
1073741824
1071929456
2684354560
1070747870
0
1072571325
3221225472
1072011538
3758096384
1071769280
1610612736
1070131322
0
1072158066
2147483648
1071253293
0
1072361931
2684354560
1071183400
1073741824
1070732385
2147483648
1071645802
3221225472
1071378052
1073741824
1072692428
536870912
1071463239
0
1072208527
536870912
1069975091
2147483648
1069822993
0
1072174510
3758096384
1069894256
0
1071473653
3221225472
1072601631
1610612736
1071712725
3221225472
1071913384
1073741824
1070073163
2147483648
1071589887
1073741824
1068811434
0
1067162392
0
1070560683
0
1069902928
0
1072263245
0
1069475858
0
1070600884
3221225472
1068641152
0
1072593621
1610612736
1068237652
0
1070738030
1073741824
1071682209
3758096384
1072377001
3221225472
1072294996
0
1070901445
2147483648
1070823733
3221225472
1069471489
0
1072685272
1073741824
1072548797
3758096384
1071674986
0
1072367202
2147483648
1067849328
0
1071461100
1073741824
1072693247
2684354560
52
