Uvec
2226355706
1067750608
0
1072359665
1073741824
1070984507
1073741824
1069746573
2147483648
1072161561
2684354560
1070842683
3221225472
1065788400
0
1070999716
0
1071894924
1610612736
1069826635
0
1069882682
2147483648
1071827793
2147483648
1072148778
2147483648
1067762608
0
1071277178
2147483648
1067399144
0
1071522615
3221225472
1072635158
2147483648
1072496896
2684354560
1070178926
2147483648
1068567749
0
1072030990
3758096384
1071985092
2684354560
1071048383
1073741824
1072102650
536870912
1070798323
1073741824
1071870696
3221225472
1070560271
2147483648
1070451928
0
1071698496
3221225472
1070808108
2147483648
1070349366
2147483648
1066885328
0
1071977082
3221225472
1071645707
1610612736
1068309924
0
1072386331
2684354560
1071764053
3758096384
1071957507
0
1071859268
2684354560
1071180431
3221225472
1072321069
3221225472
1072045769
1073741824
1071448335
1073741824
1071178391
0
1070818307
1073741824
1071980815
0
1071142044
3221225472
1071714908
2684354560
1069949659
0
1071064789
2147483648
1067203580
0
1072073618
3221225472
1072419753
1610612736
1072184125
3221225472
1070621035
1073741824
1072514925
3221225472
1072424075
1073741824
1068083768
0
1072314788
536870912
1070839627
1073741824
1071195979
0
1070937456
3221225472
1071633156
1073741824
1067470594
0
1072619852
2147483648
1071721824
2147483648
1072198625
536870912
1070115385
0
1071682660
0
1072512778
3758096384
1069121870
0
1071866842
3221225472
1071447092
1073741824
1070990662
2147483648
1072086143
3221225472
1069423178
0
1068954229
0
1071236949
3221225472
1071174912
3221225472
1072026687
2147483648
1070073562
0
1070132604
2147483648
1072294323
536870912
1072692593
3758096384
1070767223
2147483648
1068142544
0
1066908072
0
1070805368
3221225472
1071281776
3221225472
1072192617
536870912
1069647941
2147483648
1071829287
1073741824
1072298016
2147483648
1070915457
0
1070740892
3221225472
1071124742
0
1071391706
2147483648
1071461100
1073741824
1072693247
2684354560
52
