Uvec
2226355706
1071132669
0
1072573304
536870912
1069941442
2147483648
1071238791
2147483648
1070419094
0
1070832411
0
1068866274
0
1071840935
0
1071916722
1610612736
1070905808
2147483648
1071645397
1073741824
1071882467
3221225472
1072123715
3221225472
1072369598
0
1072476078
536870912
1070613946
1073741824
1072024708
1610612736
1071895134
1073741824
1072446965
2684354560
1071066939
2147483648
1071403682
3221225472
1069664400
2147483648
1071053002
0
1069828794
0
1070670765
2147483648
1072004475
3221225472
1072258279
2147483648
1070400054
0
1072341083
2684354560
1070899062
2147483648
1068613172
0
1071535260
0
1072396441
3758096384
1072193697
1073741824
1072575101
0
1068332316
0
1070430644
0
1071163694
0
1070931958
3221225472
1072276972
1073741824
1072477438
536870912
1071264308
3221225472
1071151486
3221225472
1071993535
1610612736
1072104253
2684354560
1072672590
1073741824
1066097680
0
1072313307
0
1072199342
3221225472
1072075972
1073741824
1071787891
536870912
1068794555
0
1072653169
2684354560
1071713375
2684354560
1069159253
0
1068696004
0
1069833370
2147483648
1072471749
2684354560
1072625740
2684354560
1070950520
0
1069856186
0
1071298811
2147483648
1071092640
0
1067888396
0
1069619441
2147483648
1069179259
0
1072518425
3758096384
1072632011
2684354560
1072006160
3221225472
1072120008
536870912
1071840664
536870912
1072061796
2147483648
1070498786
0
1070861194
1073741824
1070776036
3221225472
1072636975
1610612736
1072440970
3758096384
1070274343
0
1071655347
2147483648
1071439020
1073741824
1071814442
1610612736
1070826348
2147483648
1072313400
0
1072375810
3758096384
1070663098
1073741824
1072444847
1073741824
1071759355
536870912
1071385390
3221225472
1070518425
2147483648
1068673103
0
1071817137
1073741824
1069261379
0
1072608373
536870912
1071750043
0
1071746183
1610612736
1071425559
0
1070747194
3221225472
1070914849
3221225472
1071461100
1073741824
1072693247
2684354560
43
