Uvec
2226355706
1071921719
1073741824
1066951188
0
1069725534
2147483648
1070746909
3221225472
1070356656
2147483648
1069142012
0
1071709153
536870912
1069590618
2147483648
1070112713
2147483648
1072378997
0
1071322853
0
1071660749
1073741824
1071192804
1073741824
1070626422
3221225472
1072643932
3221225472
1071977047
2147483648
1072158508
2684354560
1072640691
3221225472
1070690015
1073741824
1067381088
0
1068566891
0
1071504661
0
1072030422
536870912
1070765141
1073741824
1071359278
1073741824
1071721767
1073741824
1072537049
3758096384
1067910730
0
1070991872
0
1071564681
3221225472
1071687284
2684354560
1072055969
3758096384
1072429488
1073741824
1071680829
2684354560
1072032000
1073741824
1071229942
3221225472
1071645461
2684354560
1072339763
2684354560
1072503159
2684354560
1066917600
0
1072515157
1610612736
1072160146
3758096384
1070321696
2147483648
1068521901
0
1071841526
2684354560
1072367055
3221225472
1071444095
2147483648
1071241338
0
1070799667
0
1070657096
2147483648
1072288658
1073741824
1070612210
2147483648
1072332193
2147483648
1071770000
3758096384
1071708285
0
1066409932
0
1071482390
2147483648
1070745590
2147483648
1070725986
1073741824
1070816017
0
1069013977
0
1069864291
2147483648
1072176172
2684354560
1064607904
0
1072541987
2684354560
1070462022
2147483648
1071887848
0
1072071886
2147483648
1072022208
3221225472
1071808752
536870912
1072426473
3758096384
1072301994
0
1072239493
3221225472
1071349713
2147483648
1072692973
0
1068661767
0
1070822349
1073741824
1068812708
0
1070788170
1073741824
1072441742
1073741824
1071593637
0
1069789644
0
1072541682
536870912
1072113953
536870912
1071455280
3221225472
1070818779
0
1071477655
2147483648
1072163325
3758096384
1072156909
1073741824
1072198433
536870912
1072185662
3221225472
1069311371
0
1070864756
2147483648
1070447064
2147483648
1070944161
0
1071689158
2684354560
1072223179
1610612736
1071033787
2147483648
1071461100
1073741824
1072693247
2684354560
59
