Uvec
2226355706
1072296596
3758096384
1070652952
1073741824
1072203231
1073741824
1072386002
2147483648
1070416993
2147483648
1070085953
0
1069533789
0
1072453091
536870912
1068144028
0
1070353612
0
1072298735
0
1069936420
0
1072261947
2684354560
1070814282
2147483648
1072043994
1073741824
1068895496
0
1071213774
1073741824
1070030038
2147483648
1071751545
536870912
1071398065
2147483648
1071465187
2147483648
1071286538
1073741824
1067777902
0
1072253405
1610612736
1072432284
536870912
1071121952
3221225472
1071118708
3221225472
1071562041
0
1070966454
2147483648
1070116703
0
1070745484
2147483648
1069387095
0
1066881584
0
1072035845
1073741824
1072103710
3758096384
1072343436
3221225472
1071961278
2147483648
1072592992
1073741824
1071199390
2147483648
1071129683
1073741824
1071730009
1073741824
1066046824
0
1066867048
0
1071934040
1610612736
1071417880
3221225472
1071006931
1073741824
1072246436
2147483648
1071975148
3221225472
1071769106
3221225472
1071852886
1073741824
1072605067
536870912
1066784372
0
1072057494
1073741824
1072047361
2684354560
1072463593
536870912
1070808071
1073741824
1071689967
536870912
1071613164
3221225472
1072156298
1073741824
1072417648
2147483648
1071244461
1073741824
1071796772
1610612736
1069418096
0
1070936472
1073741824
1068243858
0
1067335956
0
1071661225
536870912
1071717129
2147483648
1071204812
0
1070811147
3221225472
1071884715
1610612736
1070807707
0
1070058258
2147483648
1071635346
1073741824
1072309337
2684354560
1071827564
536870912
1072638361
0
1072073330
0
1072297565
3758096384
1072071660
3221225472
1071956284
3758096384
1069821621
0
1070716963
0
1072202139
2684354560
1072501993
536870912
1072062418
2684354560
1072339990
3221225472
1072097327
3758096384
1071896182
536870912
1072509959
2684354560
1070821390
2147483648
1071332819
3221225472
1070914597
0
1071742335
0
1071924162
1610612736
1070162408
2147483648
1072585027
1610612736
1072022961
0
1071461100
1073741824
1072693247
2684354560
95
