Uvec
2226355706
1067904820
0
1069685860
2147483648
1070993441
0
1070035818
0
1071687177
2147483648
1072289814
3758096384
1071266170
0
1069985814
0
1071738946
0
1069792188
2147483648
1068505746
0
1071476652
0
1069248546
0
1071799350
1610612736
1072228532
2684354560
1070192420
2147483648
1072317941
0
1072546366
3758096384
1071519391
2147483648
1071861501
1073741824
1070867963
1073741824
1072645676
0
1071260167
2147483648
1072243522
1073741824
1072446034
1073741824
1072217924
3221225472
1071412814
3221225472
1072621803
0
1071935339
0
1071110969
3221225472
1072058870
2147483648
1070161699
0
1071039076
2147483648
1071005884
1073741824
1071540375
3221225472
1070343293
0
1071150774
1073741824
1072012661
1610612736
1070175402
2147483648
1071116280
1073741824
1071380229
3221225472
1071971872
0
1069363972
0
1072161591
3221225472
1072199926
1610612736
1072426111
1073741824
1070428735
2147483648
1070990419
1073741824
1070579061
2147483648
1070254192
0
1072654687
3758096384
1072473024
536870912
1067768134
0
1071596550
1073741824
1071568523
3221225472
1071864431
536870912
1071311676
3221225472
1070363293
0
1068237110
0
1069288817
0
1072105344
2684354560
1069171008
0
1071705681
2684354560
1072557077
3221225472
1072684806
2684354560
1072021448
3221225472
1071638607
2147483648
1068222940
0
1072586916
1073741824
1072204088
1073741824
1071736698
3758096384
1071031830
0
1069744015
0
1071841259
2147483648
1070990517
0
1072554325
536870912
1072072960
3758096384
1072582601
1073741824
1070847526
0
1070277488
0
1070182669
0
1071206181
2147483648
1066767024
0
1069646237
2147483648
1071905787
3758096384
1066645764
0
1069995782
0
1071335116
1073741824
1071779437
2684354560
1071791543
2684354560
1072090185
1073741824
1072509301
3221225472
1070951228
2147483648
1071320824
1073741824
1072334782
536870912
1071247700
3221225472
1071694769
2684354560
1072473641
1073741824
1071461100
1073741824
1072693247
2684354560
15
