Uvec
2226355706
1071308598
2147483648
1071870169
1073741824
1072225774
3221225472
1072192171
1073741824
1070920687
0
1072588747
1610612736
1072543081
3221225472
1071023265
1073741824
1069619558
0
1072157640
0
1071945998
536870912
1072234559
536870912
1072667235
1073741824
1072410783
1610612736
1072676463
3221225472
1072132706
1610612736
1067511804
0
1072590510
2147483648
1072536783
536870912
1069583905
2147483648
1070709972
2147483648
1070020740
0
1071393908
3221225472
1072251057
0
1071389128
0
1072103876
2147483648
1071994811
3221225472
1072591464
536870912
1070031614
2147483648
1069992124
2147483648
1072288691
1073741824
1072211825
3758096384
1069215190
0
1072250269
2147483648
1071767092
2147483648
1070480469
2147483648
1071925516
2684354560
1071356058
2147483648
1072656006
2147483648
1072551468
0
1071381327
3221225472
1070759968
3221225472
1072415196
3221225472
1072467156
536870912
1070487661
0
1072495353
1073741824
1066815592
0
1069843016
2147483648
1070935520
2147483648
1071181873
1073741824
1071107670
1073741824
1069951740
2147483648
1072471247
536870912
1071817970
1073741824
1070255752
0
1071713316
3758096384
1071976691
2684354560
1071753153
3221225472
1072626193
536870912
1072051420
1610612736
1070250686
2147483648
1072036977
2684354560
1072342992
2147483648
1070399626
0
1071215331
1073741824
1071104278
0
1071340086
0
1071834088
3758096384
1070315973
0
1071661769
0
1071877121
1073741824
1071737351
1610612736
1072238275
1610612736
1070710023
0
1072315847
0
1071239740
0
1069958021
2147483648
1069066811
0
1071645328
3221225472
1072420026
536870912
1069287409
0
1072457801
3221225472
1072656239
0
1068701535
0
1071879552
0
1072402585
0
1068204072
0
1072340357
536870912
1070093636
0
1071928683
2684354560
1072374508
536870912
1071823717
0
1069454715
0
1071948271
2684354560
1072515241
1610612736
1072109260
1073741824
1072506079
1610612736
1070112632
0
1071461100
1073741824
1072693247
2684354560
77
