Uvec
2226355706
1072210807
3221225472
1069466196
0
1067035724
0
1069448384
0
1070621231
0
1072060829
536870912
1071862835
3758096384
1070964036
1073741824
1071996468
3221225472
1069599718
2147483648
1072628375
536870912
1072323085
1610612736
1067094544
0
1071664364
0
1068089822
0
1071283938
1073741824
1071377134
1073741824
1071588540
0
1071111155
2147483648
1072215061
1610612736
1071697775
1073741824
1072094527
1610612736
1071714064
536870912
1071444040
0
1070516277
0
1071534320
3221225472
1072400937
3221225472
1071245783
1073741824
1070873896
1073741824
1072218825
1073741824
1070558487
2147483648
1070744186
1073741824
1071280579
1073741824
1072415866
2147483648
1071936467
2147483648
1072428723
1610612736
1072208287
2684354560
1071964225
3758096384
1071748153
0
1069993463
0
1070469091
2147483648
1072611966
1073741824
1068800824
0
1072367611
536870912
1070564111
0
1071906185
1610612736
1070381691
0
1071967265
1073741824
1069992760
0
1072108955
3221225472
1072138665
3221225472
1072640765
1073741824
1068174828
0
1069254473
0
1070937155
2147483648
1069507061
0
1062230976
0
1068969064
0
1069261196
0
1068654165
0
1071813763
2684354560
1070323670
0
1070880711
0
1070946540
0
1066732580
0
1071838913
3221225472
1070225358
0
1070827241
2147483648
1066373776
0
1070221276
0
1071802021
1610612736
1072608434
1610612736
1072289443
2147483648
1070542080
2147483648
1070517707
2147483648
1069636517
0
1069346865
0
1071611681
2147483648
1071200662
2147483648
1068228684
0
1072073167
3221225472
1070724362
3221225472
1068728120
0
1071189014
3221225472
1071678012
1073741824
1069551446
2147483648
1069616828
2147483648
1068967015
0
1071838728
3758096384
1071892695
1073741824
1066264072
0
1067909150
0
1072505349
2147483648
1071794033
2684354560
1072528342
2684354560
1071744752
1610612736
1072045141
1073741824
1071269833
1073741824
1071461100
1073741824
1072693247
2684354560
58
