Uvec
2226355706
1071871203
2147483648
1072368688
0
1071726874
3758096384
1070680370
3221225472
1071645724
3758096384
1071411890
2147483648
1066160536
0
1071370326
3221225472
1072251802
3758096384
1071016664
1073741824
1071965457
2684354560
1070471439
2147483648
1071730312
1073741824
1072597787
3758096384
1069624261
0
1070792450
1073741824
1071810555
3758096384
1071098660
1073741824
1071914905
2147483648
1070221660
2147483648
1071557025
2147483648
1072011665
1610612736
1072664567
2147483648
1070583869
2147483648
1069156266
0
1066786808
0
1071961590
3758096384
1072525370
2684354560
1068368830
0
1070806227
1073741824
1070901864
2147483648
1070022271
2147483648
1069151457
0
1072038628
3221225472
1070527688
2147483648
1064226720
0
1071368113
2147483648
1071585757
0
1072503305
3758096384
1072052647
0
1068659510
0
1068420508
0
1071484290
0
1070587607
0
1069274074
0
1071518999
0
1070811181
2147483648
1071646501
3758096384
1071576319
3221225472
1072675524
3758096384
1071208355
2147483648
1069774162
2147483648
1071160124
2147483648
1070655671
1073741824
1071365758
0
1069516978
0
1072684018
1073741824
1068753166
0
1071702288
536870912
1071724949
1610612736
1071539931
2147483648
1069088317
0
1071875809
2147483648
1072004438
1610612736
1069777969
2147483648
1072394883
2684354560
1072375517
3758096384
1071068272
0
1072483921
536870912
1071163080
0
1069653662
2147483648
1072589128
3221225472
1072656653
3221225472
1071698885
3758096384
1072520580
2147483648
1071954630
3221225472
1071529732
0
1072496563
3221225472
1071762693
0
1069007024
0
1072000145
2684354560
1072294164
2147483648
1072593730
3758096384
1072523603
1610612736
1069699277
2147483648
1067083460
0
1068306196
0
1071324483
2147483648
1071877885
1610612736
1070111744
2147483648
1072667643
2147483648
1072041387
3758096384
1072067695
3758096384
1070945445
1073741824
1070653171
1073741824
1071089240
2147483648
1066553116
0
1071670010
536870912
1071461100
1073741824
1072693247
2684354560
53
