Uvec
2226355706
1072344613
3221225472
1071099161
1073741824
1072396230
1610612736
1070072201
2147483648
1072034819
2147483648
1071361965
3221225472
1072335149
3758096384
1071968620
2684354560
1070435162
0
1069693547
2147483648
1071466287
2147483648
1070694631
3221225472
1070205367
2147483648
1072222198
1610612736
1072346462
536870912
1072690202
1073741824
1070838667
0
1070159001
0
1072376747
536870912
1071527521
0
1071130475
0
1071136025
0
1072270456
2684354560
1071881988
1073741824
1070875934
0
1069804795
2147483648
1071141942
3221225472
1072564272
1610612736
1070166738
2147483648
1072626838
1073741824
1072539846
1073741824
1072234777
3221225472
1072010780
2684354560
1070883216
3221225472
1071680850
2147483648
1069585256
2147483648
1069641149
2147483648
1068174448
0
1069149699
0
1071387774
1073741824
1072368964
2684354560
1071787958
1610612736
1071023124
0
1065714056
0
1071446339
0
1072172663
536870912
1071783659
1610612736
1068164888
0
1070453766
0
1071945368
3221225472
1071974836
3221225472
1071910189
1610612736
1071928806
536870912
1067992820
0
1071583399
3221225472
1071968185
3221225472
1068648892
0
1071291013
0
1069543769
0
1072412027
2684354560
1061687936
0
1068923215
0
1070246424
0
1071031602
1073741824
1072142036
1610612736
1070972374
3221225472
1071963141
3758096384
1072414731
2684354560
1067917390
0
1072271242
1073741824
1072646278
3758096384
1072427458
1073741824
1068903451
0
1070098168
2147483648
1071737592
536870912
1064123232
0
1072480862
1073741824
1071114613
0
1072353570
1610612736
1072486216
3221225472
1071658150
3221225472
1070283315
2147483648
1069918469
0
1070734362
3221225472
1070846060
1073741824
1070678495
1073741824
1070049722
0
1072481382
536870912
1071939264
3221225472
1071821214
536870912
1071969193
2684354560
1071187981
1073741824
1072258982
2684354560
1071133064
0
1071934715
1610612736
1070867581
3221225472
1071010413
2147483648
1072661535
1073741824
1071461100
1073741824
1072693247
2684354560
48
