Uvec
2226355706
1071365938
0
1069331948
0
1071460610
0
1071220894
3221225472
1072252557
1073741824
1069636846
2147483648
1065046304
0
1070780741
1073741824
1071092098
3221225472
1072110983
2147483648
1071666547
1073741824
1072287307
2684354560
1066858992
0
1072225699
536870912
1069392101
0
1072612838
2147483648
1072131598
3221225472
1071327811
3221225472
1070844042
3221225472
1072576218
1073741824
1071825594
2684354560
1072523050
3221225472
1068779826
0
1072402341
1073741824
1070636352
0
1072160904
2147483648
1069964570
0
1072390986
2147483648
1071639718
1073741824
1072383351
2684354560
1072201612
1610612736
1072151527
1073741824
1069781816
0
1071580098
2147483648
1072643662
536870912
1071905517
1073741824
1071129455
2147483648
1071233242
1073741824
1072165550
0
1070984830
1073741824
1072197526
1610612736
1072402575
3221225472
1070845519
1073741824
1072664692
3758096384
1072151903
2147483648
1071940206
536870912
1069618446
0
1072573003
536870912
1071655416
536870912
1072594816
2684354560
1072222737
3221225472
1068179556
0
1068789992
0
1069496847
0
1072671259
3758096384
1072120335
2684354560
1068544982
0
1071989048
3758096384
1070078220
2147483648
1071486813
3221225472
1072400873
3758096384
1072625299
1610612736
1070605964
0
1071609082
0
1066969084
0
1072568568
2147483648
1070885515
2147483648
1066047440
0
1068636184
0
1065536224
0
1072069975
0
1071953923
2147483648
1072028319
0
1069688203
0
1072592709
1073741824
1071219823
1073741824
1071577941
1073741824
1070433327
2147483648
1072049606
2684354560
1072367136
3758096384
1072579871
536870912
1070909361
3221225472
1070748201
1073741824
1071742529
0
1072577883
3758096384
1071963578
2684354560
1066992552
0
1071701799
3758096384
1072391827
3758096384
1069868297
0
1071071008
0
1072604744
3758096384
1070688003
0
1072097801
2147483648
1069882790
2147483648
1071696161
3758096384
1072373040
536870912
1072658570
2147483648
1071461100
1073741824
1072693247
2684354560
26
