Uvec
2226355706
1070972141
0
1070138736
2147483648
1072495295
3758096384
1070519132
0
1070951200
3221225472
1071903937
0
1070916840
3221225472
1067651714
0
1071193181
1073741824
1071468425
1073741824
1070846813
3221225472
1071800448
536870912
1072648542
0
1071284400
3221225472
1071492372
1073741824
1071576045
3221225472
1072600608
2684354560
1071913154
0
1072596793
2684354560
1069628866
2147483648
1072507530
1073741824
1072540954
0
1071786708
536870912
1070643880
1073741824
1069597247
0
1068869348
0
1069049688
0
1071428657
0
1072141291
2147483648
1067302092
0
1071702530
2147483648
1071667471
536870912
1070999642
2147483648
1068888197
0
1072231381
2684354560
1072133467
3758096384
1071305503
1073741824
1067393264
0
1070653237
0
1070873409
2147483648
1072108201
3758096384
1072520343
1610612736
1072593247
536870912
1071849466
1610612736
1071510557
2147483648
1069389127
0
1072455160
3221225472
1072038941
3221225472
1068949672
0
1072275369
536870912
1072530421
536870912
1072192833
3758096384
1070276868
2147483648
1072390661
3221225472
1069450934
0
1072486165
3758096384
1072503019
2684354560
1071414742
2147483648
1070787226
3221225472
1072342369
3221225472
1069100347
0
1072397791
1073741824
1071784685
1610612736
1070182329
0
1071647749
3221225472
1070266129
2147483648
1072206812
1610612736
1072283409
536870912
1070456378
2147483648
1071008266
2147483648
1070750911
2147483648
1069855318
2147483648
1072101166
0
1066944728
0
1072269238
3758096384
1072320802
1073741824
1071708278
2684354560
1071357652
3221225472
1072208016
536870912
1072267432
1610612736
1072586292
3758096384
1072516829
3221225472
1071709868
1610612736
1069918051
2147483648
1072358522
1073741824
1071297607
2147483648
1072497402
2147483648
1072576959
2684354560
1072543361
2684354560
1070349009
2147483648
1069376681
0
1070988088
0
1070032590
0
1071710767
1073741824
1071690422
536870912
1072173811
2147483648
1072317869
2147483648
1070007009
0
1071461100
1073741824
1072693247
2684354560
8
