Uvec
2226355706
1069946459
0
1070855837
2147483648
1069859190
0
1071086184
0
1071952967
3758096384
1069765982
2147483648
1070237621
2147483648
1072415355
3221225472
1071938256
2147483648
1072559351
3221225472
1071699810
2147483648
1069149798
0
1071717589
536870912
1071706056
2147483648
1071695415
1610612736
1068875016
0
1071447816
2147483648
1070055832
2147483648
1071788259
3758096384
1070148282
0
1072140191
2147483648
1069676857
2147483648
1072162592
3221225472
1069309750
0
1071579135
1073741824
1071505649
2147483648
1067510538
0
1072334062
2147483648
1072477388
2147483648
1072000094
0
1071811664
2684354560
1070100004
0
1070790504
2147483648
1072368875
2147483648
1070422141
0
1071835307
0
1072166473
1610612736
1072244916
1073741824
1072128117
3221225472
1070985665
3221225472
1070298107
0
1069210163
0
1071197351
3221225472
1072603613
2147483648
1070741829
3221225472
1072296114
1073741824
1072028214
1610612736
1072204300
3758096384
1072177985
3758096384
1072331976
2684354560
1070382137
2147483648
1070002254
0
1064762160
0
1071990585
2147483648
1069716202
2147483648
1071683256
2684354560
1071197847
0
1070285788
0
1066934380
0
1070968954
1073741824
1069922054
2147483648
1072108549
3221225472
1070135969
2147483648
1071599302
3221225472
1071708565
2684354560
1070717198
1073741824
1070835951
3221225472
1072158144
0
1069099474
0
1067389916
0
1070498485
0
1071047803
1073741824
1072019667
0
1072424347
3758096384
1070470036
2147483648
1072135873
2684354560
1072015291
536870912
1071123274
1073741824
1070062336
2147483648
1071647820
1073741824
1069980258
0
1068531343
0
1070369888
2147483648
1068822989
0
1071050522
0
1071477722
0
1072622820
536870912
1070864829
0
1071485284
1073741824
1072274231
536870912
1071656460
2147483648
1071522590
2147483648
1072060937
3758096384
1071744302
2684354560
1072406922
536870912
1070609181
3221225472
1072664268
3221225472
1072008667
3221225472
1071461100
1073741824
1072693247
2684354560
1
