Uvec
2226355706
1070521753
2147483648
1071644259
1073741824
1070086781
0
1066057816
0
1072154191
3221225472
1071184077
1073741824
1071528490
3221225472
1068448390
0
1072303604
536870912
1071846097
3758096384
1070942735
0
1071078132
0
1072298907
2684354560
1071600515
1073741824
1065735088
0
1071175067
3221225472
1071716846
1610612736
1072421522
1610612736
1068509887
0
1072335779
536870912
1072054757
0
1067605880
0
1068891485
0
1070627309
0
1071258083
1073741824
1071590648
2147483648
1072368226
3758096384
1071982367
3758096384
1071649081
1610612736
1071877872
536870912
1070980227
0
1070906640
0
1071346329
2147483648
1071814032
536870912
1071509355
3221225472
1072005639
536870912
1071097521
3221225472
1071258198
2147483648
1070829409
3221225472
1070206729
0
1071964253
3758096384
1071232676
3221225472
1071922592
3758096384
1070601929
0
1071537359
1073741824
1071946323
0
1071678769
3758096384
1072484308
1610612736
1072021082
536870912
1071218968
3221225472
1072265065
536870912
1072049480
3221225472
1072001800
0
1071651537
536870912
1072128804
536870912
1071848671
0
1071373824
0
1072655423
1073741824
1071894507
536870912
1069674845
2147483648
1072022861
3221225472
1071778530
1073741824
1071472683
2147483648
1069604488
0
1070510087
2147483648
1072310362
2684354560
1071995286
1610612736
1072291249
1073741824
1072302586
2684354560
1072369255
3221225472
1072101814
2147483648
1071171810
3221225472
1070147737
0
1072215736
3221225472
1070739603
2147483648
1072476425
536870912
1071285219
0
1072032905
0
1072136097
3758096384
1067590890
0
1070182219
2147483648
1072528147
2147483648
1071571153
0
1071245263
3221225472
1071861353
0
1069612366
0
1068208694
0
1070215020
0
1071942633
1073741824
1072501308
536870912
1071893891
2684354560
1072420801
1610612736
1072210092
0
1065006128
0
1070925844
1073741824
1068724134
0
1070738230
0
1072040287
1610612736
1071461100
1073741824
1072693247
2684354560
63
