Uvec
2226355706
1070040354
2147483648
1071824240
2147483648
1068731498
0
1072196486
1073741824
1072428029
1073741824
1071193973
0
1071252836
1073741824
1072290618
1073741824
1070056331
2147483648
1072672129
0
1068751738
0
1072004047
3758096384
1071870725
3758096384
1072571204
1610612736
1071396657
0
1071652693
1610612736
1071027055
2147483648
1072685003
536870912
1071966067
0
1071953243
2684354560
1068531225
0
1071918720
1610612736
1071322000
3221225472
1071127756
1073741824
1072195429
536870912
1070130349
0
1071355828
0
1070866665
1073741824
1071514557
2147483648
1070229500
2147483648
1072648509
536870912
1067531190
0
1069839575
0
1071368086
2147483648
1068950453
0
1072434709
0
1070819682
2147483648
1070209563
0
1070285215
2147483648
1072531741
2684354560
1071840620
0
1071161144
0
1072322781
3221225472
1072143065
1610612736
1071674485
2684354560
1070004274
0
1071288533
0
1069529100
0
1069307632
0
1071102392
1073741824
1072559462
0
1070813657
1073741824
1071565851
0
1069734291
0
1071702178
1610612736
1070664694
1073741824
1065950384
0
1072130356
2684354560
1070725505
2147483648
1071070483
3221225472
1072024871
536870912
1070096000
2147483648
1071828055
0
1072444532
3758096384
1072648457
1073741824
1071474903
0
1071002696
1073741824
1072002174
536870912
1071950928
2147483648
1072525663
1610612736
1071051053
2147483648
1071676647
536870912
1071044280
2147483648
1070782023
2147483648
1065580720
0
1069046232
0
1071304165
3221225472
1071675265
1073741824
1070697033
3221225472
1071160135
0
1066611036
0
1070744715
2147483648
1072532329
2684354560
1072218891
0
1071003102
3221225472
1071178916
1073741824
1069068488
0
1072206040
1610612736
1072179777
2684354560
1070370884
2147483648
1069412965
0
1072464620
3221225472
1072269886
2684354560
1072218559
1073741824
1068664540
0
1071703351
0
1071405561
2147483648
1072444605
1073741824
1071461100
1073741824
1072693247
2684354560
46
