Uvec
2226355706
1068811691
0
1071214299
1073741824
1071278526
3221225472
1070919359
2147483648
1070821804
2147483648
1071858174
2684354560
1067797598
0
1065403240
0
1072234332
1610612736
1070749376
1073741824
1070950496
0
1071584485
3221225472
1072141162
2684354560
1071482978
3221225472
1072571330
536870912
1072212645
0
1072172454
536870912
1070881871
3221225472
1071431083
1073741824
1071749843
536870912
1072071624
1073741824
1071704955
536870912
1069595934
0
1072497374
1610612736
1072004612
1073741824
1071698454
3221225472
1070494104
2147483648
1070691415
3221225472
1070610453
0
1071893410
2684354560
1064297536
0
1070922905
2147483648
1072570288
0
1067656462
0
1072312984
2147483648
1071615818
0
1072415120
3758096384
1070803228
0
1071904454
2147483648
1070643985
3221225472
1069635157
2147483648
1070845000
0
1072337830
0
1072301878
3758096384
1071968544
1073741824
1072225988
3758096384
1072171376
3221225472
1072071054
1610612736
1071818679
1073741824
1070641002
3221225472
1071431186
1073741824
1072078752
2684354560
1071304970
0
1072213951
2684354560
1069892620
2147483648
1069988129
2147483648
1072500152
3221225472
1072432221
3758096384
1071435856
2147483648
1070863881
1073741824
1071296630
0
1071925277
2147483648
1071539903
3221225472
1072602837
1073741824
1070840929
2147483648
1069957032
2147483648
1072559255
1073741824
1067848254
0
1070779383
0
1069732893
2147483648
1072608494
536870912
1072230028
536870912
1070825713
0
1072434902
2147483648
1068841087
0
1072662928
536870912
1071423445
0
1071242300
3221225472
1072628889
536870912
1068960193
0
1071885395
2147483648
1070435132
2147483648
1071345916
1073741824
1072261067
536870912
1067570740
0
1072491008
2147483648
1070167580
2147483648
1072177654
2684354560
1071050543
3221225472
1072033592
1073741824
1072132439
0
1070188577
0
1072360804
1073741824
1066990392
0
1069883143
2147483648
1071476933
0
1070295920
2147483648
1071463363
3221225472
1071461100
1073741824
1072693247
2684354560
52
