Uvec
2226355706
1070315659
2147483648
1071920099
1610612736
1069871920
0
1071712190
2147483648
1070149261
0
1072021942
2147483648
1072025105
1073741824
1072360966
0
1071207675
0
1072462841
3221225472
1072048567
3221225472
1072567459
2684354560
1072547064
2147483648
1071145521
0
1071492401
0
1072380944
0
1071765695
2684354560
1072053626
3221225472
1072186099
3758096384
1067476784
0
1071787006
1610612736
1071429257
2147483648
1071324759
2147483648
1071663336
3758096384
1071188963
3221225472
1071957624
1073741824
1071250618
2147483648
1071693192
2147483648
1067587742
0
1072023180
1073741824
1072642697
3221225472
1071476628
0
1072511433
3221225472
1069803982
0
1071041200
0
1071896040
1073741824
1069393140
0
1072471873
536870912
1072692653
1610612736
1069901004
0
1071157259
2147483648
1072179109
0
1068849097
0
1070269013
0
1071345432
3221225472
1071292324
0
1072164712
536870912
1069840599
2147483648
1072310054
0
1072160367
2684354560
1067289912
0
1072526288
3221225472
1071906978
1073741824
1068914211
0
1071056370
3221225472
1072466209
2147483648
1071748591
1073741824
1072588095
536870912
1071269228
3221225472
1066414328
0
1071900830
2684354560
1071929509
0
1065854696
0
1070962740
0
1071931031
2684354560
1072240892
0
1072020701
536870912
1070869801
0
1066997688
0
1070190969
0
1072454451
2147483648
1072246705
2684354560
1070311994
0
1072458677
3758096384
1069936952
0
1072389816
2147483648
1071793326
1610612736
1070302154
2147483648
1072230067
1610612736
1071966086
3221225472
1068850409
0
1072069953
2684354560
1071713721
3221225472
1071323694
1073741824
1067563420
0
1070147603
0
1070188957
0
1071920017
1073741824
1066576480
0
1069983495
0
1069938820
0
1071668945
536870912
1071975107
2147483648
1072439460
3221225472
1072668416
1073741824
1071357006
0
1071096463
0
1070895223
3221225472
1071461100
1073741824
1072693247
2684354560
52
