Uvec
2226355706
1072539788
2684354560
1072124260
536870912
1072666957
536870912
1069498079
0
1072638776
3221225472
1068361514
0
1072552993
1610612736
1072056293
0
1072046945
2147483648
1072352416
1610612736
1071881514
2684354560
1072394368
536870912
1071649353
536870912
1071585273
2147483648
1072204608
536870912
1069723307
2147483648
1068715756
0
1070489045
0
1072233795
536870912
1067595580
0
1071301375
2147483648
1070185632
2147483648
1069058701
0
1069685416
2147483648
1071947250
536870912
1069052048
0
1071881709
1073741824
1071916343
536870912
1068599665
0
1069837049
0
1068875721
0
1071241601
3221225472
1072548374
536870912
1072449631
2684354560
1070146788
0
1071292723
2147483648
1072359914
0
1072444409
536870912
1071725485
536870912
1069953976
0
1071653276
536870912
1072504954
2147483648
1071243863
1073741824
1072319048
1073741824
1072302561
1073741824
1071261502
0
1071126909
3221225472
1072290348
0
1069758254
2147483648
1072352205
0
1071034832
1073741824
1072109377
3758096384
1071037287
1073741824
1072257500
3221225472
1072362566
536870912
1069372922
0
1070895106
0
1072144682
1610612736
1070212626
2147483648
1072547727
1610612736
1071941736
2684354560
1072489804
0
1072571773
3758096384
1069859815
2147483648
1071412195
0
1072633658
1610612736
1072294594
3758096384
1070875507
2147483648
1071878604
2147483648
1071751916
3758096384
1071089865
2147483648
1071434681
2147483648
1071898351
536870912
1071398443
1073741824
1067599838
0
1069840858
2147483648
1067766528
0
1072081019
0
1071699094
2684354560
1069586439
2147483648
1070789403
3221225472
1069853980
2147483648
1071840678
1610612736
1071467627
2147483648
1069944809
2147483648
1070235446
2147483648
1070777270
3221225472
1070626634
2147483648
1070043715
2147483648
1070810518
0
1071362610
2147483648
1072479798
1073741824
1071909062
3758096384
1068967598
0
1072150638
2684354560
1069971298
2147483648
1071289297
0
1070056225
0
1071461100
1073741824
1072693247
2684354560
40
