Uvec
2226355706
1071723530
2147483648
1072537792
1610612736
1068952147
0
1071800100
0
1070075226
2147483648
1069287042
0
1071169346
2147483648
1071959431
2147483648
1072266881
1073741824
1072283979
1610612736
1072168661
536870912
1070107219
0
1069849071
0
1068694418
0
1070332717
2147483648
1071374295
3221225472
1069993190
2147483648
1069958016
2147483648
1064748416
0
1071789565
3221225472
1070019168
0
1071090373
2147483648
1068629758
0
1070285859
0
1069868130
0
1072115730
536870912
1071164540
2147483648
1068713260
0
1069820891
0
1072481386
0
1070963590
1073741824
1072479899
2684354560
1071668969
2147483648
1070634597
3221225472
1067034376
0
1071343525
2147483648
1071963679
536870912
1069683014
0
1072052901
2684354560
1072192469
1610612736
1068584985
0
1070712063
3221225472
1072371253
3758096384
1069170066
0
1072275925
2147483648
1070123995
0
1067062596
0
1072151667
3758096384
1070783131
3221225472
1071268581
2147483648
1072076957
2684354560
1069881964
2147483648
1069517975
0
1069548442
0
1066744020
0
1065736944
0
1072237526
536870912
1072398301
1073741824
1072360971
3221225472
1072288025
0
1071097243
0
1072519215
3758096384
1070653093
1073741824
1070989673
2147483648
1070924865
1073741824
1070643791
3221225472
1071103202
3221225472
1072110761
536870912
1071867776
536870912
1072520332
2147483648
1071742234
3221225472
1072100693
536870912
1072651261
3221225472
1072450347
1073741824
1072205697
1073741824
1071607407
1073741824
1068610293
0
1071908399
2684354560
1071424777
2147483648
1072618851
2684354560
1065624720
0
1063388320
0
1072028121
3758096384
1066523728
0
1070290415
0
1071402630
1073741824
1069457544
0
1071720356
0
1072585068
0
1071690454
3758096384
1070414345
0
1071976799
2147483648
1070552935
2147483648
1071760144
3221225472
1071824081
1610612736
1070395529
2147483648
1070102287
2147483648
1072276807
2684354560
1071461100
1073741824
1072693247
2684354560
6
