Uvec
2226355706
1071141102
3221225472
1071388069
0
1071840551
3221225472
1071851727
1610612736
1072210510
2684354560
1069651359
0
1072192357
2684354560
1065166800
0
1071787709
1610612736
1072380002
2147483648
1069497800
0
1071748558
3758096384
1068713838
0
1072287573
1073741824
1071669215
3758096384
1071975053
1610612736
1072384262
2684354560
1072654469
2147483648
1071409181
0
1071654671
1610612736
1068745877
0
1072126965
2147483648
1070398411
2147483648
1070613886
3221225472
1072333870
3221225472
1069142448
0
1072585817
2684354560
1072128998
2684354560
1067144588
0
1070981038
2147483648
1072523424
536870912
1070725206
1073741824
1071117723
1073741824
1071235236
0
1070247359
2147483648
1069624437
0
1071299079
3221225472
1071554230
1073741824
1068146200
0
1070548550
0
1067635398
0
1070935995
1073741824
1071530888
0
1072177984
3758096384
1069029982
0
1072161988
3758096384
1070927744
1073741824
1069613320
2147483648
1072505693
3758096384
1071707127
1610612736
1071481456
3221225472
1072670823
3221225472
1071049601
2147483648
1069979030
0
1070871332
3221225472
1071733586
3221225472
1071402460
1073741824
1071300126
2147483648
1071263128
3221225472
1072031314
1610612736
1069622370
2147483648
1070791179
2147483648
1072687265
1610612736
1070879585
0
1072454731
3758096384
1071702644
1073741824
1067869812
0
1070443821
0
1071331375
3221225472
1071624077
3221225472
1072433151
3758096384
1071980499
3221225472
1072326002
0
1072139156
0
1069659357
2147483648
1072657434
536870912
1072206473
2684354560
1071890969
1073741824
1071957709
3758096384
1071016114
0
1070733209
0
1071974427
3758096384
1072493482
1073741824
1070150517
2147483648
1072551831
1610612736
1071956388
1610612736
1069315221
0
1071830806
0
1071410560
3221225472
1071906301
536870912
1071685175
3221225472
1072289217
536870912
1072487346
2684354560
1072604897
2684354560
1070864258
0
1072490085
2684354560
1072113885
536870912
1072272890
1610612736
1071461100
1073741824
1072693247
2684354560
18
