Uvec
2226355706
1072213779
3221225472
1071585039
0
1069010028
0
1072020298
2147483648
1069893634
0
1069562755
0
1072604513
3221225472
1068106666
0
1072368846
1610612736
1069157469
0
1069865069
2147483648
1070193271
0
1071074140
3221225472
1071990394
1610612736
1071721346
1073741824
1072427944
536870912
1069099940
0
1071172730
2147483648
1070767762
3221225472
1071506569
1073741824
1070963676
1073741824
1072215091
2147483648
1072261724
2684354560
1072564856
2684354560
1069970588
2147483648
1071786344
2684354560
1071966791
3758096384
1070884438
1073741824
1071755088
1610612736
1069807476
2147483648
1068757472
0
1071087919
1073741824
1072246407
2684354560
1071139382
3221225472
1068960173
0
1071226368
1073741824
1072097202
1073741824
1071064972
1073741824
1069464683
0
1072031599
2684354560
1071400770
0
1070219373
2147483648
1065823128
0
1071474541
0
1072120925
3221225472
1069700404
0
1070865403
1073741824
1069636125
0
1067973478
0
1072682480
2684354560
1072187482
536870912
1070865084
3221225472
1071023952
1073741824
1072019286
3221225472
1065605880
0
1071322148
0
1071906915
2147483648
1070688818
1073741824
1072196150
3221225472
1068411668
0
1071465274
2147483648
1069616346
0
1071914507
0
1072505078
2147483648
1072317150
0
1070494982
0
1068916473
0
1067691598
0
1070855216
2147483648
1071490947
2147483648
1071790410
1073741824
1070979090
2147483648
1072492946
3221225472
1070471188
0
1071133202
2147483648
1072307072
2147483648
1072313224
3758096384
1071079847
3221225472
1069683570
0
1072537607
1073741824
1071706070
1610612736
1067616190
0
1072185660
2684354560
1072207486
1610612736
1072536440
3221225472
1069142556
0
1071837152
3221225472
1072589154
1073741824
1071567368
0
1064825392
0
1070665731
0
1070894372
0
1071625181
1073741824
1068917004
0
1072500142
536870912
1071737340
2147483648
1072353846
536870912
1071697362
0
1071461100
1073741824
1072693247
2684354560
34
