Uvec
2226355706
1071758074
1610612736
1067082004
0
1072638113
1073741824
1072045915
0
1069935707
2147483648
1072040515
3221225472
1071860813
0
1072075667
3221225472
1071527990
0
1071828846
3221225472
1070841842
0
1070887913
1073741824
1072390770
1073741824
1071543601
0
1072328359
1073741824
1068519264
0
1071999307
1610612736
1069955354
2147483648
1072421353
0
1072307018
1610612736
1067522926
0
1072014544
536870912
1071269906
1073741824
1068890762
0
1064853072
0
1071479664
2147483648
1072014291
1610612736
1070189000
0
1071924299
3758096384
1071444511
3221225472
1068259822
0
1071723312
1610612736
1070339525
2147483648
1071593758
2147483648
1071231108
1073741824
1071239013
2147483648
1070107465
2147483648
1072009782
2147483648
1071908104
1610612736
1072653666
2684354560
1071686748
3221225472
1072613918
3758096384
1072617376
2684354560
1071583950
0
1072266876
3221225472
1070638422
0
1071436176
3221225472
1071752945
1073741824
1071229496
2147483648
1071924591
2684354560
1065887768
0
1072575442
3221225472
1072362908
2684354560
1071667414
3758096384
1068804979
0
1069903395
0
1071729834
536870912
1069868829
2147483648
1072530529
2684354560
1071315522
2147483648
1072307755
3758096384
1072682253
2684354560
1072349550
2684354560
1071369605
2147483648
1072300370
1073741824
1071896290
2147483648
1071893238
3221225472
1072475578
2684354560
1071645295
3758096384
1071700153
3221225472
1071659142
0
1070775875
0
1071887653
2147483648
1070284028
0
1071333521
1073741824
1072319485
3758096384
1070624078
1073741824
1070643628
0
1071297291
3221225472
1072168075
2147483648
1069287373
0
1070424343
0
1072152678
0
1071389255
0
1072604023
3758096384
1069858019
2147483648
1071910001
1073741824
1069450527
0
1072596568
1073741824
1070633220
1073741824
1070106354
0
1071196546
3221225472
1070744307
0
1070358400
2147483648
1071263465
3221225472
1067250300
0
1070562865
2147483648
1071671364
3221225472
1071461100
1073741824
1072693247
2684354560
95
