Uvec
2226355706
1065793880
0
1072469998
536870912
1070989782
2147483648
1072392534
1073741824
1069830013
0
1071987529
3221225472
1069795460
0
1072189603
0
1071984786
2147483648
1070851728
2147483648
1072399784
1073741824
1069827868
0
1068321282
0
1072098180
3758096384
1070334148
0
1072401813
2684354560
1072552488
1610612736
1071904564
3221225472
1069770454
2147483648
1064866592
0
1070304628
0
1072325267
2684354560
1071471071
1073741824
1072660711
536870912
1071812274
2147483648
1069548791
2147483648
1071761212
0
1072560253
0
1072012904
1073741824
1072130817
2684354560
1071571873
3221225472
1068827564
0
1068627155
0
1071016806
0
1071820397
2147483648
1071454278
3221225472
1072179732
1610612736
1072611571
2147483648
1072426695
2147483648
1069176837
0
1071666313
1073741824
1069658832
0
1072500442
3221225472
1071842687
3221225472
1071427461
3221225472
1072406623
0
1071867084
536870912
1071923363
3221225472
1072341830
536870912
1072673841
1610612736
1071012170
1073741824
1071814010
3221225472
1062416832
0
1071069897
3221225472
1072444922
536870912
1069883527
0
1072230536
3758096384
1072480136
2147483648
1072575555
3221225472
1071831085
3221225472
1071268569
2147483648
1068995621
0
1072098914
1073741824
1067519140
0
1069856061
0
1072047872
1073741824
1072549402
1073741824
1072000495
3758096384
1071592336
1073741824
1071709030
0
1071501961
1073741824
1069909156
0
1067431052
0
1071874582
3221225472
1071470194
2147483648
1070969347
3221225472
1072062971
2684354560
1072538442
3221225472
1072204573
3221225472
1072674885
2684354560
1070772716
3221225472
1072516416
0
1071863561
3758096384
1071670078
1610612736
1071173366
0
1070110438
2147483648
1072166654
0
1072424931
2684354560
1070883848
3221225472
1068805800
0
1069921612
2147483648
1071730011
1073741824
1071264793
2147483648
1072048134
0
1070146963
2147483648
1070607368
1073741824
1072296523
536870912
1068508616
0
1071461100
1073741824
1072693247
2684354560
25
