Uvec
2226355706
1072479634
3221225472
1068397414
0
1072321603
3221225472
1071944094
1073741824
1070352513
2147483648
1072591599
0
1071663809
3221225472
1071536249
0
1072058689
3758096384
1072278579
0
1071972244
2684354560
1071279496
2147483648
1062183168
0
1071458967
1073741824
1071393492
2147483648
1072026185
1073741824
1071914713
2684354560
1072499295
0
1072254629
1073741824
1068297204
0
1071004180
2147483648
1072022178
2147483648
1071784579
2147483648
1071870719
3221225472
1071808218
2684354560
1072054659
2147483648
1070436292
2147483648
1072081182
3221225472
1070768265
3221225472
1071596811
2147483648
1069802030
0
1071977974
3758096384
1071855653
1073741824
1069548817
2147483648
1072618464
3758096384
1070449242
2147483648
1072620190
536870912
1066521080
0
1070694973
2147483648
1072572059
0
1069801858
0
1070513047
2147483648
1067098452
0
1072039770
2147483648
1071951880
1610612736
1072569338
2147483648
1070416520
2147483648
1069769350
0
1072567264
3221225472
1070044437
0
1070877747
3221225472
1072306516
536870912
1071715507
1610612736
1070864406
3221225472
1070714465
0
1071624091
3221225472
1072061310
1610612736
1072245060
0
1070176976
2147483648
1069777771
2147483648
1072073539
1073741824
1069925970
2147483648
1072038484
2147483648
1071905210
3758096384
1071698140
2684354560
1070996168
2147483648
1070865633
2147483648
1072490836
0
1070402581
2147483648
1069250168
0
1071803967
1610612736
1067954656
0
1071093372
0
1071806153
1073741824
1070081370
0
1068671249
0
1070116417
0
1072019372
1610612736
1072061067
2684354560
1071815593
2147483648
1069272087
0
1070609374
1073741824
1071659526
3221225472
1070318175
0
1068529048
0
1070610367
1073741824
1070185284
0
1071797914
2147483648
1070516991
0
1070687643
2147483648
1072310605
536870912
1072346127
3221225472
1069792137
2147483648
1071735616
2147483648
1071544319
1073741824
1070909968
2147483648
1072270365
1610612736
1067399712
0
1071461100
1073741824
1072693247
2684354560
38
