Uvec
2226355706
1071270895
2147483648
1072586194
2147483648
1071563298
1073741824
1070362750
2147483648
1069831539
2147483648
1071217207
2147483648
1072096480
1073741824
1069003695
0
1072206538
0
1070884508
1073741824
1069103403
0
1071601382
3221225472
1071820361
1073741824
1071945968
0
1071779639
3221225472
1070354818
2147483648
1072522555
1073741824
1072359664
3758096384
1070302566
0
1071536176
1073741824
1069727674
0
1071585004
0
1071571623
2147483648
1070384136
0
1072631061
1610612736
1071450760
1073741824
1069739692
2147483648
1072433303
536870912
1071941962
0
1069593211
2147483648
1072067948
2147483648
1072225520
2684354560
1071602393
1073741824
1071952135
1073741824
1071625571
3221225472
1072652522
3221225472
1071520694
3221225472
1072450393
3221225472
1070697540
2147483648
1067655404
0
1071985798
1610612736
1072216299
1610612736
1071055367
1073741824
1072482263
3758096384
1071139025
3221225472
1070009343
2147483648
1072320841
2684354560
1070999769
3221225472
1068582290
0
1069770107
0
1068630574
0
1068587817
0
1071991449
0
1071886293
2684354560
1072657484
1610612736
1072673478
1073741824
1071299940
0
1070739075
2147483648
1069178892
0
1072079390
536870912
1072511137
2147483648
1072483734
2147483648
1072161492
1073741824
1071827905
3221225472
1070283712
0
1071930491
536870912
1071817771
1610612736
1072521131
1610612736
1071687994
536870912
1071777629
2147483648
1068615041
0
1071819534
3221225472
1071121386
2147483648
1072409893
2147483648
1071060761
3221225472
1071986497
0
1072551596
0
1070961770
0
1071043740
1073741824
1071731393
1610612736
1072204327
2147483648
1071212432
2147483648
1071674222
3221225472
1070758828
3221225472
1071737712
0
1071739980
2147483648
1071763637
3758096384
1071465874
3221225472
1071974977
536870912
1070812801
0
1071743871
2147483648
1070121412
2147483648
1072334918
1073741824
1069816608
0
1072085009
0
1072547213
3221225472
1069608695
2147483648
1071698369
1610612736
1071461100
1073741824
1072693247
2684354560
37
