Uvec
2226355706
1069075091
0
1072533727
3758096384
1071042759
0
1072572812
1073741824
1071523835
0
1070024713
0
1072673927
1610612736
1070420915
0
1072153080
536870912
1071853117
2684354560
1071807598
3758096384
1068338920
0
1072062309
3758096384
1070855810
2147483648
1070725898
2147483648
1072393040
2147483648
1069719165
2147483648
1071854375
1073741824
1072169083
1610612736
1072513696
1610612736
1071779805
1073741824
1069882132
0
1071720004
2147483648
1069519473
0
1070672185
0
1068927079
0
1071394897
3221225472
1069504047
0
1070712253
2147483648
1070519481
0
1070102203
0
1072401415
3758096384
1072619633
536870912
1070059735
0
1070150332
0
1069865893
0
1070310832
2147483648
1071242298
0
1072582632
3221225472
1072340997
0
1071931726
2684354560
1072605487
536870912
1072193526
1073741824
1071345176
1073741824
1072606654
1610612736
1069646398
2147483648
1068414008
0
1071951006
3758096384
1071863625
0
1068593910
0
1066867124
0
1071891635
536870912
1071686614
1073741824
1070915400
0
1070643037
0
1071833549
0
1072676370
536870912
1067695492
0
1069844007
0
1071949275
3221225472
1071422233
2147483648
1070576640
0
1070793257
0
1072007415
2684354560
1071178354
1073741824
1072340436
536870912
1070746507
2147483648
1071818481
2147483648
1068755069
0
1070907792
3221225472
1071843828
3758096384
1072308365
1073741824
1071129321
0
1067908870
0
1071762605
0
1071829839
3221225472
1072050804
2684354560
1070993880
2147483648
1072657695
3758096384
1072007935
2147483648
1070156790
0
1072053023
1610612736
1069784892
2147483648
1071678181
3758096384
1071342330
1073741824
1072363613
1610612736
1068892026
0
1071558199
0
1072514751
3758096384
1071978925
2684354560
1071161690
1073741824
1071565760
3221225472
1071263342
2147483648
1071903035
0
1071069372
2147483648
1072604194
1610612736
1072119702
2147483648
1065797096
0
1071461100
1073741824
1072693247
2684354560
36
