Uvec
2226355706
1072370253
0
1071646152
1073741824
1072189847
3758096384
1070596457
2147483648
1070480311
2147483648
1072438531
1610612736
1072460473
1073741824
1071649522
1073741824
1072080373
536870912
1071302303
1073741824
1071788738
1610612736
1072627417
1073741824
1070989568
3221225472
1069096966
0
1070616742
0
1070844883
1073741824
1070383545
0
1068234908
0
1068747745
0
1070063432
0
1069043163
0
1072439808
1610612736
1071305288
1073741824
1072688844
2147483648
1070642469
2147483648
1072186519
1610612736
1072255054
3221225472
1072674579
2684354560
1069367480
0
1069372567
0
1070750356
1073741824
1071756900
1610612736
1071949752
2684354560
1071843461
536870912
1072639956
536870912
1071690326
3221225472
1072533693
2684354560
1071366193
2147483648
1072133571
2147483648
1071555033
0
1071782742
0
1071715512
3758096384
1071185665
3221225472
1070463383
0
1071554305
0
1072281291
3221225472
1069992799
2147483648
1071129686
1073741824
1072323500
2147483648
1072493942
0
1068218854
0
1071465294
3221225472
1069081305
0
1071603344
1073741824
1069316457
0
1069615600
2147483648
1066622040
0
1072230956
1073741824
1072592224
0
1068126006
0
1068130548
0
1067442448
0
1070650994
3221225472
1072284850
2147483648
1069439738
0
1072366579
3221225472
1071535259
3221225472
1069732519
2147483648
1071540638
0
1071797030
3758096384
1072130964
536870912
1069305919
0
1071991387
1610612736
1072268633
0
1071745101
1610612736
1071074217
0
1072685520
1073741824
1069609318
0
1069476263
0
1072550599
3221225472
1070031385
2147483648
1069879997
2147483648
1071373170
2147483648
1072023622
1073741824
1070994561
1073741824
1071264722
3221225472
1063494720
0
1071821778
2684354560
1071405459
2147483648
1071867355
0
1071660776
0
1072644986
3758096384
1072417063
2147483648
1071216156
2147483648
1072197796
2147483648
1071318042
1073741824
1070252023
2147483648
1070490214
0
1071461100
1073741824
1072693247
2684354560
4
