Uvec
2226355706
1070148477
0
1072048873
3758096384
1070925393
2147483648
1071432493
1073741824
1072185325
1610612736
1069932114
0
1072302730
536870912
1070411610
0
1071165162
2147483648
1069842660
0
1072232739
0
1069945662
0
1072217978
1610612736
1072628728
3221225472
1070482312
2147483648
1072404908
0
1071347715
0
1066262272
0
1071427585
3221225472
1071505765
2147483648
1071646947
0
1072310458
536870912
1071780650
3221225472
1072078205
3758096384
1071655985
536870912
1072622396
2684354560
1070230915
0
1071605447
3221225472
1070034013
0
1070492342
0
1067869974
0
1069364667
0
1072085228
0
1071932594
536870912
1072526734
3758096384
1071904052
536870912
1069784959
0
1072617332
536870912
1071014066
0
1071945481
1610612736
1072051024
536870912
1071763325
0
1071362914
3221225472
1072517770
3221225472
1071807811
1610612736
1072288596
536870912
1067937038
0
1072384762
3221225472
1068105652
0
1065049952
0
1072124453
2147483648
1070380459
2147483648
1072282905
2147483648
1072126071
3758096384
1071902125
2147483648
1071241323
1073741824
1071902286
1610612736
1072081190
2684354560
1068975243
0
1070157860
0
1070639773
3221225472
1069192089
0
1072576223
0
1065398016
0
1072265161
3758096384
1071054836
0
1070176091
2147483648
1071424496
2147483648
1066140808
0
1072444391
536870912
1072603260
2684354560
1072249155
3758096384
1067163472
0
1070802973
2147483648
1071168964
1073741824
1070618567
2147483648
1071355088
2147483648
1069822719
0
1069777967
2147483648
1071787216
1073741824
1070988896
2147483648
1069994872
2147483648
1072577281
3221225472
1072145246
2147483648
1068577168
0
1072102224
0
1070512841
2147483648
1071835655
1073741824
1069176992
0
1072141005
536870912
1071263322
1073741824
1069424084
0
1071128059
1073741824
1071935536
1073741824
1071497102
3221225472
1071909077
1073741824
1072306389
2684354560
1072433520
2684354560
1071461100
1073741824
1072693247
2684354560
28
