Uvec
2226355706
1072338733
3758096384
1071570986
1073741824
1068100592
0
1070818598
3221225472
1071581459
3221225472
1069331388
0
1068598428
0
1071540043
2147483648
1071444695
2147483648
1072119153
0
1072463843
536870912
1072547070
2147483648
1071885107
1073741824
1064528928
0
1072314884
1610612736
1069990370
0
1067431016
0
1067828420
0
1071652508
536870912
1067621536
0
1067158492
0
1070957150
3221225472
1072430312
1073741824
1072146126
3758096384
1071518892
3221225472
1072306172
1073741824
1071553446
3221225472
1065787920
0
1072105478
1073741824
1070685759
3221225472
1071197211
0
1069557276
0
1072560502
1073741824
1072441856
2684354560
1070673348
2147483648
1071095813
3221225472
1071939175
536870912
1071705949
3221225472
1071751739
3758096384
1069341615
0
1068210064
0
1072407615
3221225472
1070640441
2147483648
1067801056
0
1071058134
3221225472
1070312428
0
1070512102
0
1072213533
3758096384
1071432352
1073741824
1071906334
0
1072125186
2684354560
1072411816
1073741824
1071732114
1073741824
1071956750
536870912
1069262596
0
1069809913
2147483648
1063825856
0
1069246124
0
1071693926
1073741824
1071943908
536870912
1071405930
0
1072103747
536870912
1071808014
1610612736
1072474594
2684354560
1072500796
2147483648
1072551991
3221225472
1069010192
0
1071080784
1073741824
1071247268
1073741824
1072197855
0
1072493743
536870912
1072660896
1073741824
1070722636
1073741824
1072188815
1073741824
1068922071
0
1072196586
3221225472
1071632840
3221225472
1068325830
0
1066677676
0
1071993678
3221225472
1066511908
0
1071231164
1073741824
1069878472
0
1072411159
2684354560
1070251928
0
1071403288
0
1065096096
0
1067144248
0
1072515885
2147483648
1072658717
3221225472
1069193016
0
1072146869
536870912
1070134330
2147483648
1070787282
3221225472
1072617034
2147483648
1071555897
1073741824
1072538909
1073741824
1070273413
2147483648
1071461100
1073741824
1072693247
2684354560
93
