Uvec
2226355706
1070014166
0
1071987755
1610612736
1068683375
0
1069765778
0
1072130209
3758096384
1071445983
3221225472
1072181294
0
1071273554
2147483648
1068079778
0
1071720848
536870912
1072461614
536870912
1072652627
1073741824
1071478779
2147483648
1072150373
2684354560
1068510351
0
1072180796
0
1070612117
1073741824
1072377337
2147483648
1071050382
2147483648
1071606168
0
1072535810
3758096384
1071793965
1073741824
1072312374
2147483648
1071414381
2147483648
1071378818
2147483648
1070789655
0
1066823908
0
1068554530
0
1071763540
3221225472
1071450560
3221225472
1071442725
3221225472
1069843128
0
1070846563
0
1070282756
2147483648
1072186145
1073741824
1067553562
0
1070179385
0
1071037755
1073741824
1071452585
1073741824
1071880819
0
1068483318
0
1070000335
0
1069579752
0
1072341963
2684354560
1069768488
0
1071790552
1073741824
1072474115
1610612736
1072381359
3758096384
1072689794
3758096384
1069771186
0
1071213704
3221225472
1071833501
1073741824
1071687398
3221225472
1071624818
2147483648
1071770410
0
1072195030
2684354560
1072630937
2147483648
1072238342
1610612736
1071658957
2684354560
1072447828
3758096384
1072218762
3221225472
1072291972
3221225472
1067045692
0
1072588364
2684354560
1071053362
2147483648
1072029653
2147483648
1070339521
0
1071842968
1610612736
1071223897
0
1068067936
0
1064817280
0
1071210243
3221225472
1068989961
0
1070810319
3221225472
1072106900
1073741824
1070266902
2147483648
1069810717
0
1067888778
0
1068308632
0
1070193797
2147483648
1072600668
0
1069873914
0
1071736744
3758096384
1069867914
0
1072512989
2684354560
1072549627
1073741824
1071343329
0
1072064171
2147483648
1064232544
0
1071960851
0
1069978425
2147483648
1070421903
0
1070778048
2147483648
1072528049
0
1068825814
0
1069419117
0
1072453812
2147483648
1071102847
3221225472
1071461100
1073741824
1072693247
2684354560
30
