Uvec
2226355706
1072303434
2684354560
1072424663
3758096384
1072230463
3221225472
1072164544
2147483648
1068747457
0
1070953532
0
1072482835
536870912
1071727081
536870912
1071007713
2147483648
1071143701
1073741824
1070912328
2147483648
1069722661
0
1070992352
0
1072647024
2684354560
1072210709
2684354560
1070601339
0
1070683691
2147483648
1071654604
1073741824
1072583375
2147483648
1072365307
1073741824
1070379054
2147483648
1068818297
0
1071729249
0
1071179200
3221225472
1071046441
2147483648
1072644045
3221225472
1071685130
536870912
1068787590
0
1070731997
2147483648
1071671440
1610612736
1069027072
0
1072600388
0
1072425178
1073741824
1070091077
0
1065864080
0
1072193375
2147483648
1069973562
0
1071191231
1073741824
1068588440
0
1071873412
3758096384
1071945414
3758096384
1071524755
0
1072577276
2147483648
1071212036
3221225472
1069122137
0
1066612984
0
1071818721
1073741824
1072348559
2684354560
1072459361
2684354560
1072560271
2684354560
1072068723
536870912
1071855751
0
1070639337
1073741824
1072426980
3758096384
1069812708
2147483648
1071278064
0
1071857070
2147483648
1070249036
2147483648
1071659238
1610612736
1071745414
3758096384
1072289959
2684354560
1071514769
3221225472
1071954795
1610612736
1072684364
536870912
1072520451
2147483648
1072345866
3221225472
1069414449
0
1069992828
2147483648
1071098658
0
1071712957
536870912
1071692738
2684354560
1072499197
3221225472
1072188155
2684354560
1068373006
0
1070525186
0
1069693138
2147483648
1071537825
2147483648
1070962260
0
1069101500
0
1070781856
2147483648
1072248661
1073741824
1068214226
0
1071455707
1073741824
1072670900
1610612736
1070780444
2147483648
1072116235
1610612736
1071580907
2147483648
1070061452
0
1071272808
3221225472
1071140251
3221225472
1070383282
2147483648
1067696144
0
1071682207
3758096384
1071968198
3758096384
1071266977
3221225472
1071553213
3221225472
1072563381
1610612736
1070387456
0
1071461100
1073741824
1072693247
2684354560
22
