Uvec
2226355706
1072241333
3758096384
1071319372
0
1069391942
0
1071744187
3758096384
1072317956
1610612736
1071634269
1073741824
1072039034
2147483648
1072384080
3221225472
1068183902
0
1069978702
2147483648
1067283500
0
1072362295
3221225472
1071720615
3758096384
1071844092
2147483648
1070225001
2147483648
1072076631
2147483648
1072455991
3221225472
1072089928
3758096384
1071542888
2147483648
1071610499
0
1067931168
0
1072622192
1610612736
1072516652
0
1072297749
3221225472
1071259256
2147483648
1071761932
536870912
1072470592
1073741824
1070533463
2147483648
1071690812
536870912
1072361196
1073741824
1071721595
1610612736
1072448078
1073741824
1071657317
2684354560
1072176543
0
1071468536
2147483648
1072226627
3221225472
1071036749
2147483648
1070399175
0
1072347953
0
1071454081
2147483648
1071252476
0
1071758103
2147483648
1069889540
0
1071990944
536870912
1070844627
0
1071935288
2684354560
1072200513
0
1071713489
536870912
1072401107
3221225472
1072543829
1073741824
1071935245
3221225472
1071098595
1073741824
1069871425
2147483648
1072134761
536870912
1070798087
3221225472
1072151534
3221225472
1072649534
3758096384
1072325395
3221225472
1072555526
3221225472
1072640032
2684354560
1065450928
0
1072651652
3221225472
1072549799
2684354560
1071551940
3221225472
1072156240
2684354560
1072338160
1073741824
1071742941
2147483648
1071951581
2684354560
1072256225
3758096384
1072624087
2147483648
1072090295
2147483648
1072563523
2684354560
1070751748
0
1070936260
1073741824
1071996792
0
1069727921
0
1071679515
3221225472
1072166392
2147483648
1070312358
2147483648
1071712100
536870912
1069206916
0
1072526516
3221225472
1072652374
0
1072551738
536870912
1072028647
1073741824
1071546104
2147483648
1071184717
1073741824
1071823569
1073741824
1071735732
1073741824
1071985078
3221225472
1072018534
536870912
1072405237
3221225472
1072184199
0
1072588830
0
1071567571
1073741824
1072387468
2147483648
1071902806
1610612736
1072385903
536870912
1071461100
1073741824
1072693247
2684354560
87
