Uvec
2226355706
1068550777
0
1072406159
0
1072166783
0
1072126959
2147483648
1068822550
0
1071801769
536870912
1071740375
1610612736
1068212230
0
1072044505
1610612736
1072257424
1073741824
1072131448
0
1071571181
0
1072514464
3758096384
1072261164
3221225472
1068549755
0
1071941016
1073741824
1071977874
3221225472
1072416966
1610612736
1072367795
1073741824
1071794086
1073741824
1066206376
0
1071255849
3221225472
1071182592
2147483648
1069129683
0
1068068390
0
1067950186
0
1071253479
2147483648
1072653553
3221225472
1070384263
0
1067361336
0
1070767436
3221225472
1071666090
2684354560
1070579577
0
1072086580
3758096384
1071331213
0
1068000788
0
1071282035
2147483648
1070437184
2147483648
1071874983
1610612736
1071993614
1073741824
1072298893
2684354560
1071798007
3758096384
1069760424
2147483648
1072015307
0
1068657604
0
1068437286
0
1072513937
1610612736
1071169223
1073741824
1070238772
0
1069794716
2147483648
1069173419
0
1072190769
3221225472
1064802320
0
1072344584
3758096384
1071472741
0
1071703726
2147483648
1071352434
0
1072270478
0
1068667406
0
1062032000
0
1072671643
536870912
1070814730
1073741824
1072658135
2684354560
1072599327
3221225472
1072223110
1610612736
1072045185
536870912
1071303473
2147483648
1068510205
0
1069560163
0
1072615717
1610612736
1071206320
0
1072398921
0
1071867579
536870912
1070771573
1073741824
1071929457
2147483648
1072490886
1073741824
1072226775
2684354560
1070829294
3221225472
1070036125
0
1070042421
2147483648
1072614221
2147483648
1070950838
2147483648
1070852539
3221225472
1071353217
3221225472
1072356315
1610612736
1072662980
2147483648
1072047640
2684354560
1071880109
1073741824
1070474233
2147483648
1072168768
536870912
1068692519
0
1072126682
0
1068550005
0
1072267988
2147483648
1070716864
2147483648
1067854090
0
1072571852
1610612736
1071298842
2147483648
1071461100
1073741824
1072693247
2684354560
1
