Uvec
2226355706
1071588790
3221225472
1071198527
2147483648
1072312546
536870912
1072033855
0
1069550506
0
1072643562
3758096384
1070192411
2147483648
1072326620
0
1070360165
2147483648
1070917228
1073741824
1071650995
3758096384
1070665976
0
1064829072
0
1070980552
1073741824
1065467208
0
1072575946
536870912
1072264583
3221225472
1070070975
2147483648
1072018483
2147483648
1067433784
0
1071963777
3758096384
1072643579
2684354560
1070664349
3221225472
1065886504
0
1071965341
1610612736
1072068045
3758096384
1069127848
0
1069464459
0
1072545018
3221225472
1071587434
0
1071663583
2684354560
1070358882
0
1070313397
2147483648
1067655534
0
1071835692
3758096384
1071647620
2147483648
1072064453
0
1072284176
536870912
1072290060
0
1071844054
1610612736
1071790368
536870912
1070746737
3221225472
1069072198
0
1072005300
2147483648
1068814333
0
1071202309
0
1071085080
3221225472
1071126479
3221225472
1071876266
1610612736
1072426120
536870912
1072060094
1610612736
1072287668
0
1071057373
1073741824
1072606587
3221225472
1068988697
0
1072259766
2684354560
1072569976
536870912
1065696272
0
1071784743
2684354560
1069072365
0
1071701282
0
1071323407
1073741824
1070888622
0
1072097644
1073741824
1072245489
536870912
1070846782
2147483648
1072607790
3221225472
1071999406
536870912
1072600778
3221225472
1071888806
3758096384
1071778772
2147483648
1071583981
2147483648
1067642964
0
1071908741
1073741824
1068722044
0
1071764679
1610612736
1072345997
1073741824
1072236700
1073741824
1072480026
0
1070623501
0
1071896093
3758096384
1071714213
0
1071099198
2147483648
1072186899
536870912
1072545214
536870912
1072219100
3758096384
1070681873
3221225472
1071195072
2147483648
1071692990
2684354560
1066822888
0
1071658929
3758096384
1071573809
3221225472
1072258805
1073741824
1071792661
0
1072205412
2147483648
1070903348
3221225472
1070272521
2147483648
1071735017
536870912
1071461100
1073741824
1072693247
2684354560
25
