Uvec
2226355706
1071575498
1073741824
1071266011
1073741824
1072294470
2147483648
1072062009
2684354560
1070060361
2147483648
1067524212
0
1072388993
2147483648
1071479494
2147483648
1072171591
1073741824
1071886585
2147483648
1070643588
0
1072508018
1073741824
1072465492
1073741824
1071999380
2684354560
1072084093
1073741824
1072126009
1073741824
1071699546
1610612736
1069751179
2147483648
1070939620
2147483648
1072684142
2147483648
1070892457
3221225472
1072681136
3758096384
1070298791
0
1071781499
3758096384
1069823227
0
1071547463
3221225472
1071685939
0
1072554795
1610612736
1072533882
3758096384
1072445915
536870912
1069665364
2147483648
1072074822
2684354560
1070613430
0
1070098505
2147483648
1072623516
1610612736
1072467363
3221225472
1072174645
2147483648
1072209565
536870912
1072317249
2147483648
1071787457
1610612736
1071269138
0
1070942311
0
1071204796
2147483648
1071672902
1073741824
1071122474
2147483648
1071767288
1610612736
1071167545
2147483648
1069818799
2147483648
1071519954
3221225472
1071025189
3221225472
1071835622
1073741824
1071113545
3221225472
1071944172
2147483648
1070615760
3221225472
1072318634
536870912
1071785252
2147483648
1070678911
0
1072306283
536870912
1071477196
1073741824
1070602094
1073741824
1071756928
3758096384
1071843993
3758096384
1072424217
0
1072151605
3221225472
1069573435
2147483648
1070833068
0
1068144062
0
1072423433
3758096384
1066460476
0
1071755059
0
1070749515
3221225472
1071948519
3221225472
1071294569
0
1072067099
2684354560
1065606000
0
1071294807
0
1072479014
3221225472
1071644784
3758096384
1071347808
3221225472
1070065718
2147483648
1063499136
0
1070927795
1073741824
1071976758
2684354560
1071856169
536870912
1072383788
3758096384
1072611553
2684354560
1071242768
3221225472
1067835452
0
1070764692
2147483648
1072517058
2684354560
1064440496
0
1072264748
3758096384
1072358680
1073741824
1071768901
1610612736
1070180206
0
1071939841
3758096384
1069848424
2147483648
1072675188
1073741824
1071461100
1073741824
1072693247
2684354560
84
