Uvec
2226355706
1067641460
0
1072681010
2684354560
1071819229
3221225472
1069287988
0
1067775888
0
1071936218
2684354560
1070964487
3221225472
1069768900
0
1065433616
0
1069652858
2147483648
1072118896
2147483648
1071968042
2147483648
1072118942
1610612736
1068940004
0
1072132312
1073741824
1071849904
1610612736
1072058835
1610612736
1071160378
1073741824
1071034376
1073741824
1070160588
0
1072554090
3221225472
1068789882
0
1070741044
3221225472
1070688754
0
1071546894
3221225472
1072630935
3221225472
1068239064
0
1066253616
0
1071982750
3758096384
1069556166
0
1070708452
3221225472
1072571512
1610612736
1071062276
1073741824
1072383197
1073741824
1070873661
1073741824
1071532436
0
1070065630
0
1071996472
2684354560
1071329386
2147483648
1071732482
1610612736
1072480747
1073741824
1070893095
3221225472
1070977580
0
1070672952
2147483648
1072293608
1610612736
1072210386
0
1072255765
3221225472
1070876011
1073741824
1071008466
2147483648
1071118764
0
1069981544
2147483648
1072452505
3758096384
1072361094
1610612736
1072670794
3758096384
1068645515
0
1070318542
0
1072526351
0
1070884263
0
1066565088
0
1072293625
3221225472
1072109306
3758096384
1070696144
2147483648
1070299600
2147483648
1071878355
3758096384
1072136254
0
1070876222
2147483648
1071615987
2147483648
1071724709
1610612736
1068498918
0
1071779331
2147483648
1072209253
3221225472
1069807407
0
1072659828
2684354560
1070606423
1073741824
1072503109
536870912
1072022532
2684354560
1072264272
3758096384
1072618553
1073741824
1071384662
1073741824
1070346702
0
1072418050
1073741824
1068155206
0
1071734509
0
1071797054
2147483648
1069956333
0
1072315697
0
1072240193
536870912
1069051570
0
1071985606
3221225472
1071714590
3758096384
1070531853
0
1071699037
2684354560
1072501105
1073741824
1070585488
0
1069708333
2147483648
1071648121
1610612736
1072461841
536870912
1072395899
3758096384
1071461100
1073741824
1072693247
2684354560
70
