Uvec
2226355706
1064898640
0
1071166304
0
1071956878
1073741824
1071440197
0
1071652026
3758096384
1071611894
2147483648
1072510620
536870912
1065110272
0
1072060068
2684354560
1071304361
0
1071613094
0
1071668220
3758096384
1071990634
3758096384
1067696362
0
1071533660
2147483648
1071871579
3758096384
1071026312
3221225472
1071256050
3221225472
1072380484
2147483648
1072297754
1610612736
1071890255
3221225472
1071806321
536870912
1072674428
0
1070868567
2147483648
1072338372
2684354560
1071645620
536870912
1070062380
0
1072388934
1610612736
1070662883
1073741824
1072417977
3221225472
1071674668
2684354560
1070986552
2147483648
1072511114
2147483648
1070161544
0
1072060882
1073741824
1071132216
1073741824
1071928327
536870912
1070869313
2147483648
1070776826
2147483648
1068663817
0
1071586051
0
1070836479
1073741824
1070738220
1073741824
1069994027
0
1072442108
3758096384
1071760053
3758096384
1072546141
3758096384
1071966183
1610612736
1071573870
1073741824
1071914187
2684354560
1071696658
0
1071417220
2147483648
1072136368
2147483648
1066971612
0
1072315414
2684354560
1072278450
0
1070799098
3221225472
1069309086
0
1071894331
1073741824
1072504522
2147483648
1072400240
536870912
1070767938
0
1070736965
3221225472
1071245930
2147483648
1072180096
3221225472
1071923471
536870912
1072251769
3758096384
1070786167
1073741824
1070904144
0
1069169511
0
1071877510
3221225472
1070271774
2147483648
1071811341
536870912
1069987539
2147483648
1071520938
3221225472
1071782304
3758096384
1072377974
536870912
1063493984
0
1070764728
1073741824
1071439497
0
1069086296
0
1070758056
3221225472
1070739014
2147483648
1072403041
3758096384
1071598847
2147483648
1072616490
2147483648
1072643989
3758096384
1071840013
3221225472
1072127091
2684354560
1069971959
2147483648
1069804566
2147483648
1071693687
2147483648
1068243330
0
1071707964
3221225472
1072495670
3221225472
1071206622
3221225472
1071514704
0
1071597376
3221225472
1071461100
1073741824
1072693247
2684354560
18
