Uvec
2226355706
1071732587
3221225472
1071771685
536870912
1071153300
0
1072015076
0
1070209286
2147483648
1072080153
3758096384
1069141513
0
1072183376
536870912
1072293876
2684354560
1070638699
1073741824
1071746811
536870912
1071995930
3221225472
1072522991
536870912
1072349713
2684354560
1072166243
3221225472
1069698894
2147483648
1070761803
0
1071264608
2147483648
1072073870
1073741824
1071654194
2684354560
1071703145
1610612736
1070576202
2147483648
1071945586
2684354560
1070029108
0
1071918730
2147483648
1070568720
2147483648
1066481720
0
1070321666
2147483648
1072195108
3758096384
1061551488
0
1071508271
0
1072012034
1073741824
1072306015
536870912
1070606695
0
1071045009
3221225472
1072327108
2684354560
1072563626
3758096384
1072636379
3758096384
1071873491
1073741824
1071652252
3221225472
1072520783
3758096384
1072170391
1610612736
1072404117
2684354560
1071949642
2684354560
1072622409
3221225472
1071347140
1073741824
1071354726
1073741824
1070983513
3221225472
1072676956
3221225472
1072665153
3221225472
1072586073
536870912
1071717625
3221225472
1072321331
2684354560
1071677218
3221225472
1072315734
536870912
1069367831
0
1070449949
0
1072309564
2147483648
1071041440
3221225472
1072151719
0
1069947232
0
1071322410
3221225472
1069958493
0
1072409650
536870912
1067212072
0
1069654580
0
1072589715
1073741824
1068075958
0
1071888909
0
1070999772
0
1070978898
2147483648
1072307401
0
1072212284
3758096384
1072568942
1073741824
1069559445
2147483648
1070828687
2147483648
1071474407
0
1070670733
1073741824
1071481782
2147483648
1072666627
1610612736
1071425338
3221225472
1070401735
0
1071909511
2684354560
1072534864
0
1069059703
0
1071671340
3221225472
1070206745
2147483648
1063216448
0
1072559898
3758096384
1071315297
1073741824
1072222763
1073741824
1071952453
3758096384
1072298203
2684354560
1068462518
0
1072420564
3758096384
1070389273
2147483648
1071851115
1073741824
1072470775
2147483648
1071461100
1073741824
1072693247
2684354560
30
