Uvec
2226355706
1071872373
2147483648
1071266763
1073741824
1071589055
0
1071283336
3221225472
1072025974
2684354560
1070986063
3221225472
1071488032
0
1070748809
0
1071992257
3221225472
1071242219
2147483648
1070404339
2147483648
1070641466
1073741824
1071636602
1073741824
1071807608
3758096384
1072440802
2147483648
1072255495
1610612736
1072598194
0
1070690967
2147483648
1070924889
2147483648
1072192780
1610612736
1071830960
1073741824
1069711623
0
1072653054
2147483648
1071653012
1073741824
1070827208
2147483648
1072124925
2684354560
1071731156
3758096384
1069514588
0
1072661793
2147483648
1071928228
2147483648
1072070778
1073741824
1071419382
0
1071901266
3758096384
1070553684
2147483648
1065290272
0
1070504614
2147483648
1070942537
2147483648
1070118770
2147483648
1067750742
0
1072370467
1073741824
1071652380
1610612736
1067450802
0
1067435380
0
1071796428
1073741824
1072418668
2147483648
1070994740
0
1071632620
0
1070896782
1073741824
1072240970
2147483648
1061274368
0
1072576273
3221225472
1072234184
1610612736
1070950864
1073741824
1072602925
3758096384
1064759888
0
1071537070
2147483648
1072065821
536870912
1071167569
1073741824
1072221443
2147483648
1071001403
2147483648
1071489742
1073741824
1070823761
1073741824
1071782582
1073741824
1070738085
0
1070831723
2147483648
1071934213
1073741824
1071859621
536870912
1069444842
0
1069600507
0
1069447912
0
1071482817
1073741824
1068642611
0
1072073055
536870912
1072660089
3221225472
1072393292
1073741824
1068599945
0
1065434752
0
1071004608
3221225472
1071307784
3221225472
1069234381
0
1072321465
2147483648
1067867972
0
1072546792
1073741824
1067895014
0
1072082266
3758096384
1071525793
1073741824
1071588098
3221225472
1072074945
2684354560
1072603804
1073741824
1069654193
0
1072634717
3758096384
1072318093
1610612736
1070486806
0
1071023771
1073741824
1072458286
1073741824
1072090465
0
1071968478
1073741824
1068839648
0
1071461100
1073741824
1072693247
2684354560
68
