Uvec
2226355706
1070366291
2147483648
1072091509
1073741824
1068784269
0
1071794880
0
1070170095
2147483648
1071928171
2684354560
1071568413
2147483648
1069683493
2147483648
1070984654
0
1070723921
1073741824
1072590545
3221225472
1069013163
0
1070651887
0
1072071392
3221225472
1072472137
536870912
1071420959
2147483648
1072285262
1610612736
1072635828
1073741824
1069335521
0
1071812338
1610612736
1071112083
1073741824
1072176499
2147483648
1071097124
3221225472
1071316355
1073741824
1070052593
2147483648
1069507743
0
1068149884
0
1072483924
536870912
1072583914
536870912
1068070086
0
1071785298
1073741824
1072134291
2147483648
1071379952
1073741824
1072226471
1610612736
1072400267
2684354560
1072220003
1610612736
1072533654
1610612736
1072204777
2147483648
1070812566
2147483648
1071743249
2147483648
1072630205
2684354560
1069844932
0
1072521592
3758096384
1070825548
2147483648
1070871208
0
1070935625
3221225472
1070040809
0
1069185214
0
1071466491
0
1071632623
0
1071009211
2147483648
1070993704
3221225472
1072321960
2684354560
1071442590
0
1072558784
1610612736
1072498351
0
1067097452
0
1068894110
0
1071196011
0
1069708657
2147483648
1072038334
3221225472
1070194376
2147483648
1069790623
2147483648
1072417494
1073741824
1071670389
2684354560
1071937449
1610612736
1071408649
1073741824
1072684194
536870912
1071072184
3221225472
1072019987
2684354560
1072403188
1073741824
1070072556
2147483648
1070849783
3221225472
1072190021
2147483648
1069610196
0
1069879949
2147483648
1069850596
2147483648
1072339628
1610612736
1070779337
0
1071278998
2147483648
1070069112
2147483648
1068235156
0
1068708233
0
1071286725
1073741824
1072041227
1073741824
1072615954
1610612736
1069682670
0
1071243297
0
1070975820
2147483648
1072568755
2684354560
1071971225
1073741824
1072145041
2147483648
1071598091
1073741824
1072343060
2684354560
1072289294
0
1071831677
3221225472
1068550001
0
1071198210
2147483648
1071461100
1073741824
1072693247
2684354560
26
