Uvec
2226355706
1069751683
0
1068273742
0
1071885255
1073741824
1071770971
3758096384
1071914050
536870912
1072152121
2147483648
1071928885
536870912
1072094506
3221225472
1067999172
0
1069937368
0
1072638237
3758096384
1071839128
1073741824
1070014304
0
1072665022
2684354560
1071878701
3758096384
1072331622
3221225472
1067539508
0
1071170685
0
1071924793
3758096384
1070426629
0
1071352541
0
1068784230
0
1071653440
2684354560
1072178959
3758096384
1072336107
1610612736
1070898541
3221225472
1070376079
2147483648
1069611930
0
1072010680
2147483648
1070356312
0
1068940775
0
1069861556
2147483648
1070927841
1073741824
1070300805
2147483648
1071765303
2147483648
1072622916
3221225472
1071595358
1073741824
1068626053
0
1072447017
1610612736
1070753853
0
1067658694
0
1072174519
3221225472
1072196530
1610612736
1072106018
3758096384
1068793256
0
1072397832
1610612736
1066699208
0
1071517798
1073741824
1066597776
0
1071230236
0
1072477722
536870912
1072486908
2147483648
1072612664
3221225472
1072566582
2147483648
1072268635
1073741824
1072083207
1073741824
1072286829
3758096384
1071845119
2684354560
1069771959
2147483648
1072262095
0
1072100808
0
1070011718
0
1070132886
2147483648
1071741977
536870912
1071730504
3221225472
1070143839
0
1071057462
3221225472
1068403212
0
1070951798
2147483648
1072217201
2684354560
1070710814
2147483648
1072154186
2147483648
1070828906
1073741824
1068444666
0
1069609744
2147483648
1072227101
2684354560
1070792939
2147483648
1071885991
3221225472
1071514097
1073741824
1069917318
2147483648
1072538649
3221225472
1069240710
0
1071958056
536870912
1067887276
0
1071671484
536870912
1069702462
0
1072202347
2684354560
1072162733
2684354560
1071244030
2147483648
1068280322
0
1072529954
0
1072240799
536870912
1071381314
0
1072308777
0
1072194999
2147483648
1072246492
3221225472
1071891682
1610612736
1070379542
2147483648
1071461100
1073741824
1072693247
2684354560
3
