Uvec
2226355706
1072496756
1610612736
1072374230
3221225472
1071335547
3221225472
1072329234
1073741824
1069963881
0
1072354836
0
1072522076
3221225472
1071847854
3221225472
1072369923
536870912
1070926039
3221225472
1071326597
2147483648
1067221496
0
1065991040
0
1069738675
0
1071734330
2147483648
1069332279
0
1072104176
1610612736
1069746937
0
1072565477
2147483648
1069754964
2147483648
1069233855
0
1068088068
0
1072133477
536870912
1071240676
1073741824
1069883104
0
1072098674
1610612736
1072403795
3221225472
1072321418
1073741824
1070978832
0
1071897928
2684354560
1071910950
1073741824
1070935111
0
1072427584
0
1071553925
0
1071818818
2147483648
1069987308
2147483648
1071836138
1610612736
1072249792
2684354560
1071649971
536870912
1071907122
536870912
1072199469
2684354560
1071675549
2147483648
1072393033
3758096384
1071310772
2147483648
1072691822
0
1072348170
3758096384
1072409941
1610612736
1071874888
3758096384
1070677139
0
1072132643
536870912
1072452158
3758096384
1072171467
1073741824
1071973958
3758096384
1072471744
1073741824
1070972948
1073741824
1072241551
3758096384
1071650997
1073741824
1071867062
3758096384
1071087703
2147483648
1070506248
0
1066959712
0
1069066391
0
1069906765
2147483648
1069579582
0
1070907655
3221225472
1071904887
536870912
1067305520
0
1072385927
536870912
1071698998
3758096384
1069861708
2147483648
1072232709
1610612736
1069369400
0
1072643361
0
1069562917
0
1070864201
3221225472
1072016146
536870912
1072038162
3221225472
1069721236
0
1071260882
2147483648
1072489342
2684354560
1071923119
0
1070587350
2147483648
1071982254
536870912
1070486195
0
1068746387
0
1068767386
0
1069251604
0
1071802589
2684354560
1071300546
2147483648
1072106893
3221225472
1072469360
1073741824
1070893547
0
1072433672
1610612736
1071561965
2147483648
1068966774
0
1072541078
1073741824
1072090545
536870912
1071042686
3221225472
1071461100
1073741824
1072693247
2684354560
66
