Uvec
2226355706
1072575356
2684354560
1072055530
3758096384
1072500498
1073741824
1071170754
2147483648
1069763520
0
1071447508
2147483648
1071951066
2684354560
1070412445
2147483648
1069521656
0
1070543864
0
1072368209
0
1072635911
2684354560
1072240173
2147483648
1072523790
2147483648
1072282432
1610612736
1070079838
2147483648
1071189530
1073741824
1072327994
1073741824
1071957111
536870912
1069199038
0
1072208909
0
1072361762
0
1072312169
2684354560
1070643453
2147483648
1069908336
0
1071974218
3758096384
1072318851
536870912
1070183420
2147483648
1071785841
0
1070652267
3221225472
1066659472
0
1072593479
3221225472
1070097305
0
1069992242
2147483648
1068923832
0
1071309566
3221225472
1071816136
0
1072209869
3221225472
1070881003
1073741824
1071012931
0
1072286973
3221225472
1071958034
2684354560
1072017057
2147483648
1071854514
1073741824
1071934131
3221225472
1069836597
0
1070109530
0
1061546752
0
1070154606
0
1071157267
2147483648
1072176996
1073741824
1072072605
2684354560
1071726778
3221225472
1070659426
2147483648
1071734396
3221225472
1071861706
1610612736
1070898967
0
1071904709
2147483648
1071464757
3221225472
1070833792
2147483648
1071017989
0
1069322980
0
1072541297
1610612736
1069920765
2147483648
1071347294
1073741824
1071657220
1073741824
1072412984
2684354560
1070956076
3221225472
1071758430
2684354560
1068584648
0
1071967074
0
1072410434
536870912
1066488680
0
1071738121
3221225472
1071003723
3221225472
1071778788
536870912
1072514168
1073741824
1071274888
2147483648
1071805703
536870912
1070675133
0
1071704051
3758096384
1072275918
3758096384
1070591585
2147483648
1071965492
2147483648
1072535122
2147483648
1072183637
2147483648
1070959784
0
1071239396
2147483648
1071071218
3221225472
1071943638
2684354560
1072313284
2147483648
1072539923
2684354560
1069041627
0
1072245631
1610612736
1071348636
1073741824
1072108727
3221225472
1072646036
0
1071144063
1073741824
1071461100
1073741824
1072693247
2684354560
95
