Uvec
2226355706
1072653088
1610612736
1072661112
1610612736
1072615163
3221225472
1072103404
2684354560
1070600607
1073741824
1072663376
1610612736
1071425739
3221225472
1070963138
0
1071834114
1610612736
1071498201
1073741824
1069773393
2147483648
1071072261
1073741824
1072532784
1610612736
1065487208
0
1070658295
2147483648
1072266606
3758096384
1069333846
0
1070091905
0
1070843646
3221225472
1071947388
3221225472
1069121923
0
1071395225
1073741824
1070183017
2147483648
1071838732
2684354560
1071152628
2147483648
1071065374
1073741824
1071073959
2147483648
1068538148
0
1068230776
0
1070818688
2147483648
1072128029
3221225472
1067648770
0
1068914914
0
1072187583
1073741824
1067630924
0
1072190848
536870912
1072422564
1073741824
1070824693
1073741824
1070291047
2147483648
1070477462
0
1071143045
2147483648
1072354188
2147483648
1071572499
2147483648
1070868656
3221225472
1071502571
3221225472
1071036202
0
1070329900
0
1072462876
2684354560
1070115376
2147483648
1071148857
0
1072259134
2147483648
1072652215
2684354560
1070417051
2147483648
1071192737
3221225472
1070639872
1073741824
1071866513
2147483648
1072558654
1610612736
1071550496
0
1071700537
1610612736
1068903999
0
1071661314
1073741824
1071794201
536870912
1069716887
2147483648
1071471639
1073741824
1071587761
1073741824
1065874488
0
1068842588
0
1072572671
2684354560
1071936932
0
1072629033
1073741824
1068785669
0
1072092986
3221225472
1071766248
3758096384
1071882310
536870912
1071247746
3221225472
1070633374
1073741824
1072635189
2684354560
1071016026
3221225472
1070285201
2147483648
1069013118
0
1072054591
2684354560
1070917337
3221225472
1069520574
0
1070980348
3221225472
1071246093
1073741824
1072522072
2684354560
1072495149
2147483648
1071301597
2147483648
1071741488
2147483648
1069193730
0
1071786947
536870912
1072250811
1610612736
1072370376
3221225472
1071788550
1610612736
1071764179
3758096384
1071914351
1073741824
1069724478
2147483648
1066015608
0
1071461100
1073741824
1072693247
2684354560
4
