Uvec
2226355706
1072671990
2147483648
1070997844
0
1072657574
2147483648
1071240733
2147483648
1072021546
0
1072333607
3221225472
1070991940
0
1069625456
2147483648
1072298791
1073741824
1071185442
0
1070094396
0
1071866257
1610612736
1071513191
3221225472
1070894579
3221225472
1069790092
0
1072008457
0
1070159959
2147483648
1072204818
3221225472
1072201679
3758096384
1071097434
0
1072031719
1610612736
1071989086
1073741824
1068998775
0
1072529180
2684354560
1067614790
0
1065164720
0
1072401510
1610612736
1070566145
2147483648
1071160920
1073741824
1072547934
536870912
1071464799
0
1068803880
0
1071590180
2147483648
1068040920
0
1072134548
1610612736
1068665851
0
1071993027
2147483648
1072545831
3221225472
1066870396
0
1068733172
0
1072357004
1610612736
1067133772
0
1071747968
0
1072474223
3758096384
1072591152
3758096384
1068574050
0
1071858645
3221225472
1070385937
2147483648
1070744102
3221225472
1071789020
1610612736
1072300607
1073741824
1070289428
0
1072490378
2147483648
1072249847
3758096384
1071282398
3221225472
1072278602
2147483648
1072616620
2684354560
1072559273
3758096384
1072093814
536870912
1072593506
3221225472
1069868217
2147483648
1069485766
0
1071484250
1073741824
1068425778
0
1071391081
1073741824
1070344689
0
1072232884
2684354560
1071874560
1073741824
1070628440
2147483648
1071787645
536870912
1066448472
0
1071863239
1073741824
1069697379
2147483648
1071215802
0
1072052185
2147483648
1070990586
1073741824
1072599491
2147483648
1071739695
1073741824
1071662271
1073741824
1070056232
2147483648
1072069069
0
1069871051
2147483648
1072216469
3758096384
1064878528
0
1072304452
1610612736
1071424106
0
1070435394
0
1071828075
1073741824
1070449201
2147483648
1072606625
0
1069899585
0
1070346447
2147483648
1072307495
2147483648
1072133209
3221225472
1071696386
0
1069983680
0
1068663810
0
1070712837
1073741824
1071461100
1073741824
1072693247
2684354560
31
