Uvec
2226355706
1072614198
3221225472
1070886810
3221225472
1072109807
536870912
1072082849
3758096384
1072443703
3221225472
1071722357
0
1069663054
2147483648
1067691610
0
1072075438
2684354560
1072276528
536870912
1070553957
2147483648
1071294758
2147483648
1072064818
0
1071454797
1073741824
1070353198
0
1072546769
1610612736
1067471336
0
1070122523
2147483648
1071786338
1610612736
1071982958
536870912
1070913400
3221225472
1072316730
0
1071821730
2684354560
1072496554
1610612736
1071227359
1073741824
1072235487
1073741824
1070949181
0
1072514099
2684354560
1069913810
2147483648
1071416737
1073741824
1070736996
1073741824
1068586796
0
1070571927
0
1071701877
1073741824
1068846024
0
1072308874
536870912
1070307078
2147483648
1070340088
2147483648
1071736745
1610612736
1071691902
536870912
1071728634
2684354560
1070143986
0
1072532902
536870912
1072162050
0
1071808025
536870912
1070331448
2147483648
1072175654
1610612736
1068212380
0
1072149613
1073741824
1071725318
2147483648
1071878924
1610612736
1068947522
0
1071159329
2147483648
1068679609
0
1072345896
3221225472
1071995910
536870912
1069733212
2147483648
1071231816
0
1072611361
3758096384
1072531319
3221225472
1071808421
0
1071813215
1610612736
1071872972
3758096384
1063622304
0
1071203799
2147483648
1072513740
1073741824
1072243264
1610612736
1072544313
536870912
1071836247
1073741824
1069003467
0
1070522791
2147483648
1071963124
1073741824
1071738708
0
1071687269
3758096384
1070175905
2147483648
1068758829
0
1072121914
1610612736
1072112275
1073741824
1070817588
2147483648
1070577543
0
1072004278
1610612736
1072554870
2684354560
1070622954
2147483648
1070047032
2147483648
1071293688
2147483648
1068972817
0
1071884395
2684354560
1072382220
536870912
1071170244
2147483648
1071920279
0
1069301322
0
1070832574
0
1071146427
2147483648
1069730150
0
1071248814
3221225472
1071684063
3221225472
1069778856
0
1070466353
0
1071461100
1073741824
1072693247
2684354560
21
