Uvec
2226355706
1072133192
3758096384
1071540223
2147483648
1070965510
3221225472
1071545847
2147483648
1070574073
2147483648
1070586346
0
1072001643
2147483648
1071555607
3221225472
1071988636
0
1070113349
2147483648
1070036190
2147483648
1072672656
1610612736
1071476588
0
1070870996
1073741824
1069813502
2147483648
1070443471
2147483648
1071028607
1073741824
1072621021
2684354560
1070636339
1073741824
1071847795
1073741824
1071969299
3758096384
1071768940
536870912
1072366352
1073741824
1070683367
2147483648
1072547145
2684354560
1071765632
0
1071443225
3221225472
1072268845
1073741824
1071695053
1610612736
1071506155
1073741824
1072590315
1073741824
1072083697
1073741824
1072555627
0
1067874310
0
1072496040
1610612736
1070622889
0
1068120254
0
1068271680
0
1072396765
2684354560
1072469760
3221225472
1071696528
1610612736
1072120191
536870912
1072444679
3758096384
1071751760
3758096384
1064970960
0
1069375494
0
1063740640
0
1072134828
1610612736
1070966028
1073741824
1071856259
0
1070619576
0
1072276854
2684354560
1071636306
0
1071929265
1073741824
1071650932
2684354560
1072047167
2684354560
1072254201
3221225472
1069774223
0
1072042229
2684354560
1071664270
0
1071840682
536870912
1071766361
3221225472
1071735104
1073741824
1070997335
3221225472
1072531342
1073741824
1065558616
0
1071547908
2147483648
1069096090
0
1072186357
0
1071080207
1073741824
1071499060
3221225472
1071501738
1073741824
1071846208
1073741824
1070189441
2147483648
1071823255
1610612736
1072574750
2147483648
1069925291
0
1070299443
0
1072327253
3221225472
1071661899
1610612736
1070772709
3221225472
1068954856
0
1071935144
1073741824
1069779602
2147483648
1070450037
0
1069878926
2147483648
1069763239
0
1072195409
536870912
1069902248
2147483648
1070750114
2147483648
1071879632
1073741824
1065085904
0
1071650717
1610612736
1070607156
3221225472
1072110833
536870912
1071824705
0
1072464218
536870912
1072397144
3221225472
1071461100
1073741824
1072693247
2684354560
30
