Uvec
2226355706
1071314859
1073741824
1072681941
1073741824
1071770862
1610612736
1071786355
3221225472
1071801881
0
1070697535
2147483648
1072215226
2684354560
1071804277
1610612736
1071695991
3221225472
1071327235
1073741824
1072502462
3758096384
1072027148
1610612736
1068605045
0
1065750688
0
1072125803
0
1070100259
2147483648
1071672227
3221225472
1072072708
2147483648
1071357829
2147483648
1069958523
0
1069325368
0
1072093523
2684354560
1066429036
0
1068000014
0
1072522655
1073741824
1070887166
3221225472
1071699529
1610612736
1071615240
2147483648
1068411618
0
1071864037
2684354560
1070725336
1073741824
1072531576
3221225472
1072485513
536870912
1071422386
1073741824
1070189489
2147483648
1072421997
0
1072483199
3758096384
1070682567
1073741824
1069184712
0
1068354484
0
1069734639
0
1066505388
0
1070520421
2147483648
1071951567
536870912
1066772528
0
1071877296
2147483648
1070628271
0
1072203032
3221225472
1070663038
2147483648
1067653142
0
1072352711
1073741824
1072680260
2684354560
1065912736
0
1072114028
0
1072137527
1073741824
1072529345
3758096384
1071360137
0
1070392738
0
1071794068
1073741824
1067093672
0
1069906357
2147483648
1068808493
0
1070632539
0
1072531613
536870912
1071723509
3758096384
1070768423
2147483648
1072098358
0
1072476666
3758096384
1072272256
2147483648
1072461978
3758096384
1072510080
0
1072600810
2147483648
1072160674
536870912
1072009850
1073741824
1071183793
0
1071495334
2147483648
1070897386
3221225472
1071631115
1073741824
1070703605
0
1071803723
0
1072374114
0
1070942291
0
1072319845
0
1071872033
2147483648
1066842828
0
1068264526
0
1072105558
3221225472
1071990960
536870912
1070267102
0
1072082995
1073741824
1071802664
0
1071854963
3758096384
1069455832
0
1071891690
1073741824
1071953763
536870912
1071333469
3221225472
1072047196
0
1072168541
2147483648
1071461100
1073741824
1072693247
2684354560
58
