Uvec
2226355706
1071662423
0
1071459500
0
1071720032
2684354560
1071535965
0
1072686784
0
1071589953
3221225472
1070407400
2147483648
1070193522
0
1072646124
3221225472
1068388470
0
1068908721
0
1072157770
3758096384
1071115072
0
1072144787
2147483648
1071016630
0
1071950300
0
1070582790
2147483648
1067190360
0
1072480050
3221225472
1072002230
1073741824
1070103729
0
1072064326
3758096384
1072461619
3758096384
1072051865
0
1072617365
3758096384
1070023256
0
1072669444
0
1072544164
536870912
1071648183
1073741824
1071501272
1073741824
1072445795
1610612736
1072587947
2147483648
1067366812
0
1070548157
0
1069477767
0
1068079620
0
1069499497
0
1072454667
2684354560
1071818991
3221225472
1071737280
0
1072144749
1610612736
1072259401
1073741824
1068212050
0
1072576212
1610612736
1071617453
1073741824
1067496650
0
1072523339
536870912
1071176266
2147483648
1072148979
3221225472
1072416951
3758096384
1071945129
536870912
1071215638
0
1071218212
1073741824
1070979365
2147483648
1071796101
2147483648
1071213972
1073741824
1072055396
3221225472
1072566152
1073741824
1068871703
0
1072040693
536870912
1070489423
0
1070392227
0
1072114022
0
1065550216
0
1071589034
2147483648
1072224050
3758096384
1071618353
0
1072059169
2147483648
1072017947
0
1068472524
0
1072256854
1610612736
1071465104
3221225472
1069821451
0
1071939925
0
1071737761
0
1071913593
2684354560
1072591746
3221225472
1071060164
0
1072430206
1610612736
1071587387
2147483648
1070663314
0
1072440819
536870912
1070094667
2147483648
1072369061
536870912
1071958990
536870912
1069250925
0
1071202585
2147483648
1071685005
3758096384
1072673731
3221225472
1071873184
2147483648
1072418508
1073741824
1069347683
0
1071592271
2147483648
1069821480
2147483648
1068802711
0
1072185705
2147483648
1070902649
3221225472
1071700677
1073741824
1071461100
1073741824
1072693247
2684354560
91
