Uvec
2226355706
1072217680
3758096384
1072447195
0
1071119702
0
1072234692
536870912
1072423457
1073741824
1071886545
536870912
1071079547
2147483648
1071788354
0
1068244396
0
1072200863
3221225472
1070216921
0
1072071619
3221225472
1072020092
2684354560
1066367568
0
1071939599
0
1071763417
2684354560
1072424657
3758096384
1071825559
1073741824
1071894806
2684354560
1071957465
2684354560
1072257517
536870912
1070876730
0
1072464798
3758096384
1071376425
0
1072687087
0
1072192929
2147483648
1072140102
2147483648
1071891553
2147483648
1071874889
2684354560
1069821913
0
1072338334
0
1072345828
1073741824
1070303428
0
1072515528
1073741824
1071620683
3221225472
1072104962
3221225472
1070205356
2147483648
1072303577
3758096384
1070253562
0
1071580346
1073741824
1071618802
3221225472
1072330252
1073741824
1072367501
0
1071126143
0
1070834939
3221225472
1070459945
0
1069168328
0
1071476354
3221225472
1072050293
1073741824
1070330608
2147483648
1071564486
1073741824
1069011630
0
1071740573
3221225472
1069566596
0
1068457962
0
1071952080
3221225472
1071800602
2684354560
1069728254
0
1068013334
0
1069981695
2147483648
1071945269
3221225472
1069835589
0
1070830190
3221225472
1071094789
0
1072629634
1610612736
1070964550
3221225472
1071721766
3758096384
1071772396
2684354560
1070567964
2147483648
1072582067
1073741824
1071915155
2147483648
1068642794
0
1071909662
2684354560
1071205253
0
1068838267
0
1070016343
2147483648
1067311696
0
1071995035
3758096384
1072183776
536870912
1072668026
2147483648
1071003861
2147483648
1071896191
1610612736
1070526558
0
1071250492
2147483648
1071701541
2147483648
1067580752
0
1071406330
3221225472
1071431240
0
1069395883
0
1071870496
2684354560
1070936232
2147483648
1071029005
3221225472
1072679389
2147483648
1069205038
0
1068845302
0
1071575931
0
1070876867
0
1071783693
536870912
1071461100
1073741824
1072693247
2684354560
60
