Uvec
2226355706
1071881717
2147483648
1071096858
3221225472
1071869946
536870912
1069934187
0
1071395935
3221225472
1068102662
0
1070612166
0
1068550869
0
1070886131
3221225472
1071526844
0
1070755853
2147483648
1072340969
3758096384
1068715921
0
1071563204
3221225472
1071920018
536870912
1072643914
2147483648
1072372091
2684354560
1072070386
1073741824
1071692274
1610612736
1071812098
2147483648
1070923246
1073741824
1069703572
0
1071444115
1073741824
1071422565
2147483648
1071695949
3758096384
1072391058
2684354560
1072364711
1610612736
1070732276
1073741824
1071128161
2147483648
1072235011
3758096384
1070999731
3221225472
1072218291
2147483648
1070718917
2147483648
1067627112
0
1067782850
0
1072523734
1073741824
1070921583
0
1071234583
3221225472
1072214208
3221225472
1068707252
0
1072330926
1610612736
1072228646
2684354560
1070726823
0
1071049495
0
1069711778
0
1072118265
536870912
1071558391
0
1072125212
1610612736
1061181312
0
1072291083
2684354560
1071067586
2147483648
1067324088
0
1071266570
0
1070836199
2147483648
1072062423
2147483648
1072349825
536870912
1072180925
1073741824
1070712630
0
1069881619
0
1071844799
0
1072580976
2684354560
1071823256
2684354560
1071790992
536870912
1072250107
3758096384
1072365370
3221225472
1072103259
1610612736
1069679509
2147483648
1071975082
2147483648
1064653472
0
1071795263
536870912
1070336358
0
1070452820
2147483648
1070811684
0
1069055226
0
1071732803
0
1071688917
2147483648
1070020219
0
1072504913
0
1071474837
0
1072521615
2147483648
1070098210
0
1068330372
0
1072224581
1073741824
1071837649
536870912
1071514684
3221225472
1068223614
0
1071332415
1073741824
1071973203
1610612736
1072534006
3221225472
1071919875
536870912
1072627937
1073741824
1069371198
0
1072671583
3221225472
1071320151
2147483648
1071785440
2684354560
1072091242
0
1071911118
3758096384
1069142202
0
1071461100
1073741824
1072693247
2684354560
6
