Uvec
2226355706
1072596616
3221225472
1071878757
3221225472
1071257544
1073741824
1072205320
536870912
1071160527
1073741824
1070715597
1073741824
1071952017
3758096384
1071543173
3221225472
1072436235
536870912
1072066003
2147483648
1072283213
2147483648
1071308548
1073741824
1072578424
2147483648
1068714407
0
1072590345
1610612736
1071626890
2147483648
1071957096
1610612736
1070010288
2147483648
1070817950
2147483648
1072247017
1610612736
1072564993
3758096384
1072087980
3758096384
1071060445
2147483648
1070702375
3221225472
1066819244
0
1072092972
1073741824
1072069997
2684354560
1068998984
0
1072317333
1073741824
1072672080
2684354560
1071887072
2147483648
1072585082
3221225472
1072619261
1610612736
1070476713
0
1072070973
536870912
1069787279
0
1070612995
3221225472
1072250776
536870912
1071685955
2684354560
1071684275
2684354560
1071209470
3221225472
1071297352
1073741824
1072118374
2684354560
1071734399
3758096384
1071737978
1073741824
1071195414
3221225472
1072515630
2147483648
1071835060
1073741824
1071806183
2684354560
1071683284
3758096384
1072544562
1610612736
1072619023
2684354560
1070716541
2147483648
1071912520
2147483648
1072162010
0
1070701423
2147483648
1071182362
3221225472
1072404606
1610612736
1072358446
1073741824
1072031745
0
1072314709
1610612736
1071101084
3221225472
1071728783
0
1071364225
2147483648
1072505711
536870912
1070513569
2147483648
1069755677
2147483648
1072444064
0
1071326154
2147483648
1070656462
1073741824
1071816051
536870912
1070842558
0
1071645846
2684354560
1072320601
1610612736
1072308207
2684354560
1071855472
536870912
1072623283
3221225472
1072287497
3758096384
1070727430
1073741824
1072341149
1610612736
1072552851
3758096384
1071668912
1610612736
1071009040
0
1071202747
1073741824
1069893035
0
1072386380
3221225472
1072686365
0
1068446354
0
1070267523
2147483648
1072438026
3221225472
1070304453
2147483648
1072470964
1610612736
1072277838
536870912
1071983385
536870912
1071842967
0
1068693525
0
1070628073
3221225472
1071546644
0
1071461100
1073741824
1072693247
2684354560
54
