Uvec
2226355706
1071120743
1073741824
1072282339
2147483648
1071691621
1610612736
1071381327
0
1071464467
1073741824
1071299628
1073741824
1070882720
1073741824
1071873358
0
1072669121
2147483648
1071135811
1073741824
1071571707
1073741824
1071516374
1073741824
1068985902
0
1070444096
0
1072503828
1073741824
1071310940
0
1065266704
0
1070608289
1073741824
1071895701
2147483648
1071417558
2147483648
1071665674
3221225472
1071328841
0
1071516169
0
1072465139
2684354560
1071929147
1073741824
1072500431
1610612736
1070740837
0
1071625554
0
1067999162
0
1067957500
0
1067264932
0
1071962828
3758096384
1071973509
536870912
1072537208
0
1071893055
0
1071917513
1073741824
1070790426
2147483648
1072566293
1610612736
1072008538
536870912
1072617396
536870912
1071866503
0
1071749833
2147483648
1072390161
2147483648
1069372643
0
1071001022
3221225472
1071191939
2147483648
1072150789
1073741824
1072192330
2684354560
1072477744
536870912
1067573118
0
1072519118
1610612736
1072368525
3221225472
1072487419
2684354560
1070681017
2147483648
1071707922
536870912
1072445948
1610612736
1070571110
0
1068770636
0
1071345426
3221225472
1071811526
536870912
1072570824
536870912
1072360623
2147483648
1069863766
2147483648
1072665138
3221225472
1072655979
2147483648
1071458988
2147483648
1071103402
1073741824
1072604935
2684354560
1068757481
0
1071236605
1073741824
1072322880
2684354560
1072688576
2147483648
1069719424
0
1070887374
2147483648
1071775093
3758096384
1072133244
1073741824
1072400046
0
1071688895
2147483648
1072578580
536870912
1072099980
0
1069781788
2147483648
1070468929
0
1071476694
2147483648
1071847923
2684354560
1070732660
2147483648
1070373579
0
1072018444
3758096384
1069971749
0
1072005817
3758096384
1071071084
1073741824
1071160586
1073741824
1070543306
2147483648
1071700817
2684354560
1069994218
0
1072449938
1610612736
1072460382
0
1070309055
0
1072088427
536870912
1071461100
1073741824
1072693247
2684354560
48
