Uvec
2226355706
1072531743
1610612736
1072163102
536870912
1072487902
2684354560
1072257998
3221225472
1071788296
536870912
1066068888
0
1067220020
0
1071851558
3758096384
1067891708
0
1070987523
0
1068975485
0
1069219908
0
1071247906
1073741824
1072654358
2147483648
1071813096
0
1072174206
3758096384
1069980434
0
1071854727
2147483648
1068497598
0
1071172585
2147483648
1069145080
0
1072616848
1073741824
1072307485
2684354560
1072488763
1610612736
1071198408
0
1070928869
2147483648
1064996144
0
1072366117
1610612736
1069588528
0
1072609417
2684354560
1072480580
1610612736
1071775737
1073741824
1070040938
2147483648
1069337883
0
1071037332
1073741824
1072371441
3221225472
1072236045
0
1070754560
1073741824
1072548680
0
1072592488
3221225472
1068579667
0
1072283328
3221225472
1071359556
2147483648
1072647188
0
1071853967
0
1071128520
2147483648
1071888930
3221225472
1067565820
0
1071471182
2147483648
1071543799
2147483648
1072446387
3221225472
1072199958
1610612736
1071711157
1073741824
1069764866
2147483648
1072388462
1610612736
1071893655
3221225472
1072516732
536870912
1071955391
2684354560
1069834209
0
1067806668
0
1070853274
0
1068679087
0
1071975138
2147483648
1072124533
536870912
1071992537
536870912
1072356645
0
1072343607
2147483648
1071865021
536870912
1072638821
1073741824
1072188464
1073741824
1072103223
2147483648
1072400407
536870912
1071252052
0
1069561663
0
1072241371
1610612736
1072155512
0
1071464210
1073741824
1070215290
2147483648
1070826394
2147483648
1068385820
0
1071072406
0
1072381118
3221225472
1072405454
0
1071773916
536870912
1068829276
0
1070021197
0
1071150520
2147483648
1065338896
0
1070811046
0
1072397328
1610612736
1071757220
3758096384
1072404100
2147483648
1072574947
2147483648
1071617954
2147483648
1070813289
0
1070577814
2147483648
1072668538
536870912
1072463716
2684354560
1071461100
1073741824
1072693247
2684354560
69
