Uvec
2226355706
1069945185
2147483648
1071361928
3221225472
1072166788
2147483648
1070634215
2147483648
1070797075
1073741824
1068738519
0
1068834387
0
1071725165
1610612736
1071024343
1073741824
1071396424
1073741824
1071801609
0
1069686448
0
1072015642
536870912
1067660160
0
1072281390
1073741824
1071853130
3758096384
1072411353
2147483648
1071574245
3221225472
1069878417
0
1071648152
536870912
1070279595
0
1071613575
0
1071837102
1610612736
1070666710
3221225472
1071245551
0
1071966799
0
1068265996
0
1071277434
3221225472
1071710194
0
1072591833
3758096384
1071647161
1073741824
1071841600
0
1071891348
1073741824
1072330463
3221225472
1070037441
0
1070246240
2147483648
1072684319
0
1069717384
0
1071832542
1610612736
1072449988
1610612736
1072461034
1073741824
1070419870
0
1071175217
1073741824
1071789820
3221225472
1071621666
2147483648
1070163860
2147483648
1065107232
0
1072653947
2684354560
1071811400
3758096384
1069316439
0
1071735552
2684354560
1068797404
0
1072419517
2147483648
1071400179
0
1070326927
2147483648
1071821387
2684354560
1072386027
1610612736
1072300948
3221225472
1069382512
0
1070253144
2147483648
1071951317
2147483648
1071966657
2147483648
1071927244
2147483648
1071166176
2147483648
1070818834
2147483648
1065754456
0
1071779336
1610612736
1071143281
2147483648
1071887365
3758096384
1071308904
1073741824
1072153650
1610612736
1072410656
536870912
1069962927
0
1071729903
3758096384
1070385610
0
1066512036
0
1072452925
3758096384
1072377507
2684354560
1071850683
536870912
1070818282
2147483648
1072383135
536870912
1070627638
3221225472
1072316348
2684354560
1072516636
1073741824
1072601857
3758096384
1072264773
1610612736
1072691085
536870912
1071024950
3221225472
1069527246
0
1072374669
0
1070929909
1073741824
1071493806
0
1070989876
0
1071011677
3221225472
1071621188
3221225472
1070618399
0
1071540639
0
1070619077
0
1071461100
1073741824
1072693247
2684354560
59
