Uvec
2226355706
1071715294
3221225472
1072500729
0
1071188966
1073741824
1071544269
1073741824
1071084129
1073741824
1069533370
0
1071000395
2147483648
1071935457
1073741824
1071746289
0
1069887179
0
1072043348
3221225472
1072612006
536870912
1071079394
3221225472
1072161089
1610612736
1072302903
1610612736
1070191858
2147483648
1071357988
1073741824
1071347495
0
1071975879
3758096384
1072099001
2684354560
1068369502
0
1072054388
2684354560
1070489974
2147483648
1071171232
3221225472
1071897952
1073741824
1071305091
3221225472
1070429470
0
1070083267
2147483648
1071038134
2147483648
1072376619
2684354560
1071808898
0
1072649914
3758096384
1072110496
1610612736
1068099792
0
1069941701
2147483648
1072169294
2147483648
1071589476
2147483648
1072174817
536870912
1071124764
1073741824
1071549758
1073741824
1072317231
2684354560
1071919011
3221225472
1071001661
3221225472
1070768969
0
1070928522
3221225472
1068402130
0
1071785398
2684354560
1070510132
2147483648
1071918601
3758096384
1070601455
1073741824
1070896719
3221225472
1071806227
3221225472
1071853015
1073741824
1071568885
3221225472
1071444811
0
1070092488
0
1071710275
536870912
1072309692
0
1072068528
2147483648
1070017370
0
1071841915
536870912
1068836804
0
1071971546
3758096384
1072420916
3758096384
1070582130
0
1070371784
2147483648
1072525508
536870912
1070100965
0
1072379282
536870912
1072055831
536870912
1071395317
1073741824
1071857831
536870912
1071395542
0
1072406365
0
1071364115
3221225472
1070461917
2147483648
1071819176
3221225472
1070483321
0
1072573242
3221225472
1072452473
1073741824
1066501272
0
1070625481
2147483648
1071664451
2684354560
1071860152
0
1071499453
0
1071581669
0
1071935022
536870912
1072589378
1073741824
1070548781
2147483648
1071144782
1073741824
1072100007
1610612736
1072454169
2684354560
1071711871
0
1068234486
0
1072115979
1610612736
1071281254
2147483648
1072151580
1073741824
1071684174
1610612736
1071461100
1073741824
1072693247
2684354560
5
