Uvec
2226355706
1071887307
2147483648
1070486372
2147483648
1071436172
2147483648
1065723544
0
1067862306
0
1071931799
0
1070628311
3221225472
1072489798
1073741824
1072259381
3758096384
1071461044
2147483648
1071627987
0
1071832288
1610612736
1071220005
3221225472
1072545438
536870912
1070646508
1073741824
1068907858
0
1072558263
2147483648
1069802669
2147483648
1072183827
536870912
1072232862
2684354560
1071917994
2684354560
1070764774
2147483648
1071840385
2147483648
1072648742
2147483648
1070914515
2147483648
1072376949
2147483648
1068589329
0
1071730607
1073741824
1071038480
1073741824
1070650681
3221225472
1071034227
1073741824
1070878650
3221225472
1071576283
1073741824
1071936042
0
1072004183
2147483648
1071681580
2147483648
1068559844
0
1070374544
2147483648
1070605887
2147483648
1072262917
2684354560
1072108914
3758096384
1071020006
2147483648
1069937092
2147483648
1067618368
0
1071088269
1073741824
1072494979
536870912
1072242124
0
1072539495
2147483648
1071253127
0
1071438594
1073741824
1071711040
3221225472
1071739525
3758096384
1072634090
2147483648
1072591003
3221225472
1071703952
1610612736
1070996854
0
1071699493
3758096384
1071024115
0
1072664992
0
1070095289
0
1072573763
3221225472
1072622986
1610612736
1072501927
536870912
1072681906
2684354560
1072354340
0
1070651594
1073741824
1068281022
0
1070064532
0
1070751466
0
1071086077
3221225472
1070478937
0
1071779561
1610612736
1072235115
536870912
1070913341
1073741824
1072273524
536870912
1071782199
3221225472
1072565900
3758096384
1067729936
0
1071671001
2684354560
1070827441
0
1070676113
0
1070013668
0
1071702507
1073741824
1072297961
2147483648
1072248996
2147483648
1070183193
0
1071839206
1610612736
1071241595
0
1070770840
1073741824
1071919948
3221225472
1072419288
3758096384
1069806599
0
1071641135
0
1072115923
1610612736
1071625921
2147483648
1072465915
3758096384
1065358232
0
1070638448
3221225472
1071461100
1073741824
1072693247
2684354560
91
