Uvec
2226355706
1071965369
536870912
1071783120
536870912
1066908744
0
1070847377
3221225472
1072228550
2147483648
1071312147
0
1071585754
0
1072606981
2684354560
1071955600
2147483648
1072419604
2147483648
1071931777
2147483648
1070663552
2147483648
1072073736
536870912
1068771643
0
1065957696
0
1071465112
2147483648
1071447747
1073741824
1072486298
3758096384
1071496889
3221225472
1072375454
3758096384
1071203572
1073741824
1071652078
3758096384
1072165169
3221225472
1072372593
0
1072638120
1073741824
1071422922
3221225472
1063583808
0
1070408508
2147483648
1071232163
0
1069693081
0
1071746241
1610612736
1070648680
1073741824
1071025573
2147483648
1068259580
0
1072665762
536870912
1072421450
0
1072377180
0
1072200374
3221225472
1065870000
0
1071671049
536870912
1071147058
3221225472
1070625612
3221225472
1072182226
2684354560
1071231582
0
1071558872
0
1069846270
0
1070935503
2147483648
1072022427
0
1069979553
0
1070861537
2147483648
1071094479
0
1071876089
3758096384
1070640087
3221225472
1071541981
3221225472
1072585946
0
1071944240
1073741824
1071674375
2684354560
1071739272
3221225472
1070979978
1073741824
1071911165
1610612736
1071272869
1073741824
1072318041
0
1071580135
2147483648
1072386650
0
1070185180
0
1072599568
3758096384
1069877477
0
1071525588
0
1071666213
2684354560
1070404841
0
1070711556
2147483648
1071021141
0
1072252649
1610612736
1072360142
3758096384
1072615201
0
1071813521
2684354560
1072063964
0
1072504760
1610612736
1071904264
0
1071537424
2147483648
1070505902
0
1071486396
0
1072381552
2684354560
1070813480
1073741824
1071254644
2147483648
1071702066
536870912
1072581468
536870912
1072503959
1073741824
1071746924
536870912
1072335420
1073741824
1071595847
3221225472
1069755434
0
1072614930
2684354560
1069740432
2147483648
1071873847
1073741824
1072426922
1610612736
1072390082
1610612736
1071645418
2684354560
1071461100
1073741824
1072693247
2684354560
18
