Uvec
2226355706
1071911346
2684354560
1071494487
3221225472
1072055500
0
1072162038
2684354560
1071482283
0
1071160935
0
1071427711
2147483648
1070762350
2147483648
1071933295
0
1072441292
536870912
1069258977
0
1071782068
3758096384
1069747028
2147483648
1072038082
3758096384
1072562066
3758096384
1069550416
2147483648
1071502073
0
1071343054
2147483648
1070934159
2147483648
1069571509
2147483648
1070744340
3221225472
1071942806
2684354560
1072160645
3221225472
1072550359
536870912
1071671637
3221225472
1072599759
2684354560
1072419841
1610612736
1071988645
536870912
1066634116
0
1067849870
0
1070164590
0
1071594665
2147483648
1069333241
0
1070380051
0
1072571986
0
1072257925
3221225472
1069814250
0
1071270029
2147483648
1071460979
1073741824
1071727323
2684354560
1071644784
3758096384
1071098470
2147483648
1070786933
0
1070055709
0
1072560764
536870912
1071152001
3221225472
1070820541
1073741824
1071004641
0
1070055928
0
1071845507
2684354560
1072692534
0
1071755350
2147483648
1072071578
1073741824
1070840492
2147483648
1070790635
1073741824
1072455989
3221225472
1071767150
536870912
1072184042
2147483648
1072575791
0
1069884726
2147483648
1069572809
2147483648
1072219387
0
1071396230
2147483648
1071967853
536870912
1072028190
3221225472
1072377261
1073741824
1070691037
3221225472
1072673240
3221225472
1066084560
0
1067952894
0
1068810872
0
1071178291
0
1070365346
0
1071664259
2147483648
1071583464
0
1071989967
536870912
1071207223
0
1071176281
0
1072087901
3221225472
1071201073
2147483648
1072366482
0
1068916129
0
1071920372
536870912
1066825128
0
1070855432
0
1072272760
2684354560
1072297561
2147483648
1072219478
3221225472
1072043138
3221225472
1072561772
536870912
1072411161
2684354560
1072053007
1610612736
1066600900
0
1071304994
1073741824
1067925372
0
1071163392
3221225472
1062470976
0
1072598892
3758096384
1071461100
1073741824
1072693247
2684354560
85
