Uvec
2226355706
1070374779
0
1069938618
2147483648
1071950076
3758096384
1072672666
3221225472
1070991817
2147483648
1071551598
1073741824
1071907883
1073741824
1068741672
0
1072240482
536870912
1068514405
0
1072636007
536870912
1070711904
0
1071950742
1610612736
1072153775
2147483648
1072366453
3758096384
1070901438
1073741824
1071662402
2684354560
1072233297
0
1066701232
0
1067674772
0
1072317394
2147483648
1071855642
0
1072684208
3221225472
1071874038
0
1071977513
3221225472
1072241793
536870912
1071211195
1073741824
1072486208
1073741824
1071677875
0
1069889746
0
1071806440
2147483648
1070395960
2147483648
1071259482
1073741824
1071837687
1610612736
1072561088
3758096384
1071072995
1073741824
1072260729
0
1071774091
0
1072588016
1073741824
1070482100
2147483648
1072342446
2684354560
1070899668
1073741824
1072025165
1073741824
1069779619
2147483648
1072332481
1610612736
1070162453
2147483648
1069557991
2147483648
1071982723
2684354560
1072658005
3758096384
1071073572
0
1069685555
0
1070271284
2147483648
1069565886
0
1072545717
2684354560
1072519817
1610612736
1071488150
0
1071583619
0
1072349474
1073741824
1070380759
0
1072173432
3221225472
1071836453
3221225472
1070671451
0
1071873898
3221225472
1072256435
2147483648
1069921392
2147483648
1072164933
3221225472
1072183205
536870912
1072585862
1610612736
1072538645
2684354560
1072596981
1073741824
1071403308
1073741824
1072623471
0
1072100695
2147483648
1070114089
0
1071051343
2147483648
1071888242
2147483648
1071075474
0
1072473016
1073741824
1069934219
0
1070828986
3221225472
1071549320
2147483648
1071318035
2147483648
1068531593
0
1071214530
0
1072179384
1073741824
1071321735
3221225472
1071913628
1073741824
1071833188
1610612736
1067819380
0
1072467168
2684354560
1070921132
1073741824
1070838035
1073741824
1072535226
1073741824
1071949517
2684354560
1072084492
2147483648
1072308941
3221225472
1071882410
0
1071453492
3221225472
1071461100
1073741824
1072693247
2684354560
40
