Uvec
2226355706
1066320064
0
1071214015
2147483648
1072512850
536870912
1071749034
3758096384
1071851168
1610612736
1071145502
3221225472
1071835760
3758096384
1070896346
1073741824
1067748508
0
1067883564
0
1071736929
3758096384
1071867364
1073741824
1067741402
0
1072423556
1610612736
1069955411
0
1070878334
3221225472
1071984441
536870912
1072433271
1610612736
1071929646
0
1070804581
1073741824
1070674736
0
1069835118
2147483648
1070894149
0
1072232625
2684354560
1071269917
0
1071729564
0
1070184523
2147483648
1072536950
1073741824
1071807396
3758096384
1072262221
0
1072015407
2147483648
1071964029
2684354560
1071619428
3221225472
1071791176
1610612736
1069183630
0
1071818970
0
1069181497
0
1072312083
1610612736
1072541898
3221225472
1066502684
0
1072207335
0
1072434736
2147483648
1070018041
2147483648
1072434741
1073741824
1069326294
0
1070661535
0
1072685779
536870912
1072361212
2147483648
1071802024
0
1072534507
2147483648
1071971949
1610612736
1069414040
0
1070364733
2147483648
1071863337
2684354560
1070742578
0
1070927368
3221225472
1071872562
1610612736
1070036808
2147483648
1070309481
0
1069584681
2147483648
1072180399
3221225472
1071845356
1073741824
1069108068
0
1071709631
0
1070256442
2147483648
1072024862
2684354560
1071365430
1073741824
1068806722
0
1071950514
536870912
1071592405
1073741824
1071885315
536870912
1072078559
0
1071891150
0
1071704401
536870912
1068678405
0
1071787569
2147483648
1069912159
0
1069581227
0
1072353195
536870912
1072485367
0
1072603882
2147483648
1068063684
0
1071977375
3221225472
1069056224
0
1068786072
0
1069596249
0
1071804614
536870912
1072276560
0
1072095734
2147483648
1071858476
2147483648
1065465920
0
1071540466
1073741824
1071845547
1073741824
1072183649
1073741824
1069786832
2147483648
1072274225
3221225472
1071866171
3221225472
1070379994
2147483648
1071461100
1073741824
1072693247
2684354560
57
