Uvec
2226355706
1071621685
0
1066974948
0
1071374091
0
1071921011
2684354560
1069977705
0
1070810433
0
1071163217
1073741824
1071141120
2147483648
1070785060
3221225472
1070917398
0
1072399600
2684354560
1068659481
0
1072045372
1073741824
1070742576
0
1071800044
3221225472
1071896920
1610612736
1072296740
0
1071654431
1610612736
1069928797
0
1072222972
1073741824
1070669403
0
1071936642
3758096384
1072678037
536870912
1065608216
0
1071105392
0
1071896502
3221225472
1072546444
3758096384
1067462336
0
1072597657
1610612736
1066759236
0
1070754460
0
1070691213
1073741824
1070699651
1073741824
1071645000
3221225472
1071907881
3221225472
1072211564
3758096384
1071478509
1073741824
1071833871
536870912
1070635776
0
1070955087
0
1070827244
0
1072449478
536870912
1071990302
2147483648
1068526451
0
1068597306
0
1072580699
1610612736
1071755708
536870912
1071915007
536870912
1069642099
0
1071196477
1073741824
1069604970
2147483648
1071186483
3221225472
1071956666
1073741824
1072114175
536870912
1069820341
2147483648
1072042689
1610612736
1071029576
0
1070608818
2147483648
1072163263
1073741824
1072124403
1610612736
1068958107
0
1070302938
2147483648
1071826081
1073741824
1071278910
1073741824
1072264648
3758096384
1071630450
3221225472
1066698264
0
1070683024
1073741824
1072176600
3221225472
1070228713
0
1072434722
1073741824
1072604108
0
1070785984
0
1065201536
0
1072292179
0
1071846596
1610612736
1072526327
2684354560
1071287052
2147483648
1070597841
3221225472
1072520774
0
1072268570
1610612736
1072012267
3221225472
1072594826
536870912
1072505198
2147483648
1067460184
0
1071712848
536870912
1072045174
536870912
1072240744
1073741824
1071493486
3221225472
1071360853
1073741824
1071729932
0
1071861371
2684354560
1071572346
0
1072173947
3758096384
1068937720
0
1069562831
2147483648
1069121520
0
1068826405
0
1071461100
1073741824
1072693247
2684354560
18
