Uvec
2226355706
1072135227
2147483648
1070018724
0
1070797322
2147483648
1071942007
3758096384
1070717086
1073741824
1071886829
3758096384
1072587741
0
1072305012
2684354560
1070578486
2147483648
1071304516
1073741824
1070323548
0
1071838278
3758096384
1072621913
3221225472
1071747923
2684354560
1071990177
3221225472
1072209607
2147483648
1070822180
0
1072636960
0
1072652735
0
1071997664
1073741824
1071644230
0
1071176426
0
1067016656
0
1071753479
3758096384
1071359323
1073741824
1072470371
2684354560
1072188512
1610612736
1071674520
0
1070128960
2147483648
1070905755
0
1070520245
0
1071677708
0
1071964933
2684354560
1071608986
1073741824
1072549902
1610612736
1072368089
1610612736
1072190857
0
1070986511
0
1071955892
2684354560
1072088347
1610612736
1071949288
0
1072226709
3221225472
1072119159
0
1072290306
536870912
1071318687
1073741824
1071965087
3758096384
1072201901
3221225472
1071857804
536870912
1071800501
2684354560
1071425155
1073741824
1070083959
0
1071142059
3221225472
1071167332
3221225472
1070126084
2147483648
1072527685
1073741824
1072535442
2147483648
1069940425
2147483648
1070851412
0
1071486205
1073741824
1071752364
1610612736
1071078432
2147483648
1071818559
1610612736
1071685272
3221225472
1069145283
0
1070863265
0
1071935531
2684354560
1072338350
3221225472
1069360205
0
1072526198
3221225472
1072390913
536870912
1072156067
3221225472
1072219963
1610612736
1071969700
2147483648
1071973959
3221225472
1072026558
2147483648
1071731882
2147483648
1071919117
0
1071396008
2147483648
1071393555
1073741824
1068939591
0
1071787993
1610612736
1071648974
2147483648
1072505267
2684354560
1072350149
536870912
1068960397
0
1070669135
1073741824
1071656297
3758096384
1068815757
0
1071295824
2147483648
1071311970
1073741824
1071113891
2147483648
1071951801
536870912
1071709517
1610612736
1071707914
2147483648
1065464752
0
1068634246
0
1072616944
2684354560
1072236069
0
1071461100
1073741824
1072693247
2684354560
61
