Uvec
2226355706
1068663527
0
1071268348
2147483648
1070872895
1073741824
1071619277
2147483648
1070565495
2147483648
1070986498
2147483648
1070356870
0
1066788588
0
1072348754
3758096384
1071320821
3221225472
1071205414
0
1066561312
0
1071711999
1073741824
1071704863
1610612736
1069589679
0
1071371423
2147483648
1071861741
1073741824
1071682183
3221225472
1067960108
0
1069079730
0
1071504028
0
1071728579
1610612736
1071921550
1610612736
1071512167
1073741824
1071688255
3221225472
1072174167
2147483648
1071039283
0
1071460539
3221225472
1068421374
0
1072055504
2147483648
1068366176
0
1072553171
1073741824
1069799291
2147483648
1070679128
3221225472
1072620276
0
1071259100
1073741824
1071707810
3758096384
1071843968
2684354560
1070802132
1073741824
1071653830
2147483648
1070811962
3221225472
1068989207
0
1067745994
0
1072653557
3758096384
1070003661
0
1071551425
1073741824
1072303545
3758096384
1072082332
3758096384
1071856741
1610612736
1071866157
1610612736
1069579669
0
1069720923
2147483648
1071870073
0
1070433968
0
1072139482
2684354560
1072348083
1610612736
1071947697
536870912
1071940379
3758096384
1069539629
0
1071870929
536870912
1067673436
0
1068684202
0
1072113626
3221225472
1071796585
2147483648
1068700618
0
1071974731
1610612736
1071922497
3221225472
1071494585
2147483648
1068602056
0
1069585850
2147483648
1071663605
536870912
1071937452
3221225472
1072662523
3221225472
1072359119
1073741824
1070463109
2147483648
1072670342
3758096384
1070887472
3221225472
1070617658
0
1071410100
1073741824
1069630637
2147483648
1071271471
0
1069684576
0
1072191627
536870912
1072505542
0
1072644620
2147483648
1069059175
0
1071545590
0
1071111267
1073741824
1069094046
0
1069839857
0
1070861846
3221225472
1072663904
536870912
1072691105
2147483648
1069426447
0
1071363345
3221225472
1071431656
2147483648
1071731350
3758096384
1068838458
0
1071461100
1073741824
1072693247
2684354560
95
