Uvec
2226355706
1072086659
3221225472
1071829573
0
1071727739
1073741824
1071772008
3221225472
1072418760
3221225472
1071607892
0
1067984284
0
1071563507
1073741824
1072048188
536870912
1072310880
2147483648
1071227433
0
1072486896
1073741824
1072474626
1073741824
1070872382
1073741824
1070648406
1073741824
1071907564
3758096384
1069191066
0
1070874583
2147483648
1070702122
3221225472
1072039177
536870912
1071231071
3221225472
1072447070
2147483648
1068918422
0
1071889037
2684354560
1066930328
0
1071939288
1610612736
1072427040
1610612736
1071961301
1610612736
1070926752
2147483648
1072441113
0
1070436047
2147483648
1072321551
536870912
1067664870
0
1070951531
1073741824
1071789483
2147483648
1067932490
0
1071186930
3221225472
1070365566
2147483648
1066427516
0
1070855203
2147483648
1070401987
2147483648
1071954942
3758096384
1068120906
0
1072232784
3758096384
1071930077
2147483648
1071713461
536870912
1069767497
2147483648
1070659147
2147483648
1072516436
536870912
1071694033
1073741824
1071991326
2684354560
1070257787
0
1071655240
536870912
1072481947
2147483648
1071199892
3221225472
1069603754
2147483648
1072382858
1073741824
1070735458
0
1072214823
2684354560
1072421048
2684354560
1072055804
536870912
1072061259
1610612736
1072278920
2684354560
1072521862
3221225472
1071677634
0
1071936512
3758096384
1070598572
3221225472
1071819604
1073741824
1072418298
0
1065841192
0
1071586948
1073741824
1071959223
1073741824
1072632473
2147483648
1071923006
536870912
1072029116
0
1067894660
0
1071810239
1610612736
1072045948
0
1072491922
0
1068563288
0
1069466670
0
1072601732
0
1067994718
0
1071205500
1073741824
1072261620
2684354560
1068136198
0
1067830922
0
1072663282
1073741824
1071606086
0
1071790913
536870912
1071831756
2684354560
1071841434
3221225472
1069410164
0
1071990816
1073741824
1071205220
3221225472
1068996415
0
1068995902
0
1072101296
536870912
1071461100
1073741824
1072693247
2684354560
50
