Uvec
2226355706
1069788677
0
1072089445
1610612736
1069962805
2147483648
1071788894
0
1067992644
0
1071924554
1610612736
1068579926
0
1071133974
2147483648
1072011906
3221225472
1071905653
1073741824
1072525356
536870912
1063582272
0
1072079448
536870912
1070775287
1073741824
1069396522
0
1072148088
3221225472
1070899369
0
1071744270
3221225472
1070912286
3221225472
1070645328
3221225472
1071571738
0
1070305626
0
1071567396
2147483648
1069812405
0
1070840093
0
1069172509
0
1070635104
2147483648
1072284966
3758096384
1068117874
0
1072564106
536870912
1071733829
0
1071602070
2147483648
1072213232
0
1072550028
1073741824
1070615753
0
1072597414
3758096384
1071547020
3221225472
1071720194
0
1072394823
2684354560
1072165545
536870912
1071800956
536870912
1071713488
0
1071734883
1610612736
1071900795
1610612736
1069929149
2147483648
1072494858
2147483648
1072154413
3758096384
1072647567
0
1068933800
0
1069226760
0
1072292608
3758096384
1071844970
3758096384
1072114141
3221225472
1071572134
0
1071808490
3221225472
1072304510
2147483648
1069080293
0
1072431004
1073741824
1071873032
0
1068342236
0
1067299840
0
1071631490
1073741824
1069989457
2147483648
1071521288
3221225472
1072472918
3221225472
1072172618
2147483648
1069803933
2147483648
1070733721
3221225472
1071760001
536870912
1071696545
2684354560
1070620057
3221225472
1071990460
1610612736
1070757027
3221225472
1071011331
1073741824
1072154025
3221225472
1071920412
536870912
1071238355
1073741824
1072095058
536870912
1071744630
1610612736
1069883783
2147483648
1070489068
0
1071227133
0
1072607492
3758096384
1072477039
0
1072549869
0
1072156477
1610612736
1071873354
1610612736
1072476581
1073741824
1072265845
3221225472
1071989993
2684354560
1071419199
3221225472
1072285941
3758096384
1070745927
2147483648
1071370957
3221225472
1071643349
0
1067802114
0
1072010739
2684354560
1071615737
2147483648
1071461100
1073741824
1072693247
2684354560
61
