Uvec
2226355706
1071759991
3221225472
1070656800
0
1071613068
0
1072652915
0
1070973276
2147483648
1067777674
0
1070842592
3221225472
1072005933
2684354560
1071968386
2147483648
1071067783
2147483648
1070204938
0
1070628401
3221225472
1071936672
3758096384
1069944976
2147483648
1071489067
1073741824
1071826718
2147483648
1070993984
1073741824
1071820526
536870912
1072382863
1610612736
1071943150
536870912
1068089058
0
1069923911
0
1071569044
2147483648
1071062342
3221225472
1065384928
0
1071819865
3758096384
1070255663
0
1072363225
3221225472
1072037270
2147483648
1068774760
0
1071819942
1610612736
1065304528
0
1072130760
0
1069109155
0
1067451090
0
1068484626
0
1071405398
0
1071665717
3758096384
1072129322
1073741824
1071881438
1073741824
1070186092
2147483648
1072644156
2684354560
1071877259
2147483648
1070785349
0
1072554277
0
1068597876
0
1069916885
0
1071126121
3221225472
1072428039
2684354560
1072551111
2147483648
1071888560
2147483648
1072054702
1610612736
1071966809
1610612736
1067243888
0
1068584074
0
1070809573
0
1071461766
3221225472
1070114969
0
1071006347
2147483648
1072050752
1610612736
1071447465
1073741824
1072050765
536870912
1072444057
1610612736
1072150540
1073741824
1072585081
2147483648
1069210719
0
1072338937
2147483648
1071360831
3221225472
1071676517
3758096384
1071779658
3758096384
1071663221
1610612736
1072011127
3221225472
1071813858
1610612736
1071045935
0
1070207930
2147483648
1070104669
2147483648
1072364145
2684354560
1072690418
2147483648
1072679310
536870912
1072219144
536870912
1071193973
0
1067073508
0
1069599393
0
1071369467
3221225472
1070587011
0
1072277534
1610612736
1072432619
3221225472
1071362550
2147483648
1072342991
3758096384
1069808915
0
1069358112
0
1070550590
0
1072126904
0
1070761212
2147483648
1070672946
3221225472
1072031872
536870912
1070822140
3221225472
1072290207
3221225472
1071461100
1073741824
1072693247
2684354560
36
