Uvec
2226355706
1072106690
3758096384
1071906994
0
1072251311
0
1071226070
1073741824
1071844419
2684354560
1071793864
1073741824
1069363392
0
1071796066
2684354560
1071361924
0
1072155913
1073741824
1071067660
2147483648
1071584917
1073741824
1071969562
3758096384
1072674166
536870912
1071917305
2684354560
1072541982
0
1072505761
2684354560
1068761111
0
1071839457
536870912
1067004584
0
1071821312
0
1070642797
3221225472
1070543537
2147483648
1072498622
2147483648
1067504568
0
1071282750
2147483648
1071388099
2147483648
1066810028
0
1072078545
0
1071919460
2147483648
1072522511
2147483648
1072160618
2684354560
1071664460
1610612736
1071068992
2147483648
1071478250
3221225472
1071373694
3221225472
1070787210
3221225472
1070531814
0
1071334920
3221225472
1072411530
3758096384
1071104183
1073741824
1072464486
0
1072027345
1610612736
1072479079
1610612736
1072601917
0
1072201701
3758096384
1071762817
3221225472
1072134957
1073741824
1070921038
0
1071303363
2147483648
1068287876
0
1068744291
0
1072296363
3758096384
1071870586
3221225472
1070962255
0
1069277275
0
1072180453
3221225472
1070471581
2147483648
1066411032
0
1069936206
0
1070465158
0
1071433493
0
1069797409
2147483648
1070805901
3221225472
1071195658
2147483648
1072172798
536870912
1070769617
1073741824
1072208440
0
1070336615
2147483648
1070701582
1073741824
1071235904
0
1072111204
3758096384
1072565198
1610612736
1071399904
1073741824
1072281520
1073741824
1072663800
536870912
1072515810
3221225472
1071386955
3221225472
1071691894
1073741824
1071677060
536870912
1071599852
0
1072249836
0
1068907876
0
1072399692
1610612736
1072291408
1073741824
1072479108
536870912
1070229164
2147483648
1072030979
3758096384
1069830694
0
1072535558
3221225472
1067766798
0
1068930517
0
1072642378
2684354560
1072395338
0
1071662156
3221225472
1071917015
2684354560
1071333763
1073741824
1072207880
3221225472
1071461100
1073741824
1072693247
2684354560
3
