Uvec
2226355706
1071192541
0
1070656666
0
1072197589
1610612736
1071543762
1073741824
1072194053
2684354560
1071983106
1073741824
1070147237
2147483648
1071761257
0
1072238183
2147483648
1070057705
0
1072182889
3758096384
1071967109
3221225472
1072590872
3758096384
1068652697
0
1072381362
1073741824
1072600994
0
1071825456
2684354560
1072383079
2684354560
1072108558
3221225472
1062133632
0
1068027212
0
1069267516
0
1070972562
0
1072126774
1610612736
1072391149
2147483648
1067872170
0
1071815523
0
1071466377
0
1072201407
0
1072105978
2147483648
1071558270
0
1072436319
3758096384
1070154323
0
1071721419
1073741824
1070890474
0
1071730820
3221225472
1069956501
2147483648
1072525936
0
1068717015
0
1071731095
3758096384
1072412929
2147483648
1072577230
1610612736
1072173703
3221225472
1071989403
1610612736
1069507671
0
1068818256
0
1070732976
1073741824
1072413773
536870912
1072406084
536870912
1068798201
0
1069070909
0
1069688521
2147483648
1071963625
0
1072667281
3758096384
1069237508
0
1068396798
0
1072550144
0
1070649083
1073741824
1072121808
1073741824
1071170329
0
1070373052
2147483648
1068224504
0
1072190639
1610612736
1071278729
3221225472
1072253081
1073741824
1072085200
2147483648
1071510212
3221225472
1070044603
0
1071947286
3221225472
1070988769
0
1072164180
3221225472
1072103754
3758096384
1072140143
3758096384
1070959101
0
1072358530
1073741824
1071078108
3221225472
1072675160
1073741824
1071738629
0
1069082469
0
1072600020
2684354560
1070239430
2147483648
1070250848
0
1066685596
0
1070827318
1073741824
1070763656
1073741824
1071946226
1073741824
1072439775
536870912
1065805672
0
1071557878
2147483648
1072247463
3758096384
1072472512
3221225472
1067798638
0
1071136405
2147483648
1071601467
2147483648
1068495080
0
1072410503
3221225472
1072620718
1073741824
1067592118
0
1071461100
1073741824
1072693247
2684354560
25
