Uvec
2226355706
1070623470
3221225472
1070958999
3221225472
1070863486
2147483648
1072306075
3758096384
1072348118
3758096384
1071664766
1610612736
1072029066
1610612736
1070660046
3221225472
1071702593
3758096384
1066707456
0
1071431190
3221225472
1071172344
1073741824
1072383789
3221225472
1072504163
0
1069179733
0
1072533838
0
1072198575
1610612736
1070054236
2147483648
1072245533
2147483648
1071831288
0
1071796084
0
1069745820
0
1069857081
2147483648
1072190997
536870912
1070922088
0
1066420476
0
1070653144
3221225472
1072451603
536870912
1072655285
536870912
1071624259
0
1070198974
0
1071227606
2147483648
1072462391
3221225472
1071005318
0
1072344110
536870912
1069566124
2147483648
1070481502
2147483648
1067936850
0
1071986199
2147483648
1070166749
0
1067757176
0
1071206239
2147483648
1070135166
2147483648
1072655972
536870912
1070728056
0
1070886183
0
1072301700
3221225472
1069463104
0
1070694310
3221225472
1071118408
3221225472
1070616615
3221225472
1071751063
1073741824
1069116075
0
1071475371
2147483648
1071837009
1073741824
1070082997
2147483648
1067999732
0
1072387760
2684354560
1069252938
0
1072014558
3221225472
1070712126
2147483648
1071025965
1073741824
1071565509
2147483648
1072564424
2684354560
1070268419
0
1072325802
3758096384
1072160322
0
1070352815
0
1072174267
1073741824
1072524497
2684354560
1071775728
2684354560
1069731433
2147483648
1072170805
1073741824
1071686279
2684354560
1071732666
1073741824
1071404114
2147483648
1071887983
1610612736
1072141940
536870912
1072685019
2147483648
1070867769
1073741824
1071801964
2684354560
1072064566
2147483648
1071738986
3758096384
1068799891
0
1070974058
2147483648
1072012940
536870912
1072113855
536870912
1072460408
0
1072691350
536870912
1070535095
0
1068519361
0
1070764857
2147483648
1071829515
3758096384
1070768024
0
1071722525
2147483648
1071734986
2147483648
1069656633
0
1071209892
0
1071461100
1073741824
1072693247
2684354560
17
