Uvec
2226355706
1070751347
0
1071780929
1610612736
1071777318
1610612736
1070664088
3221225472
1069999907
2147483648
1070685756
2147483648
1072555934
536870912
1071458351
0
1071619156
1073741824
1071972653
3221225472
1071654675
3221225472
1070670065
2147483648
1072494083
1610612736
1072552975
536870912
1071844405
0
1070747750
1073741824
1071745601
0
1071812379
536870912
1072613029
1073741824
1072274556
3758096384
1072014056
2684354560
1067189720
0
1069910969
0
1071681925
2147483648
1072276552
2684354560
1072233057
2684354560
1072528997
1073741824
1071193979
3221225472
1072666882
0
1070301463
2147483648
1070830543
2147483648
1072551385
1610612736
1071749558
0
1072140543
0
1071369363
3221225472
1071116273
1073741824
1072215367
0
1070368528
2147483648
1071846127
3758096384
1070955987
1073741824
1071698493
1610612736
1071657007
2147483648
1071663976
1073741824
1072203755
0
1072685757
3758096384
1068975631
0
1072069703
2684354560
1070783692
3221225472
1070833170
1073741824
1072175006
1610612736
1071958298
1610612736
1069884596
0
1069523647
0
1072279949
3758096384
1072310092
2147483648
1071826705
2147483648
1072028136
1610612736
1072633423
3221225472
1070417839
2147483648
1068863294
0
1070004848
0
1068880157
0
1072595709
0
1071644851
536870912
1069572390
2147483648
1071526840
1073741824
1072025724
536870912
1068994705
0
1071943344
2684354560
1070452661
0
1072180669
1610612736
1072146142
1073741824
1072135457
536870912
1070890800
1073741824
1065894784
0
1072436904
1610612736
1072543970
536870912
1072627457
0
1072379341
536870912
1071440060
1073741824
1071803640
2147483648
1072303456
2147483648
1071810685
3221225472
1072352062
1073741824
1072647727
1610612736
1070309200
2147483648
1071974981
3221225472
1069637617
0
1071614022
2147483648
1071717340
3758096384
1072166844
2147483648
1068480396
0
1072338299
1073741824
1072535421
3221225472
1070700803
2147483648
1072380627
0
1071271566
0
1072213303
1610612736
1071461100
1073741824
1072693247
2684354560
54
