Uvec
2226355706
1071352715
1073741824
1071641172
2147483648
1072606090
3758096384
1072560763
1073741824
1072020584
536870912
1072233648
2684354560
1071511701
3221225472
1072555681
2684354560
1072276934
2684354560
1070259953
0
1071801375
0
1065600832
0
1071961002
1610612736
1072364596
536870912
1070582288
2147483648
1071694017
0
1071595811
3221225472
1072252226
3221225472
1065737224
0
1072604309
1073741824
1068871809
0
1069112775
0
1069377340
0
1072376164
536870912
1070089863
0
1070813916
0
1069423439
0
1072567909
3221225472
1072092011
3758096384
1070724427
3221225472
1067038256
0
1071454661
0
1072494946
2147483648
1072580192
536870912
1072015485
3758096384
1071814590
2147483648
1072139767
2684354560
1070021825
0
1068634257
0
1072329154
2684354560
1070622799
0
1065290976
0
1068944601
0
1071199937
0
1072450277
3758096384
1071691952
1610612736
1072030688
1073741824
1069479903
0
1071342568
1073741824
1070230604
0
1070866721
0
1072112450
1610612736
1071929136
536870912
1070680430
2147483648
1069921124
2147483648
1072578167
0
1071708342
1073741824
1072173455
3221225472
1070390270
0
1071849963
0
1070618117
0
1072224741
0
1072223233
536870912
1071757967
536870912
1072655188
2147483648
1072524951
3758096384
1072404253
0
1071257856
1073741824
1070879644
0
1070765642
3221225472
1067665692
0
1071986310
3758096384
1071287588
2147483648
1072531759
2147483648
1072602306
2147483648
1071022719
1073741824
1072522299
0
1071301348
2147483648
1070439506
0
1072125461
0
1071991717
2147483648
1072000347
2684354560
1069807164
0
1070917870
3221225472
1072568978
1610612736
1068260332
0
1070048263
2147483648
1069663199
0
1069579688
0
1071872744
3758096384
1069576320
0
1072613643
536870912
1069106933
0
1071352853
0
1072032947
1073741824
1066935388
0
1071790409
1610612736
1071811620
1073741824
1071461100
1073741824
1072693247
2684354560
81
