Uvec
2226355706
1071778460
1610612736
1070660392
0
1071812308
3758096384
1071965911
2684354560
1071865950
2684354560
1071914492
3758096384
1070767577
2147483648
1071863610
2147483648
1070876499
2147483648
1070661387
1073741824
1071669309
536870912
1071771980
3221225472
1068721625
0
1072289228
536870912
1072432739
1073741824
1071695131
2684354560
1071231145
0
1069572533
0
1067127944
0
1070091393
0
1072230513
1610612736
1071934859
536870912
1072319373
0
1071894473
1073741824
1072641280
2684354560
1070555406
0
1071412481
2147483648
1071728975
536870912
1071118764
2147483648
1072563526
1073741824
1071703917
1073741824
1068914993
0
1070638465
3221225472
1071234022
3221225472
1069275421
0
1071713616
2684354560
1072561145
3758096384
1068798653
0
1071911080
2147483648
1072304286
3221225472
1072212791
1073741824
1072330279
536870912
1072141412
536870912
1067925190
0
1071868351
1610612736
1069894623
2147483648
1072550432
536870912
1071004522
1073741824
1072370849
2684354560
1070274406
2147483648
1072632271
3758096384
1071724059
3758096384
1071894812
2684354560
1071455906
1073741824
1072308884
1610612736
1069887932
0
1071940882
1610612736
1071042921
3221225472
1071592818
0
1071864268
2147483648
1071920267
2147483648
1070352417
0
1070996241
2147483648
1070048912
0
1067854404
0
1072478167
2147483648
1072313466
1073741824
1070110225
0
1072537072
2684354560
1071079989
2147483648
1072141160
2684354560
1068732051
0
1070177786
0
1071882433
1073741824
1072316064
3221225472
1069808050
2147483648
1071625285
1073741824
1069264856
0
1070672075
1073741824
1070942579
2147483648
1071225623
3221225472
1072121284
3221225472
1072304318
1610612736
1072055196
1610612736
1072459263
1610612736
1071528674
2147483648
1070135226
2147483648
1067009360
0
1072553182
2684354560
1070819658
3221225472
1069854015
2147483648
1071230024
0
1069747989
0
1072492215
0
1069601129
0
1071909514
2147483648
1071605834
1073741824
1072644392
3221225472
1071461100
1073741824
1072693247
2684354560
66
