Uvec
2226355706
1070934757
2147483648
1072107575
1073741824
1070747668
1073741824
1070979845
3221225472
1072005685
3221225472
1070895117
0
1071998476
0
1072667756
1073741824
1072002446
0
1063379680
0
1071348938
2147483648
1072064907
1073741824
1071410081
0
1070597430
1073741824
1069568205
2147483648
1070932697
2147483648
1071739349
3221225472
1072480554
1610612736
1072591709
0
1070825953
2147483648
1070961827
2147483648
1071835417
2684354560
1071861757
3758096384
1072007176
0
1071897684
2147483648
1072510444
1073741824
1068791042
0
1071126142
1073741824
1071328173
3221225472
1065378712
0
1070266909
2147483648
1072274424
536870912
1071239493
1073741824
1071119382
1073741824
1071572018
0
1072566824
536870912
1071167593
1073741824
1071945695
2684354560
1070810327
3221225472
1068652390
0
1071465566
0
1071413146
2147483648
1072457398
0
1072517555
0
1070967846
2147483648
1068595618
0
1071066664
2147483648
1066911608
0
1072066109
0
1071679897
0
1068838490
0
1072075655
2684354560
1071922776
3758096384
1071096764
1073741824
1070895530
0
1072165116
3221225472
1072273867
3758096384
1071029481
3221225472
1071949988
536870912
1071929907
3758096384
1065761312
0
1071577277
2147483648
1071983351
0
1072370364
2684354560
1070840674
1073741824
1069765574
2147483648
1072489190
3221225472
1069707524
2147483648
1072501638
2147483648
1066513388
0
1067141968
0
1071918784
2147483648
1072207657
2684354560
1072665253
0
1069688884
2147483648
1072183165
3758096384
1070675733
0
1072627569
1073741824
1071082982
2147483648
1069877737
2147483648
1070646099
2147483648
1072167374
536870912
1071492018
2147483648
1069873544
0
1071630583
2147483648
1068641274
0
1070804292
3221225472
1069331694
0
1072041651
536870912
1071825243
536870912
1068745172
0
1071453630
0
1072238069
1073741824
1068027122
0
1070885560
3221225472
1071600533
1073741824
1072688706
2684354560
1072511382
2684354560
1071461100
1073741824
1072693247
2684354560
26
