Uvec
2226355706
1068586164
0
1071479294
1073741824
1071399969
3221225472
1070144427
0
1070934017
3221225472
1072328003
3758096384
1072131668
3758096384
1072135527
0
1070891564
3221225472
1071982171
2684354560
1070860133
1073741824
1071187817
0
1071629641
2147483648
1069715115
2147483648
1072248331
3221225472
1072274317
3758096384
1071995110
536870912
1070005933
0
1070941372
1073741824
1071645961
3758096384
1069908234
2147483648
1072511444
536870912
1072126850
3758096384
1071095470
1073741824
1071008987
1073741824
1071331740
3221225472
1072180866
3221225472
1071466465
2147483648
1070909998
3221225472
1071743935
2684354560
1070751819
0
1072095932
2147483648
1072109647
3758096384
1069496387
0
1072539864
1610612736
1069156475
0
1071137508
0
1067625718
0
1071996151
2147483648
1067999448
0
1071647776
536870912
1072443311
536870912
1072249147
1073741824
1070553944
2147483648
1069606779
2147483648
1070073623
0
1070864992
1073741824
1070674537
0
1071527839
2147483648
1071299501
3221225472
1071992765
2147483648
1072149053
536870912
1069556208
0
1072687750
0
1072106289
1073741824
1071689374
2147483648
1070698647
2147483648
1072254425
2684354560
1072258338
1610612736
1071691259
1610612736
1072483337
2684354560
1072660856
3758096384
1066252576
0
1072345343
536870912
1072183772
0
1071989692
3758096384
1069923661
0
1069615069
2147483648
1072290953
1610612736
1072352074
536870912
1069939479
0
1072093477
2147483648
1071836464
0
1072501558
3221225472
1072388265
1073741824
1071906856
0
1071769904
3758096384
1071902820
536870912
1071239825
2147483648
1068254898
0
1071681845
3758096384
1072498664
536870912
1069700920
0
1070604906
3221225472
1072334508
1610612736
1066494900
0
1069465293
0
1069222749
0
1068944524
0
1072473997
0
1072577044
0
1071765304
1073741824
1070786015
1073741824
1072506830
2147483648
1071088277
1073741824
1070423835
2147483648
1070416623
0
1069795704
0
1071461100
1073741824
1072693247
2684354560
14
