Uvec
2226355706
1071892822
3221225472
1071288185
1073741824
1072136814
2147483648
1072075511
2684354560
1072054182
2684354560
1069907962
0
1070619591
3221225472
1071604071
3221225472
1068696241
0
1071600287
0
1070265857
0
1071368123
0
1070517246
2147483648
1072239708
0
1072603337
0
1072206184
1610612736
1072053074
3221225472
1067437196
0
1071695828
1073741824
1065324320
0
1062683712
0
1066236208
0
1071785752
2684354560
1072256780
2684354560
1070156896
0
1072657736
2147483648
1071289430
2147483648
1071885334
536870912
1071538025
3221225472
1072650405
536870912
1072263769
1073741824
1071363806
2147483648
1067615426
0
1070295606
0
1072257468
3221225472
1071711416
3221225472
1072614547
1073741824
1071120659
3221225472
1071819231
1073741824
1072288541
536870912
1072116979
3758096384
1071694310
2684354560
1070969658
1073741824
1071972335
536870912
1071146589
2147483648
1072151838
3758096384
1071483466
1073741824
1071267059
1073741824
1070925741
2147483648
1072361081
3221225472
1072268770
3758096384
1072535054
0
1070971793
3221225472
1071916718
1610612736
1070228240
0
1072656558
0
1071303283
3221225472
1072493900
1610612736
1072600385
536870912
1071872888
536870912
1070676761
0
1069995572
0
1072461300
2684354560
1071037747
0
1068704397
0
1070982629
1073741824
1071923138
0
1072685982
1610612736
1066693168
0
1072285474
1073741824
1071565905
2147483648
1072039942
2147483648
1070893169
0
1072033180
1073741824
1072614056
1610612736
1067603640
0
1072195313
0
1072270978
1610612736
1072325675
0
1071957145
2684354560
1072104871
3221225472
1069900469
2147483648
1070738298
3221225472
1070851888
2147483648
1071803037
1610612736
1070703057
1073741824
1070836579
1073741824
1069739231
2147483648
1067325752
0
1072572563
536870912
1070130469
0
1068864178
0
1070490260
2147483648
1069652023
0
1071811393
3758096384
1071820443
536870912
1072237944
2147483648
1070416902
0
1071461100
1073741824
1072693247
2684354560
32
