Uvec
2226355706
1071338986
1073741824
1071945202
3758096384
1071616670
1073741824
1071952193
1073741824
1071512101
3221225472
1072052332
3221225472
1072307783
1610612736
1071983151
3221225472
1071179389
3221225472
1067907488
0
1070657171
2147483648
1070668328
3221225472
1071952734
0
1072446000
3221225472
1072228303
1610612736
1071103903
0
1072127759
1610612736
1072101514
1073741824
1072206266
0
1072392757
2684354560
1071709627
1610612736
1071654796
536870912
1067005004
0
1070260809
2147483648
1072539180
0
1069400047
0
1069906771
2147483648
1071700278
0
1068643078
0
1071671351
0
1071344094
0
1072681145
3758096384
1072344175
1610612736
1072039480
1610612736
1071959386
3758096384
1072336836
2147483648
1071000842
0
1072320774
3221225472
1071723621
3221225472
1072115251
536870912
1072319186
2147483648
1068355714
0
1071678769
3221225472
1070029599
0
1072461207
2684354560
1070562689
0
1072024281
3758096384
1069640405
2147483648
1069588786
2147483648
1071867611
2684354560
1069586149
2147483648
1070956816
3221225472
1068592741
0
1071766455
0
1069942419
0
1072126158
3221225472
1069985247
2147483648
1072430637
1073741824
1072237911
536870912
1072690748
0
1070532973
2147483648
1072372823
3221225472
1072339680
1610612736
1067334872
0
1071448165
0
1071780474
1610612736
1072468987
536870912
1072397937
2684354560
1072150246
1073741824
1072336881
3758096384
1066381992
0
1071074575
3221225472
1072015484
1073741824
1068894930
0
1072434542
2147483648
1071866396
0
1072066909
0
1072657936
536870912
1072622996
2684354560
1071908804
3221225472
1066761564
0
1070654480
0
1072278262
1073741824
1071470423
3221225472
1071765538
0
1071260350
2147483648
1072358832
1073741824
1070637505
2147483648
1069811327
0
1067932034
0
1072457105
536870912
1071111072
0
1071854570
0
1070539964
0
1072301949
3221225472
1072080657
2684354560
1071504425
2147483648
1072179836
3221225472
1071461100
1073741824
1072693247
2684354560
5
