Uvec
2226355706
1072179058
1073741824
1071638738
0
1070811720
3221225472
1071796748
1073741824
1068952350
0
1072114467
2684354560
1071360821
3221225472
1069139945
0
1070127919
0
1072076044
2147483648
1070599101
3221225472
1071061376
2147483648
1068841939
0
1067643614
0
1063968512
0
1072562704
1610612736
1072151561
1610612736
1072323633
2147483648
1070454534
0
1066980784
0
1070239445
0
1072352098
3221225472
1072491637
2147483648
1067987934
0
1070824420
2147483648
1072466883
1073741824
1070984063
3221225472
1071051988
0
1072184795
1610612736
1071914424
1610612736
1069588219
0
1067917602
0
1070693455
0
1072389617
1073741824
1070721480
0
1070528954
2147483648
1071900025
3758096384
1070294420
2147483648
1071460308
2147483648
1070238280
2147483648
1072097435
2147483648
1071861421
1073741824
1071906601
1073741824
1069795749
0
1071340782
0
1070189744
0
1069193282
0
1071193805
0
1072389263
1073741824
1072563245
3758096384
1071598788
1073741824
1071914820
536870912
1072125983
2147483648
1072443428
2684354560
1071790048
0
1070548117
2147483648
1072109899
3221225472
1071602864
0
1072397263
0
1069786347
0
1072306410
2684354560
1071015103
1073741824
1068559849
0
1071882234
2147483648
1072213339
3221225472
1072508282
536870912
1072546730
3221225472
1070748371
0
1071361479
0
1071892481
3221225472
1072136789
1610612736
1072545953
1610612736
1071363635
0
1072504001
2147483648
1071872313
2147483648
1069055181
0
1072316644
3758096384
1070130757
0
1070135952
0
1071771342
1610612736
1070746869
0
1072183891
536870912
1065445240
0
1071958297
3221225472
1072057347
1610612736
1072548179
536870912
1070728350
0
1072596752
1610612736
1068380932
0
1070506385
0
1071815249
2684354560
1070363011
2147483648
1071201907
1073741824
1072170645
3221225472
1071730833
3221225472
1071546401
2147483648
1071975085
2684354560
1071740813
3758096384
1071461100
1073741824
1072693247
2684354560
57
