Uvec
2226355706
1070413102
0
1072061486
536870912
1070146799
0
1070896794
2147483648
1067393436
0
1069771822
0
1071689871
2684354560
1071053057
3221225472
1071717961
536870912
1067777112
0
1072467673
3221225472
1070992600
2147483648
1072181435
3221225472
1072413532
3221225472
1067986754
0
1072111115
0
1069451110
0
1070266273
2147483648
1071772774
3221225472
1069870523
2147483648
1072054814
0
1072061804
3221225472
1071917936
0
1071432624
0
1070661045
1073741824
1072238800
0
1068490220
0
1072325534
2684354560
1072287845
0
1071279251
2147483648
1071973383
0
1071563086
2147483648
1071865480
1073741824
1071468620
0
1071086264
2147483648
1071617524
2147483648
1071911835
3758096384
1071913310
3758096384
1072316209
2684354560
1070680834
3221225472
1072462401
1610612736
1071988120
3221225472
1072182442
3758096384
1068153534
0
1072351988
3221225472
1071677844
0
1070848573
1073741824
1072100670
0
1069827974
0
1065144272
0
1070869217
3221225472
1070348835
0
1072206383
1073741824
1071883630
536870912
1070912302
2147483648
1072090224
3221225472
1071515736
1073741824
1072147753
3221225472
1072518793
1073741824
1070587725
2147483648
1068708081
0
1070011102
2147483648
1071729270
1610612736
1072605392
0
1071621789
0
1071961392
2684354560
1070357756
0
1072242596
1073741824
1071689312
2147483648
1071166868
0
1071854738
1610612736
1072411263
3758096384
1069876453
2147483648
1072636182
2147483648
1071823256
1610612736
1070040296
2147483648
1071163757
0
1072618339
536870912
1072122836
1073741824
1072556412
0
1071419089
3221225472
1067779026
0
1071982132
1073741824
1072195023
1610612736
1071168617
0
1071671746
536870912
1072554862
3221225472
1070291524
2147483648
1071675576
1073741824
1072086881
1073741824
1064541664
0
1069075716
0
1071691720
3758096384
1072387590
3758096384
1070707452
0
1072325105
0
1072591057
3758096384
1071962119
2684354560
1071461100
1073741824
1072693247
2684354560
63
