Uvec
2226355706
1072523625
536870912
1069170419
0
1071949007
1610612736
1072602149
3221225472
1069644804
2147483648
1071176334
2147483648
1069619432
0
1072271952
2147483648
1071489855
0
1071582751
1073741824
1072388094
2147483648
1065853488
0
1072154876
3758096384
1072544223
0
1071994325
1073741824
1070692112
0
1072129951
536870912
1070193867
0
1072577910
2684354560
1070988663
2147483648
1070135978
0
1066656428
0
1071270708
2147483648
1071698080
0
1069915238
2147483648
1071573446
3221225472
1071160998
0
1071882610
1610612736
1072073238
1073741824
1071665375
2684354560
1071947385
2684354560
1069941400
2147483648
1071205997
1073741824
1069646021
0
1071909031
2147483648
1072423417
3221225472
1070012790
2147483648
1072349626
2147483648
1071477772
3221225472
1072444661
1610612736
1071815112
536870912
1069595287
0
1070037173
0
1072196844
2684354560
1069983699
0
1071039641
0
1071932333
1610612736
1071426614
0
1071655839
3221225472
1071316416
3221225472
1071076051
0
1069732688
2147483648
1070310478
0
1066688412
0
1071596260
1073741824
1070489396
0
1072398226
1073741824
1072421069
2147483648
1070782757
2147483648
1065765128
0
1071141280
0
1066430412
0
1068484526
0
1068403700
0
1069296736
0
1071139604
2147483648
1071682134
2147483648
1072499490
536870912
1071422304
2147483648
1063871936
0
1068587523
0
1067675260
0
1072359356
2684354560
1071940724
1610612736
1072006557
536870912
1070825080
2147483648
1072630810
536870912
1072351701
2147483648
1072259707
1610612736
1071907464
2684354560
1072612646
1073741824
1071984176
1073741824
1069770565
0
1072679375
3758096384
1071910010
536870912
1072670500
3221225472
1071748002
3758096384
1072645761
3758096384
1071131021
1073741824
1071371223
3221225472
1071037865
2147483648
1072108344
0
1071785800
1610612736
1071868260
1073741824
1072687272
1073741824
1072215727
1073741824
1071384999
3221225472
1071111278
2147483648
1071461100
1073741824
1072693247
2684354560
58
