Uvec
2226355706
1072598800
536870912
1071999234
2684354560
1069679883
2147483648
1069730307
0
1071813877
1073741824
1071817675
3221225472
1071595561
2147483648
1072516003
536870912
1072165117
2684354560
1072407968
2684354560
1072341207
2684354560
1072057956
3758096384
1072139681
3758096384
1069131622
0
1070719093
1073741824
1071603204
1073741824
1072054701
0
1071391313
0
1072272014
3758096384
1071809542
2684354560
1072084679
1073741824
1069551482
2147483648
1071154010
0
1072519376
1610612736
1072357342
1610612736
1068444054
0
1071687460
1610612736
1068800032
0
1070538360
2147483648
1072610697
1073741824
1070083373
0
1065665960
0
1071281300
3221225472
1072523479
1073741824
1070859993
2147483648
1071916401
536870912
1071673508
2147483648
1071908958
2147483648
1072508758
2684354560
1071160363
2147483648
1057417216
0
1065285952
0
1069683666
0
1072450140
2684354560
1072480092
536870912
1069956742
0
1072313845
0
1070366803
0
1071997922
2684354560
1072639270
3221225472
1069550076
2147483648
1070628903
2147483648
1070303683
0
1072547390
0
1072022103
536870912
1071588103
2147483648
1072660659
1610612736
1072232802
1610612736
1071897436
1610612736
1070530880
0
1069045996
0
1072073181
3221225472
1072350302
536870912
1071419815
0
1071532938
3221225472
1070315606
0
1071461099
1073741824
1071694903
2147483648
1072642602
1073741824
1070648793
2147483648
1069112745
0
1070480019
0
1072154294
536870912
1072333221
2147483648
1072557602
3221225472
1071166296
2147483648
1072100765
2147483648
1071244010
0
1071873552
0
1072129943
1073741824
1070888257
1073741824
1070970458
3221225472
1072300568
1073741824
1072039570
2684354560
1072574419
0
1071125893
3221225472
1072619533
0
1070761295
0
1072447542
2684354560
1069828989
2147483648
1072615090
3221225472
1071650752
0
1072294814
3221225472
1070497508
2147483648
1069155564
0
1070802061
0
1072169677
2147483648
1071466624
3221225472
1071461100
1073741824
1072693247
2684354560
75
