Uvec
2226355706
1071961042
1610612736
1072416943
536870912
1071199492
0
1071162550
3221225472
1072465248
0
1070243636
2147483648
1072290745
536870912
1072304302
3221225472
1071879875
2684354560
1071765131
2147483648
1072114907
3221225472
1072220833
3758096384
1067698956
0
1072252200
3758096384
1069734697
2147483648
1072578164
3221225472
1071851696
0
1071629268
0
1072510160
3758096384
1069569295
0
1072072570
2147483648
1067327848
0
1065436608
0
1072506250
3758096384
1072454606
0
1071660533
1073741824
1070425031
0
1071142933
0
1071202402
3221225472
1070733653
0
1072317270
1610612736
1071990511
3221225472
1071866257
0
1070602445
1073741824
1070396885
0
1070419172
0
1072313519
3758096384
1069429833
0
1070271822
0
1068518796
0
1071014685
3221225472
1071941066
3758096384
1072617100
1610612736
1072318830
3221225472
1071456580
0
1069624922
0
1070406710
2147483648
1071919055
1610612736
1071002102
2147483648
1072513053
3221225472
1069878978
2147483648
1070176568
0
1071002217
1073741824
1071553287
3221225472
1066836604
0
1066051368
0
1071967725
3758096384
1068675707
0
1071882777
3758096384
1071849253
3221225472
1072208166
2684354560
1072088390
1610612736
1069665640
2147483648
1069094351
0
1065879600
0
1070884212
0
1072273075
1610612736
1071989586
2684354560
1072373927
1073741824
1070764632
1073741824
1069899952
2147483648
1070799134
0
1069393773
0
1071649439
3758096384
1071900830
1610612736
1072338238
2147483648
1071844879
3221225472
1072295964
2684354560
1072250471
536870912
1071042843
2147483648
1072531966
3758096384
1070599752
0
1071740552
0
1071716040
1073741824
1071073131
2147483648
1071182363
1073741824
1071935222
0
1071344508
1073741824
1072072893
3221225472
1070073415
2147483648
1071871110
1073741824
1070652956
2147483648
1072265406
0
1072390192
536870912
1072676503
3221225472
1071970600
2147483648
1072653459
3758096384
1072070586
1073741824
1071461100
1073741824
1072693247
2684354560
74
