Uvec
2226355706
1070502000
0
1065540392
0
1072514303
3758096384
1069547214
0
1072480993
1610612736
1069594783
0
1072672599
3221225472
1072439179
536870912
1069435109
0
1072542764
2147483648
1072402747
1073741824
1071512806
3221225472
1071150348
0
1072469792
2147483648
1072432940
3221225472
1069621516
0
1070671463
3221225472
1072206886
2684354560
1071950307
3221225472
1072434877
0
1070875251
2147483648
1070334996
2147483648
1070611087
1073741824
1072160047
3221225472
1069024975
0
1067705336
0
1071525561
1073741824
1071016323
1073741824
1068358264
0
1072517405
2147483648
1071305809
2147483648
1066456780
0
1070598939
2147483648
1071797293
1610612736
1071750130
536870912
1070143959
2147483648
1070437273
2147483648
1071588576
0
1071798044
1073741824
1071284312
1073741824
1070840454
0
1066439180
0
1071695731
0
1072405811
2684354560
1072408824
2684354560
1070405685
2147483648
1072585787
0
1072626226
536870912
1071670690
2147483648
1071876579
3221225472
1070286736
2147483648
1069422991
0
1072584213
536870912
1069707030
0
1070822402
2147483648
1071946865
0
1069977619
0
1070381456
2147483648
1068710712
0
1071940873
3758096384
1072264563
3221225472
1071307944
3221225472
1068543005
0
1071430194
3221225472
1072459395
0
1072151179
1610612736
1072652481
0
1071064349
3221225472
1072526118
2684354560
1071220514
0
1071897057
0
1066209424
0
1072037277
2147483648
1072008302
3758096384
1070498551
2147483648
1070980164
2147483648
1072041956
1073741824
1071850388
1073741824
1071522927
2147483648
1069088904
0
1072659493
1610612736
1072259162
2684354560
1072208978
3758096384
1071064976
3221225472
1072337295
2684354560
1071830204
1610612736
1070549370
0
1072680382
2684354560
1071985681
0
1072255038
2147483648
1070010186
0
1068272830
0
1071801395
2147483648
1071516111
2147483648
1071717820
0
1072522706
2147483648
1071749165
1073741824
1072128272
0
1071461100
1073741824
1072693247
2684354560
4
