Uvec
2226355706
1068481950
0
1071951911
3758096384
1071935157
0
1071068270
3221225472
1072501265
1610612736
1071806854
3221225472
1069892637
0
1071930560
2684354560
1072043901
3758096384
1071870498
0
1072423670
2684354560
1070687892
2147483648
1071761374
1073741824
1071250796
3221225472
1071898329
1073741824
1070634485
3221225472
1069339723
0
1070933487
3221225472
1072160298
2147483648
1072543583
1610612736
1070700827
3221225472
1070212655
0
1071041589
1073741824
1065171312
0
1072558707
3221225472
1062716672
0
1071912638
536870912
1071644926
536870912
1071087234
1073741824
1071879931
1073741824
1068966530
0
1066252568
0
1071201833
3221225472
1072079301
3221225472
1072022648
3221225472
1072608944
2147483648
1071606590
1073741824
1068320150
0
1068583269
0
1072555861
0
1071578486
1073741824
1072385163
3221225472
1071724312
536870912
1068224350
0
1071704658
536870912
1071863233
536870912
1065907448
0
1072228353
2147483648
1072474751
2147483648
1072110450
536870912
1070012289
0
1069618830
2147483648
1070621356
2147483648
1072269991
1610612736
1070851515
3221225472
1071899776
2684354560
1071947450
1610612736
1071066357
1073741824
1066427032
0
1070910495
3221225472
1070615952
2147483648
1072350360
3758096384
1071710938
2684354560
1071207728
1073741824
1071855413
3221225472
1071927959
1073741824
1068507332
0
1072590925
0
1066745880
0
1071288291
2147483648
1070851652
0
1072298955
0
1071848370
536870912
1063594176
0
1072425593
1073741824
1072474473
0
1072559440
2147483648
1072482898
3758096384
1070799475
0
1072389514
1073741824
1072362420
0
1071895984
1610612736
1072249322
3221225472
1071830674
3758096384
1072563611
3758096384
1072110897
3758096384
1070399575
2147483648
1071364090
3221225472
1069371037
0
1072243187
1073741824
1070594293
2147483648
1071692332
1073741824
1071994855
0
1072668559
2684354560
1065179504
0
1070500211
0
1069693965
2147483648
1071770556
2684354560
1071461100
1073741824
1072693247
2684354560
49
