Uvec
2226355706
1071907289
3221225472
1071889127
1073741824
1072012113
3758096384
1071140837
2147483648
1070751780
0
1069968613
0
1072645127
2684354560
1071953654
1610612736
1071822930
3758096384
1072287418
2147483648
1071933045
1073741824
1070187025
2147483648
1071283954
3221225472
1068480936
0
1072379993
1610612736
1071533377
0
1064448464
0
1072364519
2147483648
1069999805
2147483648
1070976386
0
1070984497
3221225472
1071629933
1073741824
1072259558
3758096384
1070714384
3221225472
1072125234
0
1069819093
2147483648
1072241672
3758096384
1071712620
2147483648
1068627386
0
1072341891
536870912
1069679312
2147483648
1072253631
1610612736
1071550186
0
1066977152
0
1070279444
2147483648
1071790381
1610612736
1070226119
2147483648
1072199225
3221225472
1071089834
0
1071744227
3758096384
1072226068
536870912
1072217827
2684354560
1070840549
2147483648
1071773061
2684354560
1072443934
1073741824
1067595794
0
1072650205
1073741824
1071902004
0
1070862862
1073741824
1070990859
0
1071976918
3221225472
1070629750
1073741824
1072464326
536870912
1072266136
1073741824
1072010100
3221225472
1072599881
3221225472
1070842521
3221225472
1070211783
0
1070073164
2147483648
1071108296
2147483648
1072182224
2147483648
1069812593
0
1070902262
3221225472
1071594330
2147483648
1071889961
3758096384
1071521373
0
1071633582
3221225472
1069346143
0
1071666265
0
1071088936
2147483648
1068718987
0
1070257391
2147483648
1071854016
3221225472
1071036425
1073741824
1071245095
0
1071173536
1073741824
1071940200
2147483648
1071809868
3758096384
1069941681
2147483648
1072419704
3221225472
1069347883
0
1072087205
3221225472
1072225564
1073741824
1072557008
2147483648
1072216328
2147483648
1071407874
1073741824
1066674804
0
1071553743
1073741824
1071817153
536870912
1071794318
0
1066826556
0
1070865080
3221225472
1072428191
536870912
1072044357
3221225472
1072112850
536870912
1069864949
2147483648
1071683218
2147483648
1068481832
0
1071461100
1073741824
1072693247
2684354560
72
