Uvec
2226355706
1070130415
2147483648
1070838522
0
1072253626
0
1068791685
0
1069716807
0
1070425950
0
1071780086
1610612736
1070566386
0
1072299547
0
1071723040
2684354560
1071916765
536870912
1072661245
1073741824
1072385752
536870912
1067837628
0
1072106092
536870912
1070857501
2147483648
1069793130
2147483648
1070082064
2147483648
1071690983
3758096384
1072232758
0
1072139212
536870912
1070889533
0
1072050953
3758096384
1070831831
3221225472
1067574902
0
1070437789
0
1070241688
2147483648
1070898533
2147483648
1072689737
3221225472
1071972922
1610612736
1070751262
1073741824
1072292909
0
1070633693
0
1072395249
3221225472
1070755672
1073741824
1072028236
2147483648
1070252007
2147483648
1071236252
1073741824
1072103967
2147483648
1071935768
2147483648
1072065421
0
1071576873
0
1071232810
2147483648
1072564841
2147483648
1072148458
2684354560
1072665579
536870912
1072002072
3221225472
1071303346
3221225472
1070520102
0
1072199523
0
1070058927
2147483648
1072005686
3758096384
1072323806
3221225472
1071245333
3221225472
1070671294
1073741824
1070668286
3221225472
1072083702
0
1072301026
1610612736
1071653782
3221225472
1072550975
1073741824
1071002165
2147483648
1071946376
2684354560
1070660274
0
1071407121
2147483648
1072231601
3758096384
1069734016
2147483648
1069147675
0
1071176706
1073741824
1072428972
2684354560
1070745095
2147483648
1072429408
3221225472
1072407926
3221225472
1072515636
0
1071754665
2147483648
1071734454
536870912
1072368735
3758096384
1068428954
0
1070709690
3221225472
1070981618
1073741824
1071764701
0
1065483208
0
1072252276
3758096384
1072208630
1610612736
1070641543
0
1071585523
2147483648
1071306105
3221225472
1070423602
2147483648
1069205524
0
1071236831
1073741824
1069802452
2147483648
1072494066
3221225472
1072255333
1610612736
1069336954
0
1072442635
3221225472
1072228236
2147483648
1071043179
2147483648
1071371960
3221225472
1070658211
1073741824
1071461100
1073741824
1072693247
2684354560
68
