Uvec
2226355706
1071482331
1073741824
1065682840
0
1065540504
0
1068924870
0
1072487033
1610612736
1071541866
1073741824
1070101622
2147483648
1071907388
3758096384
1072190000
3221225472
1072445334
2684354560
1069993418
2147483648
1072390775
3758096384
1070852120
2147483648
1072150586
3221225472
1072434950
3758096384
1070636695
3221225472
1070970232
3221225472
1071792139
536870912
1071873442
2147483648
1072281287
3758096384
1071859087
536870912
1072624093
536870912
1070706451
0
1072361656
0
1069651411
0
1071359221
3221225472
1072103595
1610612736
1072055116
1610612736
1071424708
3221225472
1070837548
2147483648
1072245435
2147483648
1072031281
0
1070597312
1073741824
1070123892
0
1072667512
0
1072190329
0
1072682511
0
1072228875
1073741824
1072562070
3758096384
1072272800
3758096384
1071849680
2684354560
1071020916
3221225472
1072427751
2684354560
1072374430
3221225472
1071731619
1073741824
1071059405
1073741824
1069956378
2147483648
1071869629
536870912
1071358792
1073741824
1072262164
2684354560
1071997662
2147483648
1069645862
2147483648
1069894887
0
1071365733
1073741824
1070297149
2147483648
1072053740
1073741824
1070342053
0
1069786116
0
1065767968
0
1072309081
536870912
1072274398
1610612736
1069484913
0
1071665203
2684354560
1071960168
2684354560
1068594750
0
1072510286
2147483648
1072528690
1610612736
1067843922
0
1072454343
536870912
1071843932
0
1072188379
1073741824
1071711822
2147483648
1071991440
536870912
1072578674
2684354560
1072294605
1610612736
1072580475
0
1069286058
0
1071603380
2147483648
1072684479
1073741824
1070889741
1073741824
1071856338
1073741824
1071231513
2147483648
1071738058
3758096384
1067785984
0
1071779616
536870912
1070180450
0
1071871362
3221225472
1072204780
3221225472
1072603829
3221225472
1071819494
3221225472
1072040947
2147483648
1070627772
0
1069614094
2147483648
1072687739
2684354560
1072444732
3758096384
1071738079
3758096384
1069004876
0
1070073985
2147483648
1071461100
1073741824
1072693247
2684354560
88
