Uvec
2226355706
1072291531
0
1072423956
3758096384
1072435420
3221225472
1072282573
1610612736
1065080624
0
1070919807
0
1072690394
536870912
1072240982
2684354560
1070336476
0
1071805026
536870912
1070596787
3221225472
1069032818
0
1072134338
0
1068910389
0
1072097188
536870912
1071241045
0
1072563452
1073741824
1067447468
0
1072197155
1610612736
1072014441
536870912
1072326557
2684354560
1070465599
2147483648
1068706031
0
1072443958
2147483648
1071735886
0
1072614061
0
1068902902
0
1070836137
2147483648
1071993571
2684354560
1071737097
2684354560
1071698565
2147483648
1071468355
2147483648
1072086986
2147483648
1068512624
0
1067411612
0
1072000218
3221225472
1071896947
0
1071667099
1073741824
1071660901
0
1072461772
2147483648
1072299324
1073741824
1072193000
536870912
1070633472
1073741824
1069759272
0
1071682736
3221225472
1072122710
0
1072484400
3221225472
1071492361
1073741824
1071159140
2147483648
1070091886
0
1070970359
3221225472
1068718135
0
1072420907
1073741824
1072050466
2147483648
1071694482
3221225472
1070825486
2147483648
1071639104
0
1071760626
2147483648
1071794933
1610612736
1071999357
3221225472
1070148446
2147483648
1070683583
2147483648
1071766369
2684354560
1070600215
2147483648
1071741132
3758096384
1068586749
0
1072338164
2147483648
1063546272
0
1071464610
3221225472
1072061164
1610612736
1069536486
0
1072593267
1610612736
1071687211
536870912
1072185550
2684354560
1071837927
2684354560
1072514005
3221225472
1069743426
2147483648
1071878535
3221225472
1072566828
536870912
1071737563
536870912
1072208477
3758096384
1071812883
3758096384
1071453718
2147483648
1071086869
3221225472
1072442973
0
1071172635
1073741824
1072150450
0
1072423638
3758096384
1071399729
3221225472
1071309134
1073741824
1071705214
1073741824
1070134227
2147483648
1072465267
0
1071995072
1073741824
1072627435
3758096384
1071923339
2684354560
1072423767
3758096384
1071602914
2147483648
1071461100
1073741824
1072693247
2684354560
3
