Uvec
2226355706
1071597280
3221225472
1072487166
1073741824
1072632963
2684354560
1071300670
2147483648
1070080155
2147483648
1071733858
2684354560
1071543632
0
1070947670
1073741824
1070266220
2147483648
1071903699
0
1069911502
2147483648
1072577777
3758096384
1072206848
1073741824
1072419832
3221225472
1070655817
2147483648
1072057975
1610612736
1072038853
536870912
1072577541
3758096384
1071692570
1610612736
1069806944
0
1070419801
2147483648
1071055667
3221225472
1071597313
0
1070639583
0
1071623642
0
1070882430
3221225472
1072255703
3221225472
1071588230
2147483648
1072215169
1610612736
1071922411
3221225472
1070954228
2147483648
1072432730
2684354560
1070997855
2147483648
1072101427
536870912
1070571690
2147483648
1072139400
3758096384
1072188443
536870912
1067206112
0
1072127448
1610612736
1071073418
1073741824
1071413780
3221225472
1072146030
2147483648
1070858849
3221225472
1070459890
0
1069007364
0
1072634194
3221225472
1071378634
3221225472
1070920243
2147483648
1070251995
0
1071648393
1073741824
1065008208
0
1069601584
2147483648
1071717955
536870912
1071826882
1073741824
1072326796
1610612736
1072065975
1610612736
1071982699
0
1072508322
1610612736
1069015478
0
1071057753
0
1071016027
1073741824
1070108077
0
1071533848
2147483648
1069641891
2147483648
1069850690
0
1069332930
0
1071730873
536870912
1071526397
0
1072216564
3758096384
1069134144
0
1071194555
1073741824
1070406726
0
1072045747
536870912
1071845346
2147483648
1069608929
0
1065517016
0
1071878653
1073741824
1069874043
0
1072106004
1073741824
1072175597
3221225472
1071325053
0
1072428026
2684354560
1071897711
1073741824
1065316352
0
1071130219
3221225472
1071651148
2147483648
1071156798
1073741824
1071590704
1073741824
1071408097
3221225472
1071401345
0
1067057632
0
1072315149
536870912
1071959476
2147483648
1071685232
0
1071498191
3221225472
1072620899
2147483648
1072332272
536870912
1071857321
3758096384
1071461100
1073741824
1072693247
2684354560
19
