Uvec
2226355706
1068852474
0
1071683450
2684354560
1071337311
0
1072561401
536870912
1071682211
2147483648
1071581926
1073741824
1069696537
0
1070853991
0
1068941118
0
1066924556
0
1072555055
3758096384
1072518813
1610612736
1072436654
1610612736
1070371972
2147483648
1070905007
1073741824
1070245108
0
1071966008
1610612736
1071934135
1610612736
1068709382
0
1072539336
0
1070058635
2147483648
1070608823
1073741824
1072649845
0
1071153219
3221225472
1067969854
0
1071040436
1073741824
1070227589
0
1072633116
0
1072307957
2147483648
1070425588
0
1072601744
536870912
1072333068
2684354560
1071993378
1073741824
1070387599
2147483648
1066996156
0
1072420590
1073741824
1072287340
2684354560
1070653898
2147483648
1070628694
3221225472
1069942949
2147483648
1072121559
2147483648
1068108098
0
1071968122
536870912
1070889542
0
1071630918
2147483648
1071510970
2147483648
1072681139
2684354560
1072561486
1610612736
1071784953
1073741824
1072280688
3221225472
1071405739
0
1072156001
3221225472
1070173080
0
1072609835
536870912
1069584988
2147483648
1072170703
1610612736
1071670450
3221225472
1068147858
0
1071148250
1073741824
1071086708
3221225472
1071868784
3758096384
1071105816
0
1072515660
3758096384
1072440226
0
1072495954
0
1070712642
2147483648
1069083737
0
1072396711
1610612736
1069040024
0
1069739252
2147483648
1068657571
0
1070377439
2147483648
1067652098
0
1072083281
2684354560
1070291410
0
1072403427
3758096384
1072524577
0
1071980140
536870912
1072247471
2684354560
1072633683
536870912
1070103359
2147483648
1067350428
0
1071752842
536870912
1072635174
1073741824
1069629435
2147483648
1070924518
2147483648
1072533859
536870912
1072479481
3758096384
1071918885
1610612736
1070439009
2147483648
1069645552
0
1068547843
0
1071433347
3221225472
1071929204
2147483648
1072462481
536870912
1068222776
0
1072668850
1073741824
1071403053
2147483648
1071461100
1073741824
1072693247
2684354560
29
