Uvec
2226355706
1072117839
3758096384
1072110804
3758096384
1066621792
0
1071747138
3221225472
1069265985
0
1070176815
2147483648
1071621625
1073741824
1070794277
0
1072335748
536870912
1071334578
2147483648
1072045051
1073741824
1071425967
2147483648
1069253319
0
1072165807
2147483648
1070045222
2147483648
1072544276
1073741824
1072077227
3221225472
1070077839
0
1072473736
3221225472
1070932295
3221225472
1069003664
0
1070696335
0
1072457514
2684354560
1071821550
536870912
1071761339
2684354560
1071647245
2147483648
1072442798
3221225472
1071053584
3221225472
1072103818
536870912
1065354872
0
1069178770
0
1071474346
0
1068044794
0
1072187584
1073741824
1072587291
2684354560
1069021102
0
1071727757
1073741824
1071295871
3221225472
1072377542
0
1063581376
0
1068530484
0
1072435347
536870912
1072079304
536870912
1071461018
2147483648
1072144827
0
1071881853
536870912
1072511113
3758096384
1072079075
3758096384
1071027025
2147483648
1072473251
536870912
1071863137
1610612736
1068597915
0
1071078699
3221225472
1070631578
1073741824
1071702509
0
1070625423
2147483648
1071265827
1073741824
1072342506
2147483648
1071062589
1073741824
1072672512
2147483648
1068096786
0
1070983953
2147483648
1072601138
2684354560
1069996947
2147483648
1070281363
0
1072649594
1073741824
1071058179
1073741824
1066496292
0
1070344976
2147483648
1067369104
0
1071240264
2147483648
1072119400
2684354560
1071622197
2147483648
1072351943
3758096384
1068800551
0
1070937683
3221225472
1070817453
2147483648
1072125609
2147483648
1072458824
1073741824
1070469417
0
1072018930
2147483648
1072381876
536870912
1072122902
0
1070648783
0
1072429383
1610612736
1071861096
3221225472
1072253863
0
1071518823
3221225472
1067259636
0
1071492663
3221225472
1069343937
0
1071889004
1073741824
1072560349
3221225472
1071685726
536870912
1072632516
2684354560
1072525547
2684354560
1070277409
0
1071471822
3221225472
1071461100
1073741824
1072693247
2684354560
15
