Uvec
2226355706
1072662551
1610612736
1072247552
2147483648
1070781618
0
1066049664
0
1070066944
0
1072638642
1073741824
1072228260
3221225472
1072620780
0
1069076736
0
1069433392
0
1071410602
2147483648
1069239177
0
1068473042
0
1072414285
0
1071616501
0
1072466624
2147483648
1072651770
2147483648
1069604028
0
1072229259
1073741824
1070864977
2147483648
1072204784
3221225472
1070378479
2147483648
1070792734
3221225472
1072489230
0
1071782151
3221225472
1069291774
0
1071735489
0
1071998362
1073741824
1066734672
0
1072149171
1073741824
1072311033
2147483648
1071966852
0
1071651710
3221225472
1070968543
1073741824
1069903842
0
1071273992
3221225472
1072313338
1073741824
1070094077
2147483648
1071291893
0
1071480826
3221225472
1070693230
2147483648
1072683258
2684354560
1072279370
3758096384
1072447333
1610612736
1070649924
3221225472
1071946961
3758096384
1072210471
1073741824
1072615540
3221225472
1070549106
2147483648
1070772533
2147483648
1072623072
3221225472
1072127256
3758096384
1071582791
2147483648
1071823257
2684354560
1071074599
1073741824
1069249121
0
1072570433
2147483648
1070953732
3221225472
1072419603
536870912
1072176990
0
1072489781
3221225472
1070049305
2147483648
1070901162
3221225472
1071398581
3221225472
1070767849
2147483648
1071089254
1073741824
1069944819
2147483648
1064087456
0
1072184137
3221225472
1071733183
2147483648
1070506132
0
1072319319
2147483648
1071458399
1073741824
1070887998
0
1072549204
1073741824
1067943088
0
1071575965
1073741824
1070069506
0
1072612999
1610612736
1071349132
0
1071432653
1073741824
1070723769
0
1071466530
3221225472
1072629208
3221225472
1070759312
0
1070024013
2147483648
1070762976
3221225472
1072014690
3221225472
1072500189
1073741824
1072086572
3758096384
1070766376
1073741824
1071220659
3221225472
1069825856
0
1071948438
1073741824
1071687561
2684354560
1072361416
1073741824
1071873405
536870912
1070509775
0
1071461100
1073741824
1072693247
2684354560
25
