Uvec
2226355706
1071416902
3221225472
1064725120
0
1070821123
1073741824
1071406662
2147483648
1072269490
536870912
1072652835
2684354560
1071741574
1073741824
1071915274
3758096384
1068791612
0
1071774138
536870912
1072045236
2147483648
1070403226
0
1070775744
3221225472
1072323493
3221225472
1072603537
2684354560
1072564596
1610612736
1069536615
0
1071732201
3221225472
1072482792
1073741824
1070401916
2147483648
1071387309
2147483648
1070745579
0
1072517568
0
1070920291
3221225472
1071328104
2147483648
1071907640
1610612736
1071349267
2147483648
1070711486
2147483648
1066102800
0
1068043180
0
1072464230
0
1070824227
3221225472
1071168947
2147483648
1071805709
1610612736
1072016047
1610612736
1070984103
3221225472
1070876312
3221225472
1071620769
2147483648
1072540016
3758096384
1070833118
3221225472
1071381990
0
1071913236
2684354560
1070924314
3221225472
1068993443
0
1072497273
3221225472
1071670651
2147483648
1071075237
3221225472
1072151868
2684354560
1069905999
0
1072479196
536870912
1071873386
3758096384
1072425865
1073741824
1070761088
1073741824
1071654279
2684354560
1070685986
0
1072581029
2684354560
1070810968
2147483648
1072594999
2684354560
1072623332
2684354560
1071703338
1073741824
1071715517
2684354560
1072230422
3758096384
1070685077
1073741824
1072248088
0
1070839064
3221225472
1069996162
0
1071755138
0
1070714106
2147483648
1071332153
2147483648
1068040364
0
1069620145
0
1072379975
3758096384
1072225710
2147483648
1069851115
0
1069727542
0
1072078664
1073741824
1070937057
1073741824
1072040514
3221225472
1070193645
2147483648
1069273965
0
1072576944
3221225472
1072314321
2684354560
1071412375
2147483648
1070296524
2147483648
1072362265
3758096384
1071924463
2147483648
1071224714
2147483648
1071805101
536870912
1070284197
2147483648
1067103036
0
1069162179
0
1072082462
536870912
1069744400
2147483648
1071743386
0
1070694389
3221225472
1072431632
536870912
1072240943
1610612736
1071655290
1610612736
1071461100
1073741824
1072693247
2684354560
67
