Uvec
2226355706
1072581343
536870912
1070879258
3221225472
1070892148
2147483648
1072617976
0
1070771779
0
1071634040
1073741824
1071746135
2147483648
1072146693
1610612736
1070734064
1073741824
1071574972
3221225472
1071386658
1073741824
1072383351
2684354560
1069729338
2147483648
1068232402
0
1069925863
2147483648
1071138569
1073741824
1071912082
0
1072587366
3221225472
1070336729
2147483648
1071752292
536870912
1070629575
2147483648
1072613955
3221225472
1068882221
0
1071526437
1073741824
1072124707
1610612736
1071771065
3221225472
1071360232
3221225472
1072445422
0
1069874875
2147483648
1069626116
0
1066180696
0
1071399746
1073741824
1070944605
1073741824
1072642763
2684354560
1070761752
3221225472
1069791224
0
1068077298
0
1068496144
0
1071878722
2684354560
1072252839
3758096384
1070581959
2147483648
1072220360
536870912
1072514245
2684354560
1070648412
0
1072342781
0
1071916133
536870912
1072051711
3758096384
1070653459
0
1071711975
3221225472
1070868358
0
1071925797
1610612736
1071777915
3221225472
1070700588
3221225472
1069612290
2147483648
1071852260
3758096384
1069220581
0
1071972019
2684354560
1072620200
536870912
1071978612
3758096384
1071723250
2684354560
1070381394
0
1070842451
2147483648
1070118033
2147483648
1070317521
0
1068205144
0
1072542032
536870912
1071971629
1073741824
1072296869
1073741824
1071528720
1073741824
1071862905
2147483648
1069763090
0
1068552166
0
1072075142
1610612736
1071691116
1610612736
1071947448
3221225472
1071758191
2684354560
1072329142
0
1072366959
0
1069024786
0
1072525789
2147483648
1072410124
536870912
1071450215
0
1072262863
3758096384
1072121048
1073741824
1072185546
3758096384
1072198906
3221225472
1071843666
3758096384
1071091828
2147483648
1069707023
2147483648
1069978679
0
1072281953
2684354560
1071648466
3758096384
1070722578
1073741824
1071142564
1073741824
1072661863
536870912
1070223696
2147483648
1069705944
2147483648
1067870546
0
1071461100
1073741824
1072693247
2684354560
20
