Uvec
2226355706
1072499497
0
1070117072
0
1071844792
1610612736
1072626359
0
1069530171
0
1072655971
3758096384
1072127054
2147483648
1066709068
0
1070824226
0
1068072046
0
1070790712
2147483648
1071775938
536870912
1071927622
1610612736
1072564740
1073741824
1071924031
3221225472
1070891891
1073741824
1072541725
2684354560
1071830415
3221225472
1069168349
0
1072564771
3221225472
1070895211
3221225472
1072576750
1610612736
1069716469
0
1072482121
536870912
1069661246
2147483648
1072685654
3758096384
1068813224
0
1070844158
2147483648
1071427593
0
1069596265
0
1072394064
536870912
1071478204
3221225472
1072219375
2147483648
1072578713
0
1068605477
0
1072001309
0
1071444756
1073741824
1072023079
1073741824
1070215182
2147483648
1071814831
1073741824
1071264554
0
1071397132
3221225472
1072291476
1610612736
1066568196
0
1072325046
0
1071083950
2147483648
1072636014
0
1071925158
0
1068852278
0
1072624553
1073741824
1072646586
536870912
1072354482
3221225472
1071009117
3221225472
1072575206
1610612736
1071967586
0
1072651553
1610612736
1071657731
0
1071219336
1073741824
1071235484
2147483648
1067496876
0
1069710592
2147483648
1072491698
1073741824
1071970974
2147483648
1072343006
3758096384
1072106958
2684354560
1071442004
3221225472
1072005960
3221225472
1070977488
1073741824
1070813424
0
1070998340
2147483648
1070832565
1073741824
1070718389
2147483648
1071520906
1073741824
1072566010
2684354560
1071387910
3221225472
1070626598
3221225472
1072376950
1073741824
1071898134
0
1072226049
1610612736
1071864522
1610612736
1072525618
1073741824
1072189368
536870912
1071337853
0
1069063880
0
1071389544
1073741824
1071811485
536870912
1070354314
2147483648
1071751141
3758096384
1069188406
0
1068970070
0
1071347621
1073741824
1070166100
0
1072127789
2147483648
1072028398
2147483648
1072549000
2684354560
1071198165
2147483648
1072526094
536870912
1069633382
2147483648
1071461100
1073741824
1072693247
2684354560
95
