Uvec
2226355706
1071617837
3221225472
1068351112
0
1072228244
1073741824
1072211213
536870912
1070884571
3221225472
1068787464
0
1072651436
3758096384
1069604943
2147483648
1072293961
0
1068895039
0
1071717074
2684354560
1071646956
0
1071507278
2147483648
1072343382
536870912
1070143545
0
1072285120
3758096384
1072015085
2147483648
1071807637
1610612736
1072599901
1073741824
1072223303
0
1071467729
3221225472
1071458602
2147483648
1069714653
2147483648
1069926382
0
1067703632
0
1071836211
1073741824
1072359681
0
1072358670
2147483648
1071158734
2147483648
1070770978
3221225472
1070105638
0
1069073581
0
1072099551
2684354560
1072576287
2147483648
1070788101
0
1071440447
2147483648
1071244348
3221225472
1067786112
0
1072395460
2684354560
1066496384
0
1072635018
3221225472
1070505270
0
1070181426
0
1072514893
3758096384
1071250715
3221225472
1068399022
0
1069933991
0
1067947704
0
1072246843
3221225472
1072420906
1610612736
1069613678
0
1072016981
2147483648
1071352743
2147483648
1070067656
2147483648
1071089915
3221225472
1072643021
0
1072138003
0
1071138357
3221225472
1072014128
2147483648
1071672857
3758096384
1071845324
1073741824
1072013989
2147483648
1067955722
0
1072685461
3758096384
1072158952
1610612736
1072288501
3221225472
1071698417
3758096384
1067733272
0
1069726343
0
1064933584
0
1072262843
1610612736
1069932811
2147483648
1072509380
3758096384
1071238078
2147483648
1072094433
536870912
1069918271
2147483648
1072085164
3221225472
1072321993
2147483648
1072377307
1073741824
1071746125
3221225472
1072624389
3758096384
1070488625
2147483648
1069750600
2147483648
1070317308
2147483648
1071933488
1610612736
1072293482
3758096384
1072509539
1073741824
1070878736
0
1068756065
0
1071569600
3221225472
1070931936
2147483648
1072555740
3221225472
1072236345
1073741824
1071863944
536870912
1071799591
3221225472
1072144006
0
1072473788
2147483648
1070890746
0
1071461100
1073741824
1072693247
2684354560
43
