Uvec
2226355706
1072140962
0
1071455613
0
1071279998
1073741824
1071869798
3221225472
1069594111
2147483648
1072417594
1073741824
1071058537
1073741824
1070735202
2147483648
1069563472
0
1072645579
2684354560
1072013399
2684354560
1070440442
0
1069870727
0
1067545378
0
1069932714
2147483648
1066653540
0
1069133639
0
1072301626
2684354560
1071499692
3221225472
1072581943
2147483648
1071033307
2147483648
1072268179
1610612736
1071596299
2147483648
1072093234
2684354560
1071422876
2147483648
1071869153
2147483648
1072451047
536870912
1071941221
2147483648
1069772487
0
1070778792
1073741824
1070843248
1073741824
1072467490
1073741824
1071021227
1073741824
1072403585
1073741824
1071174278
0
1071955125
3221225472
1071798335
1610612736
1071800480
2147483648
1062884800
0
1068505972
0
1070800092
3221225472
1069682457
2147483648
1071409284
3221225472
1071943218
2684354560
1071730392
0
1068528393
0
1071778106
1610612736
1072533712
3758096384
1066806816
0
1072317049
1073741824
1069479225
0
1071788500
3758096384
1071007688
2147483648
1072009859
3758096384
1072408971
3221225472
1072263068
2684354560
1072256731
0
1070716394
2147483648
1071050291
0
1072097574
0
1071428926
3221225472
1070915632
1073741824
1071347733
2147483648
1072264482
1073741824
1071073137
0
1072305643
3221225472
1071269726
3221225472
1071862674
3758096384
1072392017
1073741824
1072023770
3758096384
1072459689
536870912
1069014331
0
1071965472
3758096384
1071404838
3221225472
1069988539
0
1071415281
1073741824
1072425393
3221225472
1068432270
0
1072615744
3758096384
1069739784
0
1071658459
536870912
1070819180
2147483648
1071031078
2147483648
1071665510
2147483648
1071235011
0
1070745758
3221225472
1071847922
1073741824
1067665202
0
1070842418
1073741824
1071740877
2684354560
1072035444
3221225472
1071575384
1073741824
1071785581
1610612736
1070709335
2147483648
1072423193
1610612736
1071640307
2147483648
1072505606
1610612736
1072597839
2147483648
1071461100
1073741824
1072693247
2684354560
31
