Uvec
2226355706
1066633636
0
1071484450
2147483648
1070439785
2147483648
1072079336
536870912
1072213258
0
1070979925
3221225472
1072378801
0
1071106427
2147483648
1070515421
0
1072197786
1610612736
1072115522
3758096384
1072427060
1073741824
1071695799
1610612736
1072035210
536870912
1071682255
536870912
1071291802
3221225472
1072364988
1610612736
1069952457
0
1072417757
1073741824
1072050352
1073741824
1071281231
2147483648
1071444576
1073741824
1072448481
536870912
1071790549
1610612736
1071501879
0
1069618155
2147483648
1072142389
1610612736
1069845248
2147483648
1072679180
2684354560
1070840322
3221225472
1072572234
1610612736
1067851310
0
1070373856
2147483648
1070166098
2147483648
1071194301
3221225472
1072454088
2147483648
1072203516
2684354560
1071840246
3758096384
1071538031
2147483648
1069806569
2147483648
1072505430
2684354560
1069781074
0
1071904022
1073741824
1071650780
0
1072630997
3221225472
1072575642
1073741824
1071898029
2684354560
1071816900
1610612736
1072066513
1073741824
1071289483
2147483648
1071526336
1073741824
1072124360
3758096384
1072640211
1610612736
1072132171
0
1071678115
0
1070675773
2147483648
1070790629
2147483648
1070621083
1073741824
1069246319
0
1072385566
1610612736
1072390003
1073741824
1072475717
1610612736
1070425984
0
1072276380
3221225472
1072561622
0
1072460652
1610612736
1070755339
0
1071412866
1073741824
1071879186
1610612736
1071826740
1073741824
1072042702
1610612736
1068132706
0
1071650023
2147483648
1069134568
0
1072146633
536870912
1070926310
0
1072369178
3221225472
1071884526
0
1070903875
1073741824
1071905361
2684354560
1070759726
0
1069205107
0
1072494115
3758096384
1072245826
1073741824
1069230624
0
1072408232
2684354560
1068117196
0
1071878802
536870912
1068217878
0
1070767874
0
1072529691
3758096384
1071763569
3221225472
1070773170
0
1072481476
3758096384
1072220652
2684354560
1071906764
3221225472
1071750730
2684354560
1071417615
2147483648
1071461100
1073741824
1072693247
2684354560
83
