Uvec
2226355706
1070363299
2147483648
1069052197
0
1072572513
2684354560
1068782690
0
1071771115
1073741824
1070894703
0
1072180921
2147483648
1072604704
1610612736
1072538850
3758096384
1072210773
0
1072604021
1073741824
1071817435
1073741824
1071925926
0
1071446892
2147483648
1070858791
3221225472
1072458063
3758096384
1072193425
2147483648
1069432885
0
1071969757
0
1071775874
2684354560
1072032322
1610612736
1072118353
1073741824
1072164933
2147483648
1069361861
0
1071650764
1073741824
1072195381
3758096384
1069286443
0
1069918211
2147483648
1070545991
0
1069641236
2147483648
1069380649
0
1071243962
1073741824
1072151219
1610612736
1071761837
0
1070017441
0
1072563192
2147483648
1071573590
2147483648
1070765245
1073741824
1072134928
536870912
1070727706
3221225472
1070572108
0
1068859894
0
1071457062
0
1071951191
1610612736
1072459010
2684354560
1070719564
2147483648
1071165260
3221225472
1070873240
0
1072345067
2147483648
1072682335
0
1067687926
0
1070604897
2147483648
1071868338
3758096384
1071570203
2147483648
1071350313
1073741824
1071780598
1073741824
1072274757
3758096384
1070686496
2147483648
1070075400
0
1069520472
0
1072131668
3758096384
1069962878
2147483648
1071803495
536870912
1071558055
2147483648
1070158366
2147483648
1071833915
3221225472
1071787824
2147483648
1071674229
3221225472
1071477350
0
1072314799
536870912
1070996900
1073741824
1071045990
2147483648
1071527464
0
1072538113
2684354560
1072286712
3221225472
1071674997
1073741824
1070438215
2147483648
1063210880
0
1072234672
1073741824
1069846964
0
1072394106
2147483648
1071894406
3758096384
1071745856
1073741824
1067919060
0
1072325261
2147483648
1070616508
3221225472
1071845838
536870912
1072367535
0
1069027380
0
1071035904
2147483648
1069726752
0
1070379957
2147483648
1072268250
1610612736
1072640594
2147483648
1071037571
0
1072406914
3221225472
1071728239
0
1070989331
1073741824
1071461100
1073741824
1072693247
2684354560
86
