Uvec
2226355706
1071992067
0
1071495071
1073741824
1070563901
0
1071978095
0
1072502475
1610612736
1072056614
2147483648
1068506599
0
1072451348
0
1072231058
2147483648
1070280123
0
1072683572
3758096384
1071445070
2147483648
1072454105
1610612736
1072021261
2684354560
1072512724
2684354560
1071607274
1073741824
1071660050
2147483648
1072532941
2684354560
1069610925
2147483648
1072301282
0
1070088973
2147483648
1071505089
0
1071537792
1073741824
1068515042
0
1072197327
2684354560
1070058391
2147483648
1070228432
0
1072670783
3758096384
1071614044
2147483648
1070636657
0
1071088373
1073741824
1072091885
1610612736
1067933018
0
1067947050
0
1072408112
2147483648
1071873252
3758096384
1072535813
3758096384
1071277360
0
1070051295
2147483648
1071341245
1073741824
1072101988
1073741824
1070867494
1073741824
1071272754
0
1071343313
3221225472
1071516851
0
1072426245
0
1069414308
0
1065808864
0
1071203281
2147483648
1071246796
3221225472
1072339575
1610612736
1071321832
2147483648
1072379942
3221225472
1070613703
1073741824
1064576400
0
1072331855
3758096384
1071705414
1073741824
1072416453
0
1070604437
1073741824
1072259294
2684354560
1071680911
1610612736
1071787377
3221225472
1068030658
0
1069148604
0
1069628303
2147483648
1070603374
2147483648
1072310789
536870912
1072564562
0
1062362880
0
1071242200
1073741824
1072317176
536870912
1071736565
2147483648
1071767173
3221225472
1070355580
0
1072283275
0
1069615440
2147483648
1072644358
3758096384
1071284119
1073741824
1070782246
1073741824
1072178030
0
1071503270
0
1071694914
3221225472
1069715178
0
1071768381
536870912
1068811642
0
1070121563
2147483648
1071726072
536870912
1068993700
0
1071921386
3221225472
1071741598
1073741824
1072468467
1073741824
1072653839
2684354560
1071953958
2147483648
1072134556
1610612736
1072297464
2684354560
1069296513
0
1071373788
1073741824
1072400696
1073741824
1071461100
1073741824
1072693247
2684354560
21
