Uvec
2226355706
1072246896
3221225472
1072090348
2684354560
1070670053
1073741824
1072142197
1610612736
1071819400
536870912
1071575451
1073741824
1070744199
2147483648
1070936944
1073741824
1065976592
0
1071178409
3221225472
1071871252
3221225472
1072475835
2147483648
1069846322
2147483648
1068752825
0
1072212427
1610612736
1072192730
0
1069328558
0
1072005994
536870912
1069754616
2147483648
1071732686
3221225472
1070846359
0
1069630896
2147483648
1071072616
1073741824
1071344935
2147483648
1070925053
3221225472
1072645975
1073741824
1070208445
2147483648
1071021680
3221225472
1070064011
2147483648
1070780915
3221225472
1070160510
2147483648
1070849263
1073741824
1072458605
536870912
1072140076
3221225472
1071665461
2147483648
1071486336
1073741824
1071724061
3221225472
1070320861
0
1071379356
3221225472
1069793245
0
1071327857
2147483648
1070712108
0
1072318585
0
1072461903
1610612736
1070037203
0
1072376283
3221225472
1072071770
2147483648
1070977954
1073741824
1070364684
2147483648
1070843323
0
1072364041
536870912
1071496659
2147483648
1071898910
3758096384
1071674015
2684354560
1072010468
0
1072095930
3221225472
1071717838
3221225472
1071677243
3221225472
1068789854
0
1069182613
0
1072472627
3221225472
1067877296
0
1071454288
3221225472
1066668092
0
1072065088
3758096384
1072375643
2147483648
1071047948
0
1067508528
0
1069739441
2147483648
1071789146
3221225472
1072236559
2684354560
1072045104
2684354560
1069182304
0
1067747188
0
1067784580
0
1070762836
1073741824
1066706184
0
1070248909
2147483648
1069383047
0
1072062422
2684354560
1071694933
0
1072183123
0
1072064006
0
1070744238
2147483648
1069662366
2147483648
1071155080
3221225472
1071612995
1073741824
1072050182
3758096384
1071020891
3221225472
1072428276
1610612736
1071960566
3221225472
1070864830
0
1072162404
0
1067733912
0
1071644513
0
1071879275
536870912
1070674054
2147483648
1068643999
0
1071461100
1073741824
1072693247
2684354560
47
