Uvec
2226355706
1067680880
0
1072369503
1073741824
1071884218
2684354560
1071652221
2684354560
1067931298
0
1070947018
0
1072618067
536870912
1072569455
2684354560
1072578842
536870912
1071002795
0
1071624968
2147483648
1072196346
3221225472
1072238160
1610612736
1070950564
2147483648
1070712263
3221225472
1072009446
2684354560
1072444808
536870912
1072301620
0
1072105899
1610612736
1071751268
1073741824
1070929305
0
1067537334
0
1072184508
536870912
1072522813
536870912
1071086737
0
1072028259
2147483648
1071831542
3221225472
1070947394
2147483648
1070006478
2147483648
1070487031
0
1072511920
2147483648
1070987550
1073741824
1071757415
3758096384
1068536493
0
1069406928
0
1066780204
0
1072219214
2147483648
1069522023
0
1071849367
3758096384
1069895034
0
1072651819
536870912
1072483695
2147483648
1072094553
3758096384
1070717344
1073741824
1070561432
0
1070594295
2147483648
1070621396
1073741824
1071782190
536870912
1068112346
0
1070198774
2147483648
1072330692
536870912
1072048943
3758096384
1068107210
0
1071763198
3221225472
1068662485
0
1071513092
1073741824
1069615270
2147483648
1072400030
1610612736
1072569378
536870912
1072685755
2684354560
1071213238
1073741824
1070455697
0
1070946297
1073741824
1071821897
1073741824
1071677765
1610612736
1066925048
0
1068200780
0
1072197485
536870912
1072174333
1073741824
1071575575
1073741824
1072241356
2147483648
1071661441
1073741824
1071396217
2147483648
1071729870
0
1072245334
0
1071691968
0
1071035359
3221225472
1070015272
0
1072405208
2147483648
1072615717
3758096384
1072598492
2147483648
1072077041
0
1069122547
0
1070752223
1073741824
1072602276
536870912
1071473650
3221225472
1072481870
1610612736
1066603512
0
1072366782
1073741824
1069727986
2147483648
1071619546
0
1071817732
3221225472
1070373748
0
1071847207
3221225472
1071744226
3758096384
1071669017
536870912
1072673189
2684354560
1066785452
0
1071461100
1073741824
1072693247
2684354560
43
