Uvec
2226355706
1071299937
1073741824
1070358396
2147483648
1071680893
2684354560
1068511649
0
1071598167
2147483648
1072048970
2147483648
1071951666
3758096384
1072220101
2684354560
1069572417
2147483648
1070811971
3221225472
1070942938
1073741824
1068763290
0
1071863151
2684354560
1068287308
0
1070771984
2147483648
1072187974
1610612736
1067454568
0
1072231677
536870912
1072477140
1610612736
1071954796
2147483648
1071885398
2684354560
1071996383
3221225472
1070886693
0
1072678369
3221225472
1070085430
2147483648
1069937394
2147483648
1069166285
0
1067943564
0
1069933799
0
1071958338
1610612736
1072402417
536870912
1071413149
1073741824
1068565439
0
1068313278
0
1071490880
2147483648
1070849168
2147483648
1072620785
0
1070753135
1073741824
1072658509
1610612736
1071213051
1073741824
1071524542
2147483648
1072184874
536870912
1071282266
1073741824
1071481833
1073741824
1067457892
0
1071340188
1073741824
1071878447
3221225472
1072065047
536870912
1071912490
3758096384
1071908749
3758096384
1071488780
3221225472
1071820742
2684354560
1072369992
1610612736
1068972596
0
1069869313
2147483648
1071909962
0
1070318649
0
1069599637
0
1072583869
3758096384
1070778667
1073741824
1072626479
1073741824
1071009765
2147483648
1070945672
3221225472
1070180131
0
1070912056
2147483648
1070854933
3221225472
1068394976
0
1069642642
0
1070759525
3221225472
1072003891
1610612736
1071868389
3758096384
1067821410
0
1071786689
1073741824
1071822323
2147483648
1071353154
0
1072082819
1073741824
1072329911
2147483648
1071300445
0
1072154747
1610612736
1070846767
1073741824
1071977356
2684354560
1072671657
1073741824
1071878430
0
1070862703
3221225472
1069844544
2147483648
1069272630
0
1071425162
0
1070620428
3221225472
1072620844
536870912
1070569125
2147483648
1070785175
1073741824
1069767893
2147483648
1071091253
0
1071215403
1073741824
1071957553
0
1071243559
0
1072260533
0
1072024239
536870912
1071461100
1073741824
1072693247
2684354560
56
