Uvec
2226355706
1071751364
3221225472
1072114730
1610612736
1071664843
536870912
1072642635
2684354560
1072117620
536870912
1072590298
3221225472
1071769586
1610612736
1071985851
2147483648
1071926349
3221225472
1071832959
536870912
1072140803
2684354560
1070754717
2147483648
1071164179
1073741824
1071525757
0
1070855628
0
1071941144
536870912
1070076303
2147483648
1072544201
2684354560
1068821191
0
1070460308
2147483648
1067857598
0
1070493470
0
1072516303
536870912
1072077641
536870912
1070271205
0
1071682108
1073741824
1070826243
1073741824
1064891488
0
1071940019
2147483648
1072458295
3221225472
1070725289
1073741824
1071905424
3221225472
1072453705
1610612736
1069908715
2147483648
1070390558
2147483648
1071242260
0
1072508367
2147483648
1072160674
536870912
1072664563
1610612736
1067911064
0
1072538462
3758096384
1071582879
1073741824
1071887375
1610612736
1072093785
1610612736
1072210460
1073741824
1070993397
2147483648
1072597216
2684354560
1068667298
0
1072301859
3758096384
1071981703
1610612736
1072223032
2147483648
1072405550
3221225472
1072285293
1610612736
1072472345
1073741824
1071906932
2147483648
1071676117
1073741824
1071675297
536870912
1072048150
0
1068666356
0
1072256859
536870912
1072295281
2147483648
1070710807
1073741824
1069756574
2147483648
1072650222
2684354560
1071437301
3221225472
1071547598
3221225472
1071766238
1073741824
1069612568
2147483648
1071629979
1073741824
1071790022
2684354560
1072552850
3221225472
1069699311
0
1068924961
0
1071807851
3758096384
1070805483
1073741824
1071439273
2147483648
1072334244
536870912
1070963794
1073741824
1066374480
0
1071175267
2147483648
1072430947
2147483648
1070629790
2147483648
1070848895
0
1069737287
0
1071737014
2147483648
1069836289
2147483648
1070799489
2147483648
1071919924
1073741824
1071397478
3221225472
1069017162
0
1071461751
2147483648
1071986428
3221225472
1071108165
2147483648
1070585617
2147483648
1071280561
0
1071944336
2684354560
1070693226
2147483648
1072452576
1610612736
1071461100
1073741824
1072693247
2684354560
0
