Uvec
2226355706
1071799500
1610612736
1072187916
2684354560
1071842531
3221225472
1070617613
1073741824
1071140482
2147483648
1066962772
0
1068518543
0
1070249691
0
1072322005
3221225472
1072571279
2684354560
1067688144
0
1070099158
2147483648
1072166758
1073741824
1069780473
2147483648
1071183598
2147483648
1069798949
2147483648
1067846096
0
1071480008
1073741824
1071998662
1610612736
1072199964
2684354560
1072563849
3221225472
1071895783
1610612736
1071134695
1073741824
1071661708
3221225472
1066632312
0
1071320430
0
1072637517
1073741824
1072089246
1073741824
1071879455
1610612736
1070288701
0
1071715724
0
1070888933
2147483648
1072603662
536870912
1068000588
0
1072344793
536870912
1066084608
0
1070111211
0
1071169876
3221225472
1071972812
3758096384
1071950958
1610612736
1070690980
3221225472
1071915118
2147483648
1071171207
2147483648
1070799541
0
1072478048
1073741824
1070667456
0
1068496772
0
1070798657
2147483648
1070819292
0
1070874226
0
1069059831
0
1069823645
2147483648
1071860273
2147483648
1070389008
0
1072456718
3758096384
1071597524
3221225472
1070987949
0
1071710949
1610612736
1070558365
0
1069529232
0
1071958809
2684354560
1072066172
3758096384
1070768327
2147483648
1070903242
1073741824
1072483184
1073741824
1072310442
536870912
1070419544
2147483648
1072561042
1073741824
1070259904
0
1069984670
2147483648
1070685504
0
1068996686
0
1070611874
2147483648
1068520029
0
1069643790
2147483648
1068114810
0
1069287809
0
1071092190
0
1068974188
0
1071550370
1073741824
1068421334
0
1071921661
1073741824
1072364950
2684354560
1071829063
3221225472
1069282542
0
1067645830
0
1072646558
0
1072564534
536870912
1072370902
1610612736
1072163039
1610612736
1072323289
2147483648
1070775570
0
1072334473
3221225472
1072447043
2147483648
1071546471
1073741824
1072088337
3758096384
1072168433
2684354560
1072209225
3758096384
1071461100
1073741824
1072693247
2684354560
74
