Uvec
2226355706
1072127745
2147483648
1071169500
3221225472
1071710354
0
1072082709
536870912
1068426926
0
1069828496
0
1070037267
2147483648
1072570413
1610612736
1072108404
0
1071671138
1073741824
1071871368
1610612736
1072668073
536870912
1071554101
2147483648
1072194832
1073741824
1071262048
2147483648
1072190735
536870912
1071613058
0
1069392707
0
1072421476
2684354560
1072407404
0
1072672984
0
1072634045
1610612736
1068576836
0
1070147482
0
1072041723
536870912
1068222072
0
1070342526
2147483648
1070126693
2147483648
1069519010
0
1072225052
1610612736
1071024375
3221225472
1070577254
0
1070826297
1073741824
1072055721
2147483648
1072603798
1610612736
1069397569
0
1067951612
0
1071027381
1073741824
1072349031
3221225472
1071942016
3221225472
1070826519
3221225472
1070917776
2147483648
1071511940
0
1071628386
2147483648
1071196006
1073741824
1071487538
0
1070635669
0
1071970791
2147483648
1072507827
2147483648
1066789776
0
1071426864
2147483648
1072574231
3221225472
1072366936
3758096384
1070642542
1073741824
1070739693
3221225472
1068079816
0
1072212520
1610612736
1071722490
1610612736
1069785687
0
1067263324
0
1069515582
0
1070640315
1073741824
1070862230
1073741824
1071658249
536870912
1071241313
2147483648
1072402066
3758096384
1069396034
0
1071317220
3221225472
1071910380
2684354560
1071815897
2147483648
1072453412
3758096384
1072374157
536870912
1067514040
0
1071926871
2147483648
1072216817
2147483648
1072062280
1073741824
1071925553
2684354560
1072361574
1610612736
1069774495
2147483648
1072488229
1610612736
1072554688
536870912
1072459892
3221225472
1070602322
1073741824
1072088670
1073741824
1070829818
3221225472
1071826992
3758096384
1072562497
2684354560
1071706252
3758096384
1072113234
536870912
1070931129
1073741824
1069307082
0
1069645551
0
1070642317
3221225472
1070694246
2147483648
1069707957
0
1072095307
3758096384
1069811649
2147483648
1070408041
0
1071461100
1073741824
1072693247
2684354560
76
