Uvec
2226355706
1072063888
0
1071509882
2147483648
1071951683
2147483648
1072508795
1610612736
1070261040
2147483648
1072174303
536870912
1068152142
0
1070845979
3221225472
1072261712
1610612736
1072213777
2147483648
1070688354
3221225472
1071780996
2147483648
1072193705
2684354560
1070882446
1073741824
1071772191
2684354560
1071441004
2147483648
1068906333
0
1068644631
0
1072166034
1073741824
1070775300
0
1071881699
0
1072430200
1610612736
1072222677
2147483648
1068005746
0
1070657801
1073741824
1068828403
0
1072010658
2684354560
1072275042
0
1070441255
2147483648
1071114322
2147483648
1071910202
0
1069271152
0
1072021893
3758096384
1065828576
0
1072239070
2147483648
1072368701
3758096384
1071479910
3221225472
1070342706
0
1071582923
2147483648
1072501772
2147483648
1072142296
3758096384
1072125400
536870912
1071821373
3221225472
1071573427
3221225472
1072522167
2147483648
1070862911
3221225472
1071557486
3221225472
1070599600
3221225472
1068031714
0
1072240745
536870912
1070086216
0
1071735621
1610612736
1072335945
0
1069133211
0
1069585910
2147483648
1065814696
0
1071691906
2147483648
1068697815
0
1069712364
0
1071367019
2147483648
1068457692
0
1072131342
536870912
1071815468
1610612736
1071113581
0
1071522967
3221225472
1072074811
1073741824
1072102361
0
1072635908
1610612736
1071890275
2147483648
1071906649
1610612736
1071110045
2147483648
1070909369
2147483648
1071856308
2684354560
1072062173
2147483648
1072180297
0
1070966115
0
1071942558
2147483648
1072639413
1610612736
1071922885
3758096384
1072181509
2684354560
1072626216
0
1067548924
0
1066513140
0
1065644320
0
1071044302
3221225472
1070553587
0
1069754038
0
1072570251
3221225472
1071884118
1610612736
1072034853
2147483648
1072269419
0
1072022756
3221225472
1071047201
3221225472
1071677641
1073741824
1072517940
536870912
1071287340
1073741824
1072274260
2684354560
1069230496
0
1071461100
1073741824
1072693247
2684354560
84
