Uvec
2226355706
1071510968
3221225472
1069994537
2147483648
1072134168
3221225472
1072248667
2684354560
1070793020
0
1071376508
3221225472
1072274473
3758096384
1072516347
0
1072579184
2684354560
1072571240
2147483648
1071114880
2147483648
1072298076
536870912
1067495694
0
1070934175
3221225472
1071417323
1073741824
1072011484
1610612736
1072545640
0
1072293978
2147483648
1071035424
0
1063312032
0
1068567310
0
1071907563
2147483648
1070330669
0
1072588780
536870912
1071198085
1073741824
1070949002
2147483648
1072220274
0
1072129962
2147483648
1072045705
1073741824
1069577457
2147483648
1069373126
0
1070105543
0
1068325702
0
1070692042
0
1070398397
0
1071226236
1073741824
1072581290
2147483648
1072303600
0
1070272990
2147483648
1071543032
3221225472
1071917889
3758096384
1069676612
2147483648
1069956559
2147483648
1068986906
0
1071998078
536870912
1072554542
0
1072633222
536870912
1071201000
3221225472
1070922053
0
1072180631
1610612736
1070127546
2147483648
1072277142
536870912
1070181523
2147483648
1071521656
0
1071942915
536870912
1071784311
3221225472
1070616353
3221225472
1069709534
0
1072387855
0
1072555636
3221225472
1072685175
536870912
1070941189
2147483648
1070870932
2147483648
1071333125
2147483648
1071745753
3221225472
1071279645
3221225472
1070019452
0
1072465484
3221225472
1071039675
1073741824
1072323712
2147483648
1070662529
0
1072678294
536870912
1070154625
2147483648
1070030609
0
1066208624
0
1072071438
1073741824
1072194591
1073741824
1072292284
2147483648
1072644208
2147483648
1071296247
1073741824
1069750109
2147483648
1072294723
1073741824
1072208886
536870912
1071424329
1073741824
1070886173
0
1070820043
0
1072172642
2684354560
1071416375
3221225472
1071660871
1610612736
1071523595
1073741824
1072504349
0
1069440845
0
1071352863
2147483648
1068867661
0
1071032546
0
1070624158
3221225472
1072688192
1073741824
1071506267
1073741824
1071461100
1073741824
1072693247
2684354560
14
