Uvec
2226355706
1072235731
536870912
1072275545
2147483648
1072516563
0
1070078463
2147483648
1071551209
0
1072541502
3221225472
1072204925
3221225472
1072409318
2684354560
1071743854
1610612736
1071080793
0
1071940400
3758096384
1072133774
2147483648
1072612285
3758096384
1064580176
0
1072438674
1610612736
1069916056
0
1070110305
2147483648
1068646160
0
1072358210
3221225472
1071911357
3221225472
1072006936
1610612736
1071984490
0
1070914196
3221225472
1071727887
2684354560
1066721060
0
1072684470
3758096384
1071840352
0
1071643435
1073741824
1071799744
536870912
1072132081
1073741824
1072335106
3221225472
1070476542
0
1070224956
0
1072056301
2147483648
1072398107
536870912
1069021157
0
1068741198
0
1069481364
0
1069796624
0
1071585018
2147483648
1070063201
0
1070252951
0
1072639916
2147483648
1071822777
2684354560
1072155368
2147483648
1071718580
536870912
1072204793
536870912
1071125213
1073741824
1065767824
0
1072409411
2684354560
1071368471
0
1071860223
1073741824
1071968616
0
1072587404
536870912
1072039453
1610612736
1071378803
0
1071539401
3221225472
1068728516
0
1072316903
3221225472
1071254250
0
1072190336
1073741824
1072078199
536870912
1072588679
0
1072019983
2684354560
1071948211
3221225472
1065792280
0
1069235535
0
1071993712
2147483648
1072528802
3758096384
1072163214
3758096384
1072056280
536870912
1070748008
1073741824
1070360688
2147483648
1072074327
2147483648
1071699609
3758096384
1069947749
2147483648
1071433239
0
1072538195
3758096384
1070422617
0
1070618123
1073741824
1069671837
2147483648
1070848090
2147483648
1071708454
2684354560
1070675749
2147483648
1072180101
1610612736
1067376824
0
1069766574
0
1072650229
3758096384
1070478629
2147483648
1071426700
3221225472
1072337635
3221225472
1072231887
0
1068604226
0
1069632022
0
1069926895
0
1071434153
0
1070800275
3221225472
1070708811
2147483648
1071461100
1073741824
1072693247
2684354560
10
