Uvec
2226355706
1069757800
2147483648
1071287138
2147483648
1068266076
0
1071607368
1073741824
1070174449
0
1072206352
3221225472
1066947608
0
1071710248
536870912
1070892130
1073741824
1069079974
0
1068989454
0
1069701649
2147483648
1066733764
0
1069861368
0
1071027034
3221225472
1068835466
0
1069054022
0
1072516781
2684354560
1072618377
1073741824
1072141022
3221225472
1070729818
3221225472
1072439174
2147483648
1070868321
2147483648
1071444600
3221225472
1071473876
0
1071712075
2147483648
1071962751
0
1071949929
0
1072626818
3221225472
1072657594
3221225472
1071059940
1073741824
1072691193
2684354560
1071507349
1073741824
1071769199
3758096384
1068312412
0
1071955174
536870912
1072229084
3758096384
1071377877
3221225472
1071989369
2147483648
1071960006
2147483648
1071900815
0
1072582586
1073741824
1072197809
1610612736
1069114629
0
1072283016
0
1072541824
2147483648
1071528385
3221225472
1070411532
0
1071049573
0
1071993636
2147483648
1068610937
0
1067631464
0
1071993566
1610612736
1070679742
2147483648
1071368063
3221225472
1071960534
2147483648
1072365445
3758096384
1070877121
0
1070928281
3221225472
1069719317
0
1070201934
2147483648
1070146065
2147483648
1072526072
0
1072044452
1073741824
1071958877
3221225472
1072320145
3758096384
1071152447
3221225472
1070174395
0
1072101597
536870912
1071988350
3221225472
1069907437
2147483648
1065910816
0
1072676865
536870912
1072328624
2147483648
1068666306
0
1072062629
3758096384
1072489530
3221225472
1067769488
0
1071041567
0
1066668592
0
1069326355
0
1071428144
1073741824
1072449145
3758096384
1071644544
2147483648
1072413338
1073741824
1071981210
3221225472
1072520125
1610612736
1071329742
0
1071705367
1073741824
1070670283
3221225472
1071284400
1073741824
1069150086
0
1072299415
1610612736
1071917514
1073741824
1072395974
0
1070029477
2147483648
1072405708
0
1071470455
1073741824
1071461100
1073741824
1072693247
2684354560
25
