Uvec
2226355706
1071304248
3221225472
1072609008
3758096384
1071945288
0
1072105055
1073741824
1072465173
3758096384
1072041142
1073741824
1072453791
1073741824
1072134199
1610612736
1070102781
0
1071625689
3221225472
1071801047
536870912
1068672104
0
1070308700
2147483648
1071264050
0
1072168482
2147483648
1068063896
0
1072231768
2684354560
1071800621
1073741824
1072506385
2684354560
1071919136
3758096384
1070952760
0
1070809387
1073741824
1070057873
2147483648
1071792451
1073741824
1071794288
536870912
1071279185
2147483648
1072505427
1610612736
1072392108
0
1071137823
3221225472
1070642023
2147483648
1072286502
3758096384
1071386247
1073741824
1071982945
3758096384
1072478753
0
1071859921
2147483648
1071840791
2147483648
1072638100
3221225472
1071020308
3221225472
1072030607
3221225472
1072606811
3758096384
1069179279
0
1071674834
2147483648
1070990926
1073741824
1072276407
3758096384
1071934276
3221225472
1070854751
1073741824
1072395892
2684354560
1068852132
0
1071733904
536870912
1072261441
536870912
1071604988
2147483648
1071955228
3221225472
1072460191
1610612736
1071972049
0
1072468684
536870912
1070927480
3221225472
1071985910
536870912
1072339873
0
1071684207
2684354560
1067412188
0
1071982564
0
1071453300
3221225472
1069942494
2147483648
1071788005
1610612736
1072403094
536870912
1072515255
3758096384
1071711489
0
1071277776
0
1068775890
0
1070162984
0
1072336447
1073741824
1071038533
0
1071680404
1610612736
1071461993
2147483648
1071009954
0
1069718499
0
1072600728
3758096384
1068563428
0
1072257681
2684354560
1069589333
2147483648
1072369662
1610612736
1072101736
2684354560
1071484114
1073741824
1069863580
0
1071896962
2147483648
1062569536
0
1067742288
0
1070697592
0
1071378312
0
1071593464
2147483648
1070723922
0
1072093646
536870912
1070634267
1073741824
1070088011
2147483648
1071943951
3758096384
1071743642
2147483648
1071787664
0
1070605232
2147483648
1071461100
1073741824
1072693247
2684354560
84
