Uvec
2226355706
1072676922
536870912
1071714000
3758096384
1065638464
0
1068532609
0
1071269180
3221225472
1070912771
2147483648
1072441512
536870912
1072569892
1610612736
1070940700
2147483648
1068458248
0
1072501996
3758096384
1071675197
2147483648
1071620113
0
1072374553
1610612736
1071947085
3758096384
1071125244
2147483648
1072434814
536870912
1072141906
536870912
1067562612
0
1072037728
0
1071804339
536870912
1072485019
1073741824
1071305973
3221225472
1071980435
1610612736
1069500460
0
1069539291
0
1072103366
536870912
1068800177
0
1071843226
3758096384
1068363432
0
1069682804
2147483648
1070892761
3221225472
1071704836
2684354560
1071866462
1610612736
1066266672
0
1071599513
1073741824
1068502471
0
1070862780
3221225472
1067610544
0
1072581513
3758096384
1072097783
3221225472
1071851875
536870912
1066209440
0
1070601294
2147483648
1071580608
2147483648
1070060633
0
1071335931
1073741824
1070830845
2147483648
1070741267
1073741824
1070201209
0
1072553822
2684354560
1068726195
0
1071049004
2147483648
1071462289
3221225472
1070967395
2147483648
1072026882
0
1071940144
536870912
1069787507
0
1071433545
1073741824
1070817976
2147483648
1071666938
1610612736
1071831534
1610612736
1069186212
0
1071923135
2684354560
1069877739
2147483648
1071684148
1610612736
1068424006
0
1072195546
2684354560
1070563547
0
1072327896
2684354560
1072590578
1073741824
1071160714
3221225472
1072018318
2147483648
1072609106
3221225472
1071733812
2147483648
1072240324
1610612736
1070920174
3221225472
1067155364
0
1066789708
0
1070599182
2147483648
1072052492
0
1072066001
536870912
1072312235
3221225472
1072298450
1610612736
1072318655
536870912
1067434252
0
1070038983
2147483648
1071782708
2684354560
1072333974
1610612736
1071805498
1073741824
1071953592
2147483648
1071704332
2147483648
1072469648
2684354560
1069690443
0
1067496038
0
1072550143
536870912
1069584245
0
1071926153
0
1071461100
1073741824
1072693247
2684354560
62
