Uvec
2226355706
1070919636
2147483648
1070836256
2147483648
1071177194
3221225472
1072564321
3758096384
1070886000
1073741824
1068954826
0
1068581060
0
1072290295
3221225472
1068110390
0
1072570251
3221225472
1071953498
536870912
1072105545
3221225472
1071936135
2147483648
1071664031
3221225472
1071628352
1073741824
1072301831
3758096384
1072180620
1073741824
1068826319
0
1070188348
2147483648
1071321157
0
1068781130
0
1071814130
536870912
1072373239
1073741824
1069157574
0
1071033301
2147483648
1072423226
3758096384
1069250031
0
1072088525
2684354560
1072326107
1610612736
1072428743
1610612736
1071956178
1073741824
1071801921
2684354560
1071712183
2147483648
1070900613
2147483648
1069373752
0
1072293639
1073741824
1072103821
2147483648
1071782611
3221225472
1070378309
2147483648
1072524220
536870912
1072280925
1073741824
1071364523
3221225472
1070943955
2147483648
1071935601
1073741824
1072274847
1610612736
1070773076
2147483648
1071660943
536870912
1071484742
2147483648
1071678247
536870912
1068938831
0
1070628968
0
1071279282
1073741824
1065776600
0
1071574143
3221225472
1071006085
1073741824
1071727187
536870912
1071451939
0
1071682485
1610612736
1069785288
2147483648
1072082205
1610612736
1070807598
3221225472
1071952499
1610612736
1071152194
3221225472
1072450059
3221225472
1071019390
3221225472
1065885648
0
1070522944
2147483648
1069894429
2147483648
1070630782
1073741824
1069744912
2147483648
1072658052
1610612736
1072349742
3221225472
1071971330
3758096384
1070651501
3221225472
1071881741
1610612736
1068286364
0
1071742735
0
1072242204
2147483648
1071861183
3221225472
1072039733
536870912
1070123586
2147483648
1071184836
0
1069789213
0
1069544774
0
1071147948
3221225472
1070282383
0
1068559190
0
1072158565
1073741824
1072006697
3758096384
1072608259
0
1072488147
2147483648
1072467323
2147483648
1072679431
3221225472
1071715717
1610612736
1072204261
3758096384
1071931354
3758096384
1070500296
2147483648
1072591089
2684354560
1071461100
1073741824
1072693247
2684354560
54
