Uvec
2226355706
1072443605
536870912
1071178124
0
1071695108
2147483648
1070986004
2147483648
1072360598
1610612736
1070385424
0
1071075530
1073741824
1072280720
1073741824
1070476772
2147483648
1071316236
2147483648
1072589948
1610612736
1059271168
0
1072388563
0
1071889434
3758096384
1070139937
2147483648
1069749334
0
1072151125
1073741824
1070728432
0
1072188261
3221225472
1072005028
3221225472
1068324916
0
1071862578
1073741824
1069731238
2147483648
1072688764
2684354560
1072100062
3221225472
1070879419
3221225472
1072614730
1610612736
1070742218
0
1072460060
2684354560
1072039653
2684354560
1072558278
3758096384
1070940863
2147483648
1071481001
1073741824
1071716697
3758096384
1072242728
1073741824
1072594698
1073741824
1072007561
3758096384
1071335214
3221225472
1070343042
0
1071488614
2147483648
1069707451
0
1071937587
1610612736
1071685640
1073741824
1068773937
0
1072516801
1073741824
1071493120
0
1071722118
2147483648
1072490459
1073741824
1071707632
1610612736
1072242762
1610612736
1072649787
0
1072688407
536870912
1070005889
0
1070725077
1073741824
1071513163
0
1072609730
2684354560
1072490698
3758096384
1070866338
0
1072558372
536870912
1071814378
536870912
1071285960
0
1070675875
2147483648
1069917196
0
1072219657
1610612736
1070823174
3221225472
1072445255
3221225472
1071271760
3221225472
1071783663
3758096384
1072100274
3221225472
1069929637
2147483648
1068866801
0
1071954933
1610612736
1072536426
536870912
1070406006
0
1072415472
3758096384
1072105575
2684354560
1071713580
536870912
1072168739
2147483648
1072435748
2147483648
1069905243
2147483648
1071146073
3221225472
1070335988
0
1070574362
2147483648
1072147478
1610612736
1072103541
1610612736
1071053252
1073741824
1071389054
0
1072054387
3758096384
1069157292
0
1069036378
0
1070064033
0
1072460716
536870912
1072489019
536870912
1072356685
1610612736
1072159505
0
1070769572
0
1072198765
1610612736
1070549302
2147483648
1071461100
1073741824
1072693247
2684354560
9
