Uvec
2226355706
1071005556
2147483648
1071826641
2684354560
1071201377
1073741824
1071997651
1073741824
1068594859
0
1072413274
3221225472
1072005335
0
1071820227
1610612736
1072006285
1610612736
1072547757
2147483648
1071825626
1610612736
1069199161
0
1066737240
0
1071056372
3221225472
1069262743
0
1072038086
536870912
1067707224
0
1070074901
0
1071669085
1073741824
1071729247
1610612736
1071873195
3221225472
1070152839
2147483648
1070802620
3221225472
1070241670
0
1072128326
536870912
1069951562
0
1072215007
3758096384
1070415073
0
1072387559
1610612736
1068108700
0
1070955317
0
1070385110
0
1070742021
2147483648
1070804304
2147483648
1072111218
0
1072475520
2684354560
1068251030
0
1072316357
536870912
1071191315
3221225472
1071946338
2684354560
1071986958
1610612736
1070298451
0
1070820586
0
1069735166
0
1072069156
1073741824
1070508103
2147483648
1069843425
2147483648
1070310402
0
1070808631
0
1072039006
1073741824
1072509564
2147483648
1072523633
536870912
1072343417
0
1069088873
0
1071502214
2147483648
1069295813
0
1071939165
536870912
1071687507
3758096384
1072437457
536870912
1070942282
1073741824
1072511885
536870912
1069835094
2147483648
1071272545
2147483648
1071835863
1610612736
1071980749
1610612736
1071750163
1610612736
1069338102
0
1071247109
1073741824
1072640989
536870912
1069950195
2147483648
1069197504
0
1070965386
3221225472
1072193831
0
1070194495
2147483648
1072246947
0
1071680075
2147483648
1070827233
3221225472
1072056609
3221225472
1068389352
0
1069867442
2147483648
1068836883
0
1069794430
0
1071364286
0
1071889138
3758096384
1072536804
2684354560
1069951450
2147483648
1070605214
3221225472
1072571546
3221225472
1072475880
2147483648
1071745887
536870912
1069089566
0
1071288459
2147483648
1070932605
1073741824
1065979280
0
1071941213
3221225472
1070875687
2147483648
1071972653
3758096384
1070545855
0
1071461100
1073741824
1072693247
2684354560
59
