Uvec
2226355706
1070374310
0
1070952704
0
1072598976
536870912
1072662643
0
1070450059
2147483648
1071963006
3221225472
1071828667
1073741824
1072583907
3221225472
1071219790
0
1072404064
2684354560
1071448137
0
1072413386
536870912
1069881166
2147483648
1068894313
0
1071883966
1610612736
1071231194
1073741824
1071517919
0
1069762929
0
1070006027
2147483648
1070248857
0
1069302499
0
1072411552
2684354560
1071651804
3221225472
1068345280
0
1071268700
1073741824
1071736133
2147483648
1072290717
2684354560
1072075839
1610612736
1070081076
2147483648
1072570726
0
1070812176
3221225472
1071117832
2147483648
1070248329
0
1071968509
3221225472
1071781710
0
1070844664
1073741824
1070334468
2147483648
1068575049
0
1071832855
2147483648
1072316332
2147483648
1071706758
2684354560
1072464942
1610612736
1072178968
2684354560
1071932194
3758096384
1071367347
2147483648
1072436297
1610612736
1071108995
0
1072330623
1610612736
1072139847
1073741824
1070772883
0
1072469014
2684354560
1070110593
0
1072230235
3221225472
1070597874
0
1072284761
0
1070778494
1073741824
1072211354
2147483648
1072664098
1073741824
1072059065
2147483648
1070913400
2147483648
1070812029
1073741824
1069300205
0
1070003694
2147483648
1069452206
0
1072311823
1073741824
1070815321
3221225472
1070902451
0
1072431167
1073741824
1070637171
3221225472
1071670613
1073741824
1069578905
2147483648
1070752921
1073741824
1071521154
3221225472
1071971866
1610612736
1071907569
536870912
1070607391
1073741824
1071010975
2147483648
1071599592
1073741824
1071774290
1610612736
1068868268
0
1072689771
1610612736
1070308326
0
1072687665
2147483648
1071902893
1610612736
1072036655
0
1072420392
3758096384
1071038147
2147483648
1070296579
0
1072086020
2147483648
1071411402
2147483648
1070938728
1073741824
1072144656
2147483648
1071749879
3221225472
1070905411
1073741824
1072644798
3221225472
1072542242
3758096384
1072360932
3221225472
1070000461
2147483648
1071461100
1073741824
1072693247
2684354560
92
