Uvec
2226355706
1072310721
0
1070055020
0
1065592424
0
1070799297
0
1071724533
3221225472
1067663002
0
1070683412
1073741824
1072573682
0
1070695770
1073741824
1069431229
0
1072129491
3758096384
1070894814
0
1072155226
2147483648
1071221743
2147483648
1070028962
0
1071113291
1073741824
1068529111
0
1072508189
1610612736
1071347858
0
1071812780
3758096384
1071552704
0
1071996362
3221225472
1072316954
3758096384
1070992183
3221225472
1069265207
0
1070241153
0
1069656257
0
1071283124
3221225472
1064911312
0
1072154460
536870912
1071374597
0
1070039887
2147483648
1072234167
3758096384
1071879663
3758096384
1070694564
0
1069379577
0
1065991288
0
1069840730
2147483648
1072403526
2684354560
1072421123
1073741824
1062903808
0
1071723404
0
1070888643
2147483648
1071663171
536870912
1072351219
1610612736
1072086703
0
1071621006
3221225472
1068588046
0
1072078575
2684354560
1071054509
0
1072529488
0
1070932483
0
1071736576
536870912
1071749875
1610612736
1072189136
1610612736
1072630850
2147483648
1071182827
3221225472
1072199959
1610612736
1071700576
2147483648
1072166465
0
1072633958
0
1070943388
3221225472
1072594853
3758096384
1072436466
536870912
1071886272
2684354560
1070804580
0
1071290280
3221225472
1072411808
536870912
1072266584
1073741824
1068670581
0
1071600929
2147483648
1072327722
3758096384
1067660834
0
1070594420
2147483648
1071766909
2684354560
1069716198
2147483648
1070887314
3221225472
1072472341
1610612736
1072617689
3221225472
1071756523
3221225472
1072420602
2684354560
1071269938
0
1071107422
2147483648
1071038437
1073741824
1072165071
0
1072395149
3758096384
1071176229
1073741824
1071398185
3221225472
1071770649
3221225472
1072618270
1073741824
1068893437
0
1068516720
0
1071994867
536870912
1072430002
2147483648
1070671873
3221225472
1069851629
0
1072086987
1610612736
1072344662
2684354560
1071461100
1073741824
1072693247
2684354560
27
