Uvec
2226355706
1071373304
2147483648
1071415249
3221225472
1069758387
0
1067473356
0
1072268057
3758096384
1070761304
1073741824
1072058481
1073741824
1071742058
1610612736
1071997315
3221225472
1068745887
0
1072362068
3221225472
1070976921
1073741824
1069658645
2147483648
1070872819
0
1071357757
3221225472
1071903758
536870912
1071668408
1610612736
1071877055
536870912
1070054622
2147483648
1066547940
0
1068032156
0
1069599560
0
1071406858
3221225472
1071723935
0
1072044811
1073741824
1072397097
1610612736
1068501246
0
1072164265
3758096384
1070299703
0
1071244614
2147483648
1072069142
0
1070699693
3221225472
1071429423
3221225472
1071160208
1073741824
1070374926
2147483648
1071943940
3221225472
1071465860
2147483648
1070678106
1073741824
1072286262
0
1072437157
0
1072035511
3758096384
1070417799
0
1068663251
0
1070776399
2147483648
1072105208
2147483648
1071083099
3221225472
1072596944
1610612736
1072478566
1073741824
1071961558
0
1072249043
1610612736
1072229503
1073741824
1070461071
2147483648
1071906253
2147483648
1072180321
536870912
1071898337
2147483648
1072513144
3221225472
1072323746
1610612736
1072459202
536870912
1071927588
1073741824
1070934230
2147483648
1070717374
3221225472
1071503241
2147483648
1071241118
0
1069497065
0
1069677727
2147483648
1072107380
0
1071346166
2147483648
1071456187
0
1070774404
1073741824
1072637474
2147483648
1067863976
0
1070686335
1073741824
1072626184
1073741824
1064367600
0
1071419728
0
1072047986
2147483648
1072610971
0
1072185233
2147483648
1070421540
0
1069060480
0
1070323084
0
1070831756
3221225472
1070250974
2147483648
1066968532
0
1072437147
3221225472
1072378391
3221225472
1070638093
0
1072094549
0
1071882506
1073741824
1071780468
1073741824
1071095609
2147483648
1070446579
0
1071997002
536870912
1071573735
2147483648
1071265953
0
1070603686
1073741824
1070823991
3221225472
1071693839
1073741824
1071461100
1073741824
1072693247
2684354560
74
