Uvec
2226355706
1070973073
2147483648
1071029340
3221225472
1072091687
0
1070852276
0
1068469566
0
1072251294
0
1072686118
1073741824
1071844820
2684354560
1071145636
3221225472
1071478084
1073741824
1070986938
0
1071883042
2147483648
1072503159
1610612736
1068807864
0
1069798872
2147483648
1071877941
0
1072300679
1073741824
1069110756
0
1072664359
0
1072539455
0
1066682184
0
1071465621
3221225472
1071115353
0
1071704465
1610612736
1071673674
1610612736
1071713744
2147483648
1067769362
0
1072461644
1610612736
1072551611
2147483648
1072534131
1073741824
1071673152
3758096384
1071624956
3221225472
1071109158
3221225472
1069016939
0
1072233161
536870912
1072061301
0
1072083198
3221225472
1072269522
1073741824
1071851945
536870912
1070764032
2147483648
1070928938
2147483648
1072217436
1073741824
1069486029
0
1067612446
0
1072553095
0
1071880095
2147483648
1072134416
2147483648
1071978958
2147483648
1071245777
3221225472
1072597605
3221225472
1071859355
2147483648
1071130225
3221225472
1072572434
536870912
1071765168
2147483648
1072444659
2684354560
1071560294
3221225472
1072583377
536870912
1072588859
1073741824
1072157714
3758096384
1071970947
1073741824
1072605625
3758096384
1071010208
0
1071773053
0
1072308235
536870912
1070153216
2147483648
1072224564
2147483648
1061396608
0
1069743976
0
1071685666
3221225472
1071769258
3758096384
1070799088
3221225472
1072173551
536870912
1071807626
2147483648
1071480655
1073741824
1072286302
1073741824
1072384678
3758096384
1072141129
3221225472
1070266452
2147483648
1071226883
1073741824
1071728144
0
1071924461
1610612736
1070154410
2147483648
1070005927
0
1072004748
1610612736
1072045196
1073741824
1072224017
3758096384
1070425704
2147483648
1071347303
2147483648
1072241643
536870912
1071157909
1073741824
1072082162
3221225472
1071920079
0
1070806697
0
1071685562
1073741824
1072458219
1073741824
1072314637
536870912
1071734593
0
1068984362
0
1071461100
1073741824
1072693247
2684354560
18
