Uvec
2226355706
1071153895
1073741824
1071061092
0
1070828245
2147483648
1071904381
1073741824
1068628847
0
1070938597
1073741824
1072187910
0
1070127143
2147483648
1069697296
0
1072240895
3758096384
1072512978
2147483648
1072587774
2147483648
1071320285
1073741824
1072279934
2684354560
1071008060
3221225472
1072000696
536870912
1072308460
2684354560
1071566277
1073741824
1070924249
2147483648
1071159293
1073741824
1072034350
1073741824
1071069795
2147483648
1070207567
2147483648
1071752368
1073741824
1072519516
2147483648
1070736303
2147483648
1072339034
3221225472
1066581276
0
1072061401
3758096384
1071778784
536870912
1070049291
2147483648
1072441332
3758096384
1072545416
0
1072651818
0
1066978936
0
1072327340
2684354560
1072123222
1610612736
1069983623
0
1069633676
0
1072565341
1610612736
1069453901
0
1069522372
0
1070899081
0
1072039357
2684354560
1071281176
0
1071188233
1073741824
1071845556
1073741824
1071584661
0
1070929162
2147483648
1071188269
3221225472
1070868657
3221225472
1071581035
1073741824
1072358406
3221225472
1069275463
0
1072651445
3221225472
1070463083
2147483648
1070863770
3221225472
1071954333
2147483648
1070966780
0
1069394426
0
1071521875
1073741824
1071348953
0
1070465555
2147483648
1072517197
536870912
1070832182
2147483648
1070967471
3221225472
1072589215
2684354560
1072218913
536870912
1072679793
1610612736
1070638790
2147483648
1070304859
0
1071390661
3221225472
1072255079
536870912
1071567159
0
1069624705
2147483648
1072016171
1073741824
1071022070
0
1071055524
0
1072579541
3221225472
1070635995
1073741824
1070641356
3221225472
1072515990
1610612736
1072306957
1073741824
1068836516
0
1069791388
2147483648
1071686393
0
1071619069
1073741824
1070911691
0
1071218531
0
1072096649
2147483648
1067014312
0
1070420817
2147483648
1072101717
3221225472
1072255963
2684354560
1072174475
2147483648
1072349106
2684354560
1065864104
0
1067495990
0
1071461100
1073741824
1072693247
2684354560
92
