Uvec
2226355706
1072347862
3221225472
1071813664
536870912
1070864748
3221225472
1068707860
0
1071115402
2147483648
1072014838
536870912
1070797363
0
1071053003
1073741824
1072380864
2147483648
1069430349
0
1068001712
0
1071862703
2147483648
1072325665
3221225472
1072397581
3221225472
1072112097
3221225472
1072077109
1610612736
1068689684
0
1069733768
2147483648
1067782516
0
1071645361
2147483648
1071826827
536870912
1066273832
0
1068340080
0
1072028395
1610612736
1071138342
0
1071841618
0
1071911768
1073741824
1070510981
2147483648
1069823661
0
1072580823
3221225472
1072662525
3221225472
1071008247
2147483648
1069593634
2147483648
1070840280
1073741824
1070637484
2147483648
1072246564
0
1071694048
2684354560
1072656039
536870912
1071424812
1073741824
1070951801
2147483648
1070403206
0
1071942834
2684354560
1069533907
0
1064306512
0
1072663901
2684354560
1072293564
3758096384
1070084136
2147483648
1072402340
3758096384
1068639049
0
1071911503
2147483648
1072142653
0
1070338050
2147483648
1071178368
2147483648
1068495144
0
1072454236
1610612736
1072053579
2147483648
1072174199
1073741824
1068792657
0
1071431028
2147483648
1070443090
2147483648
1070616224
2147483648
1072016308
3758096384
1072685577
2684354560
1072267325
3758096384
1072562531
1610612736
1068432292
0
1071627563
0
1069134951
0
1071687497
3758096384
1071624692
2147483648
1071136121
1073741824
1072089222
1610612736
1070999453
2147483648
1071983136
536870912
1071967818
1610612736
1071986182
0
1072569737
2147483648
1071566200
3221225472
1070734481
3221225472
1071248730
0
1072544943
3758096384
1069971323
0
1072571040
3221225472
1072339027
3758096384
1069951755
0
1067678090
0
1070534452
0
1068949377
0
1072106350
3758096384
1071878561
3758096384
1072680424
0
1069958246
2147483648
1072037088
2147483648
1071269803
2147483648
1072407531
0
1071090844
3221225472
1071725157
2147483648
1071318832
1073741824
1071461100
1073741824
1072693247
2684354560
49
