Uvec
2226355706
1072302120
2147483648
1072570591
1073741824
1066385040
0
1071731953
1073741824
1070364999
2147483648
1071867077
3221225472
1065653992
0
1071888156
0
1067393952
0
1071983862
3758096384
1067386312
0
1070108564
0
1070641180
1073741824
1071593475
1073741824
1072300606
0
1072614456
3758096384
1072039829
1073741824
1071594330
1073741824
1071623936
0
1071552396
1073741824
1070434997
2147483648
1072166290
1610612736
1072517291
3221225472
1066759112
0
1071282683
1073741824
1068118148
0
1067621526
0
1071673377
3221225472
1072304423
3221225472
1071811666
3221225472
1071338458
0
1070274468
2147483648
1072253656
1610612736
1072569906
1610612736
1072055514
1073741824
1068837704
0
1071618340
1073741824
1068828740
0
1071170266
2147483648
1072485009
1073741824
1070526991
2147483648
1070694200
2147483648
1064816592
0
1071970455
536870912
1071085061
2147483648
1071118582
2147483648
1071375460
1073741824
1071194321
1073741824
1070070363
0
1070621239
3221225472
1071293517
1073741824
1071980941
3221225472
1071676514
3758096384
1072606055
2147483648
1070481174
2147483648
1065370120
0
1072384531
3221225472
1072009632
3221225472
1072589053
3758096384
1070056189
0
1071716350
536870912
1070840371
0
1072080723
0
1071431188
2147483648
1072271914
2684354560
1072267957
2684354560
1070376365
2147483648
1071636314
2147483648
1072345544
2147483648
1071569096
0
1072404129
1610612736
1071716660
536870912
1071298310
3221225472
1072132403
1073741824
1071313466
2147483648
1070679070
3221225472
1072671906
1073741824
1069842408
2147483648
1072563428
1073741824
1066825680
0
1072301404
0
1071946516
3758096384
1071651050
0
1070549244
2147483648
1071916872
0
1069239076
0
1072048384
2147483648
1072638137
2684354560
1071031064
1073741824
1068573085
0
1072222178
1073741824
1072477415
1073741824
1072646878
2147483648
1071959327
3221225472
1072009265
2147483648
1071961645
1610612736
1072084870
3758096384
1072488015
2684354560
1071461100
1073741824
1072693247
2684354560
76
