Uvec
2226355706
1071485099
3221225472
1069296206
0
1069343698
0
1070743491
1073741824
1072093249
3758096384
1068855036
0
1072372004
1610612736
1070142692
0
1072375848
3221225472
1070864826
2147483648
1072320331
3221225472
1071761161
2147483648
1071603412
2147483648
1070034090
0
1070561938
2147483648
1071084440
1073741824
1072459859
1073741824
1071697621
2684354560
1072583679
3758096384
1072582693
1073741824
1071639344
3221225472
1071949611
2147483648
1067115324
0
1071707189
3758096384
1069316658
0
1071843132
1610612736
1072649592
0
1071839860
1073741824
1072140216
2684354560
1072691410
3758096384
1072650042
1073741824
1070857452
1073741824
1071360616
3221225472
1070494460
2147483648
1072105389
0
1068251798
0
1071871753
1073741824
1071757343
1610612736
1066022232
0
1071814749
3221225472
1071949055
2684354560
1062319040
0
1069794614
2147483648
1072367715
1610612736
1071755634
3221225472
1071302267
1073741824
1072020878
2684354560
1069937377
2147483648
1072623928
2684354560
1065041104
0
1072205220
2147483648
1071398124
2147483648
1071862117
2684354560
1069873331
2147483648
1072132253
536870912
1072534573
3758096384
1069143895
0
1072001533
536870912
1071033325
3221225472
1069077714
0
1072494552
1073741824
1070879622
3221225472
1070463797
0
1072369633
3758096384
1071707460
1073741824
1070031427
2147483648
1072474402
0
1072552877
2147483648
1068241410
0
1071621723
1073741824
1071909468
0
1071121566
1073741824
1071644696
2147483648
1071605205
3221225472
1071691767
0
1071980819
2684354560
1069322595
0
1069115886
0
1069266045
0
1065815400
0
1072340996
1073741824
1070767687
2147483648
1072680074
536870912
1071622497
1073741824
1064158912
0
1071468890
0
1068956204
0
1070903485
2147483648
1071461759
0
1068982932
0
1069215097
0
1071795701
3758096384
1070803206
2147483648
1071990102
2684354560
1071927502
1610612736
1072528716
2684354560
1072481152
2684354560
1069961342
2147483648
1071461100
1073741824
1072693247
2684354560
73
