Uvec
2226355706
1072037464
3221225472
1071652197
0
1069229299
0
1069671502
2147483648
1071655039
1610612736
1069972588
2147483648
1071457177
0
1068996284
0
1072242781
3221225472
1071354513
0
1072583876
3221225472
1069687664
0
1071772128
2684354560
1071456245
0
1069900807
0
1070877235
0
1071941750
536870912
1071713596
3758096384
1072426221
1610612736
1071798237
3758096384
1072095825
2147483648
1068250054
0
1071427110
0
1070707619
1073741824
1072273277
3758096384
1071389049
0
1072392317
3758096384
1071157935
2147483648
1071331012
0
1071174372
0
1068425218
0
1070936353
2147483648
1072642256
3221225472
1066987200
0
1070111411
0
1071111723
3221225472
1067614572
0
1071485838
2147483648
1072229238
1073741824
1072377391
536870912
1068724404
0
1072130356
2684354560
1072607093
1610612736
1072524119
3758096384
1072297040
2684354560
1072013123
0
1072609444
2684354560
1072182777
2147483648
1072680315
2684354560
1072294705
1073741824
1072318151
536870912
1070363927
2147483648
1072528112
536870912
1071299703
1073741824
1069472581
0
1072257051
3221225472
1072075096
3758096384
1072425087
2684354560
1072064202
3758096384
1072080283
536870912
1072442881
3221225472
1071382813
3221225472
1071694972
3758096384
1072049875
2684354560
1072671251
3758096384
1070483344
2147483648
1071757027
2684354560
1070934002
3221225472
1072376122
2147483648
1072252076
2147483648
1069316262
0
1070224715
2147483648
1069119820
0
1072577345
2147483648
1070819541
1073741824
1069372341
0
1072210178
0
1072665878
3221225472
1069797013
2147483648
1071389656
0
1069827227
0
1071492767
0
1072261969
2684354560
1068455148
0
1072226450
3758096384
1071879078
3758096384
1070879254
0
1071833674
1610612736
1064963744
0
1072281680
1073741824
1071703715
1073741824
1071610844
1073741824
1071273329
3221225472
1072483898
0
1072676995
3758096384
1072316562
1610612736
1070647129
1073741824
1070072192
2147483648
1071461100
1073741824
1072693247
2684354560
36
