Uvec
2226355706
1072578652
0
1071203516
1073741824
1071373111
0
1070916995
3221225472
1072159700
3221225472
1070843890
0
1068115572
0
1071829070
3758096384
1069500782
0
1071517563
1073741824
1071169329
0
1070751166
3221225472
1068650687
0
1072133356
3758096384
1071362201
1073741824
1072393231
2147483648
1071230023
2147483648
1071541487
2147483648
1071502051
3221225472
1070215243
0
1071861045
0
1070653900
3221225472
1071253835
0
1072485707
1073741824
1071867642
536870912
1069906597
2147483648
1072509170
0
1069846782
0
1071341168
0
1071213151
2147483648
1072305269
2147483648
1069008344
0
1072572267
1073741824
1070688055
2147483648
1072670228
1610612736
1072456110
3758096384
1071971474
2147483648
1067670178
0
1071373876
0
1072256413
2684354560
1069930681
2147483648
1069126340
0
1069607152
2147483648
1070344708
2147483648
1072081343
1073741824
1071508894
0
1067682952
0
1071450216
1073741824
1072383200
3758096384
1071906143
0
1071161539
3221225472
1072260041
3221225472
1070578927
2147483648
1071680395
1073741824
1072458866
2684354560
1067930768
0
1070703753
1073741824
1071181340
3221225472
1072605847
3758096384
1072511546
2684354560
1068855067
0
1072446668
2684354560
1071704029
3758096384
1069948902
0
1070685192
1073741824
1072002520
2684354560
1069951539
2147483648
1062228352
0
1071025532
0
1071978021
0
1072002417
2147483648
1072409100
2684354560
1072297549
1073741824
1071228504
3221225472
1071888229
1073741824
1071998995
0
1070259742
2147483648
1072572684
0
1071784043
1610612736
1067824792
0
1069076428
0
1071100581
3221225472
1071645878
1073741824
1071828231
2684354560
1071112021
0
1071061279
2147483648
1072408032
3758096384
1070467729
2147483648
1071899299
3758096384
1071467433
3221225472
1072598510
2147483648
1072113420
2147483648
1072003110
3758096384
1069989267
0
1069076620
0
1071844691
3758096384
1071737472
3758096384
1072259526
2684354560
1071461100
1073741824
1072693247
2684354560
48
