Uvec
2226355706
1071464635
3221225472
1071625334
2147483648
1070520243
2147483648
1072523845
2684354560
1071968820
2147483648
1070322451
0
1070259990
2147483648
1072555422
1073741824
1072396591
3221225472
1068966755
0
1071793489
3758096384
1069993231
0
1068277134
0
1067965382
0
1071816159
1610612736
1069625710
0
1071738932
1073741824
1070765650
1073741824
1072669363
2684354560
1072178778
1073741824
1071877461
0
1071421173
1073741824
1071913410
1073741824
1071188240
2147483648
1070835374
2147483648
1072345447
0
1071273789
0
1071372782
3221225472
1071909446
0
1072042470
3221225472
1072146772
536870912
1072284062
1073741824
1070031376
2147483648
1071718739
3758096384
1072104834
2684354560
1069704657
2147483648
1069791495
0
1071739614
2147483648
1070555860
2147483648
1072387145
536870912
1071255103
3221225472
1072585179
1610612736
1072306014
3221225472
1072412439
536870912
1070952578
2147483648
1072052112
2684354560
1072144993
3221225472
1066881648
0
1072488261
536870912
1072647492
2684354560
1072584061
3758096384
1071667340
3758096384
1068269914
0
1066994508
0
1072486931
1610612736
1061887360
0
1071696916
3221225472
1071821136
0
1071722440
2684354560
1072601169
0
1071915316
2684354560
1071626847
2147483648
1071963727
1610612736
1072289739
1073741824
1072165462
1073741824
1072509851
2147483648
1072324935
2684354560
1070357056
2147483648
1071747271
3758096384
1072354607
3221225472
1072630702
536870912
1071979030
1610612736
1071428540
1073741824
1070612551
3221225472
1072431227
3758096384
1068394850
0
1072123671
536870912
1071247054
3221225472
1072532248
3758096384
1068760990
0
1071651552
3758096384
1072107059
3221225472
1069252439
0
1071768807
2147483648
1067588214
0
1069452631
0
1070197019
2147483648
1070629223
2147483648
1070357932
2147483648
1071976316
536870912
1072206346
536870912
1072528336
2684354560
1072539115
2147483648
1071550742
2147483648
1072099624
3221225472
1068954389
0
1071581712
0
1070654727
0
1071461100
1073741824
1072693247
2684354560
54
