Uvec
2226355706
1072354037
0
1071864029
536870912
1072566126
536870912
1071820309
1073741824
1071454370
0
1070471981
2147483648
1070817962
2147483648
1070836698
0
1069408300
0
1070802422
0
1071798553
536870912
1069642312
0
1071183141
1073741824
1072346072
0
1070666828
1073741824
1069899258
2147483648
1066352328
0
1072278199
2684354560
1067974284
0
1072212820
3758096384
1071436469
0
1071765311
536870912
1071212896
2147483648
1071123761
1073741824
1071898411
2684354560
1071141475
0
1071779863
2684354560
1072476407
1610612736
1071289088
2147483648
1072668906
1073741824
1072530174
1073741824
1071662249
3758096384
1070662199
0
1072337909
3221225472
1070948307
1073741824
1070610361
0
1071900754
2684354560
1071810517
2684354560
1071193729
1073741824
1071158975
1073741824
1072477097
1610612736
1072095068
2684354560
1071714980
3221225472
1072637479
3758096384
1071398045
2147483648
1069390674
0
1066377600
0
1072147631
3758096384
1071792571
1073741824
1071924538
2684354560
1072420590
3221225472
1070860067
3221225472
1071847711
0
1071847261
1610612736
1072399951
0
1070798313
2147483648
1072511443
0
1072687663
1073741824
1072448359
2147483648
1065323600
0
1072430396
2684354560
1069750352
2147483648
1069766196
2147483648
1071924051
1073741824
1072468136
3758096384
1072092691
1073741824
1071519916
1073741824
1070628676
1073741824
1072013170
2684354560
1068557952
0
1068382212
0
1071390490
0
1070890865
0
1071376413
1073741824
1071659060
1610612736
1072220279
1610612736
1071501409
0
1072656556
3758096384
1072589941
1610612736
1070630404
3221225472
1070786979
0
1071339717
3221225472
1069669628
0
1070992041
0
1070642222
0
1070184871
2147483648
1070822174
0
1071427002
0
1072060351
2684354560
1069996881
0
1070446166
2147483648
1072403522
1610612736
1072043753
2684354560
1069301836
0
1070877350
3221225472
1071586803
1073741824
1072386087
536870912
1070620902
3221225472
1071461100
1073741824
1072693247
2684354560
76
