Uvec
2226355706
1069145362
0
1072480672
3221225472
1071599005
0
1071903385
1610612736
1072658970
2147483648
1072444169
3221225472
1069716739
2147483648
1070968643
3221225472
1071682834
1610612736
1071976579
2684354560
1071711725
3221225472
1071106839
1073741824
1064584400
0
1069961250
2147483648
1071984044
3758096384
1072558338
3758096384
1072468013
3758096384
1071801496
1073741824
1069692109
0
1065698408
0
1071930192
0
1072347844
2147483648
1068750563
0
1072091860
1610612736
1072363291
1073741824
1072063811
0
1068944213
0
1072561770
2147483648
1071529549
1073741824
1071935038
3221225472
1069766176
0
1072488561
1610612736
1072595635
0
1069474397
0
1071365781
3221225472
1064624064
0
1072518874
1073741824
1070869281
0
1070046039
2147483648
1072117028
3221225472
1072608680
2684354560
1072434792
536870912
1067181272
0
1071849191
1610612736
1071837439
0
1072367443
2684354560
1068516143
0
1068025382
0
1072471978
3221225472
1071225442
0
1071543819
2147483648
1068743671
0
1071899715
0
1072615563
3758096384
1072645553
3221225472
1072573198
1610612736
1072416104
2147483648
1072645825
1610612736
1072127180
1073741824
1071914461
1073741824
1072678206
0
1071466806
0
1072504526
2147483648
1067488730
0
1071714235
1610612736
1070897456
1073741824
1070602619
2147483648
1070908475
0
1071092364
0
1072628801
0
1070137195
2147483648
1072481292
536870912
1069377606
0
1070259415
0
1072161481
3221225472
1072437991
536870912
1071563171
1073741824
1069875651
2147483648
1072455219
3758096384
1071958895
536870912
1070554751
0
1072214854
2147483648
1070336822
2147483648
1071134651
1073741824
1072683993
1610612736
1072351698
536870912
1071382779
2147483648
1068975063
0
1072241029
2684354560
1072432626
1073741824
1072386884
1073741824
1071379121
2147483648
1070980477
0
1072284921
3758096384
1072643664
3221225472
1071584609
0
1070527453
2147483648
1072180125
1073741824
1071461100
1073741824
1072693247
2684354560
13
