Uvec
2226355706
1072237693
3221225472
1067996072
0
1068879741
0
1071956429
3221225472
1065721312
0
1068535787
0
1072292974
2147483648
1070776990
2147483648
1070842639
3221225472
1072496528
2684354560
1072337982
1073741824
1071658868
2147483648
1071728586
3221225472
1072397611
2684354560
1070488172
0
1070911711
3221225472
1071433550
2147483648
1072137796
2147483648
1072295805
1073741824
1071228631
0
1071189111
3221225472
1071185197
1073741824
1071665268
2147483648
1072139285
2684354560
1072679664
3758096384
1071164365
3221225472
1072290868
1610612736
1072261544
0
1070062684
2147483648
1072452297
3758096384
1072408464
2684354560
1071877297
2684354560
1072120601
1073741824
1072017602
3758096384
1072328988
536870912
1072612438
1073741824
1071936766
2147483648
1066089856
0
1071704722
2684354560
1071313719
3221225472
1070190557
0
1072544919
0
1070866896
2147483648
1071751867
2147483648
1072336571
1073741824
1071378407
0
1071685485
2147483648
1070207513
0
1072117826
1073741824
1072392875
2684354560
1071879084
3221225472
1070787110
0
1072647766
3221225472
1070078836
0
1072130129
0
1070562568
2147483648
1070947676
3221225472
1072001021
0
1072338248
3221225472
1068283580
0
1071986469
3221225472
1070901069
1073741824
1072670507
0
1072033094
2147483648
1070911561
2147483648
1072612471
0
1070110732
0
1068105108
0
1070781384
2147483648
1068789251
0
1067470584
0
1071038774
0
1069805014
2147483648
1071838411
1610612736
1070415009
0
1072489728
2684354560
1069945236
2147483648
1071646900
3221225472
1069783061
0
1070317219
0
1072646837
1073741824
1072031328
1610612736
1069309964
0
1071008440
2147483648
1070871541
0
1068931180
0
1072367645
536870912
1071825681
2684354560
1072588775
3758096384
1071412345
3221225472
1072350255
3221225472
1070415317
2147483648
1071771405
536870912
1072085000
1610612736
1070406579
2147483648
1072566224
3758096384
1071084309
0
1071014602
0
1071461100
1073741824
1072693247
2684354560
49
