Uvec
2226355706
1072389129
2147483648
1071845550
0
1071648841
1610612736
1069616171
2147483648
1070472700
2147483648
1070982349
3221225472
1072235423
0
1072437035
3221225472
1070132404
0
1068610810
0
1072036463
1610612736
1070535613
2147483648
1069781939
2147483648
1072449581
2147483648
1070968412
3221225472
1071190783
2147483648
1072520253
3221225472
1070649718
0
1070861043
3221225472
1069977223
0
1071308296
0
1068587970
0
1071534990
1073741824
1067168212
0
1070734752
0
1071031099
3221225472
1072094760
3221225472
1072081360
0
1072163548
0
1070727948
3221225472
1072339189
3221225472
1069077199
0
1071004278
1073741824
1072111516
3221225472
1072223692
1073741824
1069491492
0
1071505680
0
1070988826
3221225472
1069677529
2147483648
1072005225
0
1071113887
1073741824
1072468802
536870912
1070224910
0
1072237398
536870912
1072506985
3221225472
1070683441
3221225472
1071843002
2684354560
1069767156
2147483648
1072054992
2684354560
1071202176
0
1071171776
2147483648
1072403963
1610612736
1071223161
1073741824
1068876158
0
1071752173
1073741824
1072519046
1610612736
1069293826
0
1071366852
3221225472
1070969484
2147483648
1072601981
2147483648
1071866679
536870912
1071998510
3758096384
1071641831
3221225472
1071970183
1073741824
1067746520
0
1071347713
0
1071666053
0
1069096935
0
1068341280
0
1072520524
3758096384
1072412799
2147483648
1071351169
2147483648
1068201126
0
1069924118
2147483648
1069576038
0
1070933769
3221225472
1070220049
2147483648
1072138958
0
1072486717
536870912
1071393622
3221225472
1072287959
1610612736
1071539204
3221225472
1071931539
1073741824
1070547740
2147483648
1070545600
2147483648
1072185039
2147483648
1072408511
2147483648
1071492801
0
1071714634
1073741824
1072363237
1610612736
1070762321
2147483648
1065558656
0
1070786091
3221225472
1071860954
3758096384
1071869222
3758096384
1072015941
3758096384
1072101766
536870912
1066904676
0
1071461100
1073741824
1072693247
2684354560
74
