Uvec
2226355706
1072657208
2684354560
1068936927
0
1069698032
0
1071836297
2684354560
1072293162
1073741824
1071881041
3221225472
1070663388
1073741824
1071439402
0
1072137101
2684354560
1072185580
1610612736
1072453662
2684354560
1071996263
3221225472
1072251620
1610612736
1071822916
0
1066988156
0
1070833406
2147483648
1067500200
0
1071977893
1073741824
1072380857
1610612736
1072247727
2147483648
1072406975
1073741824
1072165103
536870912
1071584405
3221225472
1072632254
1610612736
1070976015
1073741824
1070136851
0
1069255116
0
1071774250
2147483648
1071795762
2147483648
1072447873
536870912
1071906467
536870912
1071068862
2147483648
1072360726
536870912
1071042816
2147483648
1072428017
1073741824
1071859689
3221225472
1070383503
0
1069499168
0
1072508298
2147483648
1071826963
1610612736
1069579406
2147483648
1071708385
1073741824
1071361902
3221225472
1071034507
0
1072238562
1073741824
1071876150
2147483648
1070570397
2147483648
1064460496
0
1072038694
536870912
1071842697
1073741824
1071076905
2147483648
1072527623
3758096384
1068814052
0
1071182830
1073741824
1071649909
536870912
1069668784
2147483648
1072391592
536870912
1068507587
0
1071889436
536870912
1072038870
3758096384
1072066130
0
1070637387
0
1072659771
1610612736
1069914806
2147483648
1072008477
0
1068797551
0
1068696152
0
1071714221
3758096384
1071710022
0
1069871226
0
1071727960
0
1072479769
1073741824
1071897900
2684354560
1072156799
0
1069339255
0
1072481086
1610612736
1072295954
0
1070721413
1073741824
1072403068
3221225472
1072542539
0
1072432753
2147483648
1071890011
536870912
1071931445
0
1072176635
536870912
1072368132
3221225472
1071277665
3221225472
1072051702
1073741824
1071729152
3758096384
1071921454
3221225472
1072655900
2147483648
1072001340
0
1068622023
0
1071619553
1073741824
1071800417
1073741824
1071843075
0
1072527115
1073741824
1071863018
2147483648
1072306723
1610612736
1071461100
1073741824
1072693247
2684354560
44
