Uvec
2226355706
1069621707
2147483648
1071318206
1073741824
1070833641
2147483648
1071167684
2147483648
1072380603
2147483648
1070136542
2147483648
1071287785
3221225472
1072598160
1610612736
1071716409
1610612736
1072296833
536870912
1072292533
2684354560
1072248773
3221225472
1070746776
2147483648
1071661861
1610612736
1066590732
0
1071882822
3758096384
1072346073
2684354560
1065258112
0
1069860920
2147483648
1068730819
0
1071176354
3221225472
1070992543
0
1069089247
0
1072149609
2684354560
1072450898
2684354560
1069605135
2147483648
1072648917
3221225472
1071482894
1073741824
1072660598
1073741824
1067303364
0
1069300750
0
1071471677
3221225472
1071647196
0
1071831208
3221225472
1072502689
0
1070640015
3221225472
1071883768
1073741824
1068990516
0
1071991585
0
1070683363
0
1072198247
1073741824
1069880225
0
1071348572
2147483648
1071859729
2684354560
1072046799
1610612736
1070007325
2147483648
1071925270
1610612736
1072433801
2147483648
1071185889
2147483648
1072608953
2684354560
1072092427
2684354560
1071274710
1073741824
1072109392
2684354560
1071237349
1073741824
1069623796
0
1072506404
3221225472
1071932606
3221225472
1072519105
536870912
1071015371
2147483648
1071407274
1073741824
1072037920
3221225472
1071186956
1073741824
1071845221
0
1071763077
536870912
1071760416
1610612736
1070950002
1073741824
1069239980
0
1072102602
0
1071376264
2147483648
1069087094
0
1072422669
2684354560
1071796398
0
1071865848
1610612736
1068180486
0
1070871146
0
1071581487
3221225472
1072488411
3758096384
1072440873
1610612736
1070328994
2147483648
1071899991
536870912
1071883302
536870912
1072605934
2147483648
1070441449
2147483648
1070407041
2147483648
1069818358
0
1069935112
2147483648
1072261486
2684354560
1070802526
0
1069827716
0
1072034717
536870912
1071858402
2147483648
1072303238
1073741824
1068559191
0
1072157849
2684354560
1071659737
1610612736
1071806107
3221225472
1071719489
3221225472
1070311909
2147483648
1071461100
1073741824
1072693247
2684354560
43
