Uvec
2226355706
1072121257
3758096384
1071698402
536870912
1071279252
2147483648
1071713373
1610612736
1072688423
3221225472
1071778212
3758096384
1070624050
3221225472
1071300042
2147483648
1072656990
3221225472
1072636865
2147483648
1071928447
2147483648
1071846139
1073741824
1070048967
2147483648
1071910814
3758096384
1071680874
1610612736
1071603292
3221225472
1072534334
3758096384
1072676737
3221225472
1072412858
1610612736
1071680290
0
1068850004
0
1072562243
1610612736
1072644100
2684354560
1069769386
2147483648
1072527936
1073741824
1072342504
0
1070428094
2147483648
1060236800
0
1071335562
1073741824
1071210826
0
1071592548
1073741824
1068187048
0
1072332056
2147483648
1070818732
1073741824
1072434709
3221225472
1070344036
0
1072387796
3758096384
1071036919
1073741824
1069241032
0
1072420532
3221225472
1071924815
0
1071334194
3221225472
1070768825
2147483648
1071495747
2147483648
1068192024
0
1071490061
2147483648
1071336904
3221225472
1070672581
2147483648
1070929480
0
1072355969
1610612736
1067218568
0
1072129738
3758096384
1070031206
0
1072687181
1073741824
1071891701
2684354560
1071073156
0
1072290931
0
1066884212
0
1070923883
0
1071602293
2147483648
1072620816
3758096384
1072381277
536870912
1072134389
1073741824
1072306793
3221225472
1071194755
1073741824
1071606496
0
1071853909
536870912
1070981642
3221225472
1072370830
1073741824
1070465138
0
1071579028
3221225472
1072185387
1073741824
1072684769
1610612736
1071481702
0
1070906845
3221225472
1072582237
536870912
1072087796
2147483648
1072006368
2684354560
1072466130
2147483648
1070847155
3221225472
1071976375
1610612736
1071065310
2147483648
1070743664
3221225472
1072527358
1610612736
1072661337
3221225472
1072047997
3221225472
1066858748
0
1070669178
1073741824
1070310478
0
1072395709
1073741824
1070094055
2147483648
1072124326
1073741824
1071764106
1610612736
1072483412
1610612736
1072430756
2684354560
1072411713
1073741824
1070752824
1073741824
1072278706
3758096384
1071461100
1073741824
1072693247
2684354560
45
