Uvec
2226355706
1072390337
3221225472
1071857783
0
1071202016
3221225472
1072107483
3221225472
1070881631
0
1072567804
2147483648
1069120553
0
1067015408
0
1070706010
3221225472
1071567375
2147483648
1068249038
0
1072593862
1073741824
1071904361
1610612736
1071616812
0
1070734108
0
1071313936
0
1072016408
3221225472
1072618375
2147483648
1069950460
0
1070802178
2147483648
1069764340
2147483648
1070624476
3221225472
1068833560
0
1070603814
2147483648
1071323812
2147483648
1072412316
2684354560
1072286426
3221225472
1072381562
3221225472
1071974167
0
1070323678
2147483648
1071269692
3221225472
1071725159
3221225472
1072469993
3221225472
1071299835
2147483648
1068350172
0
1070143907
2147483648
1070870241
3221225472
1071487045
3221225472
1066516792
0
1072474202
3221225472
1071771793
2684354560
1071575334
3221225472
1070227625
2147483648
1067708944
0
1071677140
1610612736
1072120190
1610612736
1071807921
2684354560
1072033319
536870912
1072200965
0
1071919642
1610612736
1072092050
3221225472
1072111180
2684354560
1072341156
1610612736
1072042515
1610612736
1072130323
2147483648
1071943836
3758096384
1071314491
0
1071192903
2147483648
1067972364
0
1072126186
1073741824
1071820726
0
1070395349
0
1072274858
2147483648
1072354056
1073741824
1072180110
2147483648
1072066806
3221225472
1072166518
536870912
1072179544
3221225472
1072053187
3758096384
1070464039
0
1071913071
536870912
1072577532
1610612736
1071335232
2147483648
1062029440
0
1072233067
1610612736
1070121326
0
1072681175
2147483648
1070490598
2147483648
1071853995
1610612736
1069907405
2147483648
1070602966
0
1072642783
1610612736
1071906826
1610612736
1072512863
2684354560
1066588468
0
1071701170
2684354560
1071157343
1073741824
1068966544
0
1072669066
1073741824
1072674239
2147483648
1071889798
536870912
1071658982
536870912
1070522512
2147483648
1069128997
0
1071940738
1610612736
1069014815
0
1071421256
2147483648
1072366895
3221225472
1071461100
1073741824
1072693247
2684354560
30
