Uvec
2226355706
1072129034
3758096384
1072433195
1610612736
1070104365
2147483648
1072600786
3758096384
1071569608
1073741824
1070548296
0
1072347165
0
1071154099
2147483648
1071442076
2147483648
1072235570
1073741824
1071627066
3221225472
1072609982
1073741824
1069491997
0
1072074199
536870912
1069830085
2147483648
1071671633
2147483648
1070936875
3221225472
1071291047
2147483648
1069704865
0
1071305269
3221225472
1072246957
3221225472
1072062680
2684354560
1069655539
2147483648
1071937948
0
1071131868
0
1071493378
0
1072131490
1610612736
1072449761
1073741824
1069398391
0
1070906191
0
1072407852
1073741824
1072136882
2684354560
1072587871
1073741824
1072557259
1610612736
1072458136
3221225472
1067906576
0
1071498997
0
1069632681
2147483648
1071366892
0
1070527551
0
1072684299
536870912
1071744237
2684354560
1071908614
536870912
1072682541
2147483648
1072072443
1073741824
1070682588
2147483648
1072585256
1610612736
1070850169
1073741824
1070782219
2147483648
1061530880
0
1072652447
0
1071078183
1073741824
1070754349
1073741824
1069880936
0
1072668577
3221225472
1070640775
0
1072269221
1610612736
1072667865
3758096384
1072035624
2684354560
1070490079
0
1070724338
2147483648
1069486631
0
1068789615
0
1071985929
536870912
1072150555
3758096384
1072035172
1610612736
1072420026
1073741824
1072384897
1073741824
1071932184
1610612736
1072042224
3221225472
1072086109
2147483648
1069919437
2147483648
1071511814
3221225472
1072604818
1610612736
1070303181
2147483648
1072685436
0
1070501918
2147483648
1071768937
3758096384
1071155534
0
1072039497
1610612736
1069061935
0
1072316166
3221225472
1070465822
0
1071226391
1073741824
1071940612
1073741824
1068722642
0
1071877638
2684354560
1072482413
1610612736
1069458145
0
1072547245
1610612736
1072274549
1073741824
1070929016
1073741824
1072346075
2147483648
1070854135
0
1069621593
0
1070077598
2147483648
1071873621
2684354560
1070555993
0
1071461100
1073741824
1072693247
2684354560
33
