Uvec
2226355706
1072041694
3221225472
1072005002
1073741824
1069581982
2147483648
1071063223
1073741824
1072592929
0
1072687464
3221225472
1069749439
0
1067937232
0
1071665406
0
1067961168
0
1072342275
2147483648
1071899041
3758096384
1072281383
2147483648
1070269702
0
1067996904
0
1070153464
2147483648
1070730222
0
1069333817
0
1072347783
536870912
1069459925
0
1072509773
3758096384
1070195937
0
1070585477
2147483648
1066845816
0
1069690353
2147483648
1071081076
0
1065789568
0
1070649564
2147483648
1070681892
3221225472
1070822686
3221225472
1067178952
0
1069064125
0
1070097245
0
1072221575
1610612736
1071840443
1073741824
1072513991
1610612736
1071648063
0
1071542783
2147483648
1068049960
0
1072099713
3758096384
1071317460
0
1070996267
3221225472
1071367743
2147483648
1071235404
0
1072196705
2684354560
1072174999
2684354560
1070863857
0
1072639538
3758096384
1071550205
0
1068540061
0
1071598691
3221225472
1071402909
0
1071152871
3221225472
1072332114
3221225472
1072593352
536870912
1072629103
3758096384
1072340921
3221225472
1072246272
3221225472
1071953889
3221225472
1072093827
0
1072294084
536870912
1072571965
2684354560
1072445470
1073741824
1070693480
2147483648
1068796636
0
1069884354
2147483648
1071505959
0
1071842173
3758096384
1071781244
2684354560
1072033165
3221225472
1068259610
0
1071512467
1073741824
1071743054
0
1071540540
2147483648
1072455109
2684354560
1072024413
3758096384
1067956774
0
1070635950
1073741824
1070833385
0
1070776884
1073741824
1072475170
3221225472
1070770240
3221225472
1068159480
0
1069798426
2147483648
1067313072
0
1069611441
0
1072448559
0
1071037097
3221225472
1071548207
2147483648
1071768268
536870912
1072068393
3758096384
1070922968
3221225472
1068141086
0
1071313087
2147483648
1072341179
536870912
1072154492
1073741824
1071901533
3221225472
1071988235
2147483648
1071461100
1073741824
1072693247
2684354560
84
