Uvec
2226355706
1069874715
2147483648
1067608550
0
1072482288
0
1068749573
0
1071647394
3221225472
1069004789
0
1071860610
536870912
1072160294
2684354560
1072147412
536870912
1071804590
1073741824
1072188630
3221225472
1069823548
2147483648
1064086528
0
1070929877
0
1072525297
0
1072268207
3758096384
1072495209
0
1072408712
2684354560
1072503979
0
1072089915
3221225472
1069939567
2147483648
1071108795
0
1070688931
2147483648
1064982144
0
1071230292
3221225472
1069020780
0
1072597879
1610612736
1070967391
1073741824
1072477967
2147483648
1072523118
2147483648
1072560626
2147483648
1070393686
0
1072013807
3758096384
1072267053
0
1069333238
0
1068136754
0
1064415856
0
1071252570
0
1072600694
1610612736
1071882310
1073741824
1072551850
1073741824
1071427255
2147483648
1071991378
1073741824
1070960990
3221225472
1070596794
3221225472
1072681734
2684354560
1071164989
3221225472
1070953298
3221225472
1072525382
0
1071402051
0
1070614368
2147483648
1072137437
2147483648
1069129076
0
1072213979
2147483648
1070799020
1073741824
1071916205
3221225472
1072421835
2684354560
1071972312
1610612736
1072683581
3758096384
1066618240
0
1068521590
0
1072328358
3758096384
1067374920
0
1070316495
0
1072603185
3758096384
1072387952
1073741824
1072600488
1610612736
1069467936
0
1072379679
1610612736
1072034265
536870912
1069661257
0
1070857856
2147483648
1068345194
0
1071907562
3221225472
1071834500
0
1072045334
2684354560
1070984226
0
1072643279
536870912
1070397678
2147483648
1070889889
2147483648
1069733003
0
1072275117
2684354560
1071345259
1073741824
1071702357
2684354560
1072254277
3758096384
1071079513
3221225472
1068945177
0
1071340346
3221225472
1069820533
2147483648
1072507052
1073741824
1071682635
2147483648
1069122260
0
1072400556
1610612736
1072632850
0
1071367085
3221225472
1072065578
3758096384
1072462239
2147483648
1071869994
3758096384
1071461100
1073741824
1072693247
2684354560
11
