Uvec
2226355706
1072203450
3221225472
1071369499
0
1071925695
2147483648
1070937728
0
1071127683
1073741824
1072219030
0
1072575395
1073741824
1072581431
1610612736
1071567594
1073741824
1072635130
536870912
1068627594
0
1071393524
2147483648
1071615632
3221225472
1071671930
3758096384
1071819312
3221225472
1070096304
0
1070865511
1073741824
1069406570
0
1070938012
2147483648
1071971770
2684354560
1072310901
2684354560
1068509162
0
1070915175
0
1071728519
2684354560
1072120573
3221225472
1072232598
1073741824
1072323563
1610612736
1072395412
536870912
1071947211
0
1067669280
0
1071894519
1073741824
1072567808
1073741824
1072375071
0
1070853296
3221225472
1072163633
1073741824
1071101680
3221225472
1066799900
0
1071764489
2684354560
1068975337
0
1069848785
2147483648
1071455536
2147483648
1072462575
1610612736
1070906936
1073741824
1068009428
0
1069516165
0
1072111839
3758096384
1070343827
0
1065736264
0
1072029293
0
1071680760
1073741824
1071506056
3221225472
1071314274
0
1069782114
2147483648
1071288060
0
1071971141
2147483648
1069005728
0
1069176074
0
1072641879
2684354560
1070940618
2147483648
1072618304
3221225472
1070086404
2147483648
1070357323
0
1072273028
1073741824
1072087686
2147483648
1069549006
2147483648
1071088830
3221225472
1071996228
2147483648
1072409940
2684354560
1068106010
0
1069979915
2147483648
1071903464
536870912
1068501358
0
1071857708
2147483648
1070629535
2147483648
1070003421
0
1072277309
1610612736
1071407595
1073741824
1071818488
0
1072476722
1610612736
1071999849
0
1067181648
0
1072457312
0
1072034143
2684354560
1071204215
3221225472
1072314652
2684354560
1071402397
1073741824
1071047486
3221225472
1071953277
1610612736
1071215927
1073741824
1071855757
3758096384
1072291933
1610612736
1070321997
0
1071908053
1610612736
1072424694
2147483648
1068537464
0
1071050645
3221225472
1070903352
2147483648
1071686826
1610612736
1071461100
1073741824
1072693247
2684354560
30
