Uvec
2226355706
1070559014
0
1072509388
2684354560
1072574095
536870912
1071853141
2684354560
1071706128
3758096384
1069589456
0
1071785980
536870912
1071406716
0
1072291754
1610612736
1066500464
0
1070412039
0
1072579457
0
1072471672
3221225472
1070667118
2147483648
1069786680
2147483648
1070596342
2147483648
1072610950
2147483648
1072231193
1610612736
1068640444
0
1072413813
3758096384
1072103259
2147483648
1072417394
0
1072325906
3758096384
1070539903
0
1071686871
2684354560
1072412157
536870912
1067574090
0
1071543160
3221225472
1070657562
3221225472
1070912044
2147483648
1072021999
1610612736
1071420406
3221225472
1072565103
536870912
1071663231
536870912
1071911761
3758096384
1072473148
2684354560
1066570612
0
1072171796
1073741824
1071977824
2147483648
1068972628
0
1071095612
0
1072328783
536870912
1070682453
1073741824
1072133249
2684354560
1071805444
536870912
1071178069
0
1071389810
0
1071397810
1073741824
1067622506
0
1070433791
0
1070988375
3221225472
1072115838
3221225472
1068640858
0
1064042368
0
1072372490
3758096384
1070750699
2147483648
1072531642
0
1072192199
1610612736
1072236504
3758096384
1071564243
2147483648
1068713891
0
1072207714
1610612736
1070705484
1073741824
1072301386
3758096384
1068616888
0
1070622176
0
1069725343
2147483648
1070857905
1073741824
1070441649
2147483648
1072363255
3758096384
1069036038
0
1072578765
2684354560
1071380404
0
1072473480
1073741824
1068862844
0
1072339820
536870912
1069478195
0
1071961087
1610612736
1070491674
0
1071981345
2684354560
1069402527
0
1072641051
0
1071762476
3221225472
1068429874
0
1070839359
1073741824
1071140922
2147483648
1071311978
3221225472
1071766218
3758096384
1071794594
2147483648
1070312246
0
1071536386
3221225472
1071199850
2147483648
1071677740
3758096384
1072077196
2147483648
1069843191
2147483648
1072116025
1073741824
1072081746
536870912
1069567279
2147483648
1071461100
1073741824
1072693247
2684354560
51
