Uvec
2226355706
1070841460
3221225472
1072084961
3758096384
1072415686
3221225472
1072280583
2147483648
1072115544
2684354560
1071911574
1073741824
1072272810
0
1072063828
0
1069580217
2147483648
1070861776
3221225472
1072629485
0
1071369492
0
1072325450
3221225472
1069579292
2147483648
1072388732
0
1072618783
2147483648
1070691229
3221225472
1067673288
0
1071501781
2147483648
1071675102
2147483648
1071888415
3758096384
1069845077
0
1068627066
0
1072684819
3758096384
1071834786
3221225472
1072169322
1073741824
1071709197
1073741824
1068202766
0
1068765492
0
1071420666
0
1072180042
2684354560
1071657901
536870912
1072239781
1073741824
1072429050
2684354560
1072442187
0
1071420763
0
1072134273
536870912
1072623261
0
1070662425
3221225472
1065757136
0
1071049100
2147483648
1071791259
2684354560
1071136766
1073741824
1071832799
0
1071717751
1073741824
1072560498
1610612736
1072219949
1073741824
1070517096
2147483648
1071364965
3221225472
1069398243
0
1072380341
3758096384
1072665876
0
1069031218
0
1069461289
0
1071447754
3221225472
1071165202
1073741824
1072271666
1610612736
1071374684
3221225472
1071810658
1073741824
1072612702
1610612736
1071303715
0
1071666531
536870912
1072600970
3221225472
1072093121
536870912
1072202365
536870912
1071708357
0
1071807405
1610612736
1071653815
0
1071046189
2147483648
1070151217
0
1071968027
1610612736
1069728965
2147483648
1068641558
0
1072079116
3758096384
1068401420
0
1071227810
1073741824
1072040679
0
1068335720
0
1068376654
0
1070219119
0
1072686693
1073741824
1072051239
3221225472
1071756227
1610612736
1072364046
1073741824
1072307207
536870912
1071617389
2147483648
1072637088
536870912
1071399997
1073741824
1070597597
0
1072412589
1073741824
1067771570
0
1072042390
1073741824
1067273376
0
1071843497
1073741824
1071890474
2147483648
1072060532
2147483648
1072488763
1610612736
1070957873
1073741824
1071461100
1073741824
1072693247
2684354560
65
