Uvec
2226355706
1071542443
2147483648
1069022412
0
1071706911
2684354560
1071350899
3221225472
1071416425
2147483648
1070003756
0
1071783131
2147483648
1068875585
0
1070348759
0
1072021441
2684354560
1069865157
2147483648
1071542561
2147483648
1072323223
3221225472
1072029798
0
1072159714
3221225472
1071711571
0
1070031036
2147483648
1072651373
1610612736
1070771718
0
1072292003
1610612736
1071707463
2684354560
1071432315
3221225472
1071183449
0
1068146574
0
1071921054
2684354560
1072474851
2147483648
1072445297
1610612736
1070021129
2147483648
1072297991
2147483648
1071936533
2684354560
1067695402
0
1072599297
3221225472
1070395582
2147483648
1072515806
3221225472
1069608324
2147483648
1072328826
0
1070749971
1073741824
1072378917
3221225472
1072581148
3221225472
1068012868
0
1072385796
536870912
1071387898
0
1071801928
1073741824
1072429308
3758096384
1069181514
0
1072002918
2147483648
1072589324
1073741824
1072277683
1073741824
1070751652
1073741824
1071146221
2147483648
1064360352
0
1071907389
1610612736
1071051113
0
1070607631
2147483648
1072219738
3221225472
1071823522
1610612736
1071869773
1073741824
1070453000
0
1072549691
2684354560
1071713113
1073741824
1071647170
3758096384
1071987627
0
1072663119
3758096384
1069305718
0
1072261499
0
1069269366
0
1071541600
2147483648
1071460039
2147483648
1070895527
3221225472
1070013274
0
1071133802
0
1070853322
0
1068565037
0
1071793682
2684354560
1072315913
2147483648
1071363508
3221225472
1072499437
3758096384
1072479532
2684354560
1069827752
2147483648
1072176158
536870912
1071674019
3758096384
1072266330
2147483648
1072552333
2684354560
1072111780
3758096384
1072004847
3221225472
1072281005
3221225472
1070754092
1073741824
1068740218
0
1072680428
2147483648
1070260019
0
1071906901
3758096384
1071178764
0
1071899247
1073741824
1069974802
0
1072440400
536870912
1069737976
2147483648
1071566898
3221225472
1072690436
2684354560
1071461100
1073741824
1072693247
2684354560
21
