Uvec
2226355706
1071697521
536870912
1072537504
0
1072100982
2147483648
1072486125
0
1071411760
1073741824
1072287628
1610612736
1071855778
0
1071768464
2684354560
1072553794
536870912
1070595333
0
1070673575
1073741824
1070887948
3221225472
1070328952
0
1070382571
0
1072016682
536870912
1070993477
0
1067561948
0
1070634617
1073741824
1069970064
2147483648
1071673739
2147483648
1072614968
1073741824
1072209689
536870912
1069096563
0
1069177257
0
1071915806
536870912
1071255330
1073741824
1072549406
1073741824
1072508281
536870912
1071668776
1073741824
1071813986
3221225472
1068614696
0
1070563871
0
1070385382
0
1071947836
2684354560
1072009631
1073741824
1072644886
3221225472
1072453536
2147483648
1070799658
2147483648
1070648268
1073741824
1071849382
2684354560
1070384263
2147483648
1071316457
0
1072502593
1610612736
1071955248
3221225472
1072222122
536870912
1069499871
0
1070700730
1073741824
1066515012
0
1071224504
1073741824
1070638071
3221225472
1072319400
1073741824
1069125214
0
1071684790
3221225472
1071105104
2147483648
1072691900
1610612736
1069569114
2147483648
1071882212
2684354560
1072339603
1610612736
1071998074
536870912
1069363597
0
1072607309
3758096384
1072274192
3221225472
1071459664
3221225472
1068249006
0
1071914391
3758096384
1070316624
2147483648
1070756030
2147483648
1069256502
0
1071800524
536870912
1070298260
2147483648
1071326834
1073741824
1070667492
0
1071260558
1073741824
1072441094
0
1071904599
3221225472
1067861388
0
1072470781
3758096384
1071770067
3758096384
1071643241
0
1071210933
2147483648
1071051537
0
1070706403
0
1071681316
2684354560
1070917932
0
1071488908
2147483648
1070259582
0
1070430162
2147483648
1070589061
0
1072210868
2147483648
1067508354
0
1069352027
0
1069917020
2147483648
1068661878
0
1068887210
0
1071217993
3221225472
1070071516
2147483648
1072071377
3221225472
1070485804
0
1071461100
1073741824
1072693247
2684354560
85
