Uvec
2226355706
1067733766
0
1072626627
2684354560
1071571982
2147483648
1071945433
3221225472
1072541839
1610612736
1070946445
0
1070740200
3221225472
1071998210
3221225472
1072549395
3758096384
1069865243
2147483648
1072435996
536870912
1071757885
1073741824
1072464411
536870912
1072004323
3221225472
1071734532
3221225472
1071791053
2684354560
1071831722
536870912
1072407353
2684354560
1072504404
1073741824
1071922561
3221225472
1072204247
3221225472
1072567066
1073741824
1072304661
0
1068874964
0
1068934118
0
1069551861
0
1071827134
2147483648
1072337322
2147483648
1072226869
536870912
1072028992
2147483648
1071243699
0
1072279096
0
1071928378
1610612736
1072500489
0
1069629193
0
1067025552
0
1072357319
1073741824
1072225168
3758096384
1072691603
3758096384
1072639308
1610612736
1071713625
536870912
1071960402
536870912
1072347829
0
1071731079
2147483648
1071699199
2684354560
1071487065
1073741824
1071440528
1073741824
1071686835
0
1070180081
0
1065663472
0
1071126645
3221225472
1072421517
3221225472
1072323457
2147483648
1071446178
1073741824
1070664518
3221225472
1072341765
3758096384
1072560045
1610612736
1067962988
0
1071443259
1073741824
1070809389
3221225472
1070722272
3221225472
1072007768
0
1071880638
2147483648
1070955461
0
1067607832
0
1071007049
1073741824
1072293316
3221225472
1069618262
2147483648
1072249211
2684354560
1072195385
2684354560
1069909738
2147483648
1072541793
3758096384
1072157352
2684354560
1066745460
0
1070933632
2147483648
1071840673
2147483648
1071741541
536870912
1072637138
1073741824
1072464623
0
1067821664
0
1071990948
3221225472
1072264704
2684354560
1069615141
0
1070707569
2147483648
1072597592
2684354560
1072487637
2684354560
1070987129
2147483648
1071079108
0
1071795589
3758096384
1071026735
1073741824
1072539411
2147483648
1071568943
3221225472
1072049073
2684354560
1068718609
0
1071554735
1073741824
1072016692
1610612736
1072480485
3758096384
1072053153
536870912
1071461100
1073741824
1072693247
2684354560
74
