Uvec
2226355706
1072678035
3758096384
1072199245
536870912
1072098513
0
1072416110
1610612736
1070302300
0
1071844809
536870912
1072338993
2147483648
1072074138
1610612736
1065117952
0
1071703541
3221225472
1071793921
536870912
1072566717
1073741824
1071294511
2147483648
1072087068
0
1067071348
0
1069913316
2147483648
1068869932
0
1072556826
0
1072002683
3221225472
1072005431
3221225472
1070979641
2147483648
1067815230
0
1072282791
3221225472
1069457635
0
1072034520
0
1071999474
2684354560
1067682290
0
1072076955
1610612736
1070938363
1073741824
1072406282
3221225472
1071719307
536870912
1072120663
2684354560
1070437697
0
1071319908
0
1070574208
0
1071990128
536870912
1071078475
1073741824
1072656393
2684354560
1072520858
536870912
1070245209
2147483648
1072176296
1610612736
1070812964
3221225472
1072209671
1073741824
1072355339
3758096384
1072451320
3758096384
1072316532
536870912
1070288135
0
1072288041
3758096384
1071879402
0
1071318739
3221225472
1071375565
3221225472
1072209555
0
1070899592
3221225472
1071976910
1073741824
1071854468
2147483648
1072523885
2684354560
1071650046
0
1069925182
0
1066416920
0
1069615467
2147483648
1072323588
0
1069227643
0
1069852889
0
1065954392
0
1072010553
2147483648
1070380036
2147483648
1070775619
1073741824
1072173666
1073741824
1071482575
3221225472
1072137227
1610612736
1066651960
0
1070815474
0
1071544894
0
1069561049
0
1072598395
0
1069140760
0
1071199458
1073741824
1072646885
3758096384
1072098365
2147483648
1068948265
0
1063760608
0
1071984047
2684354560
1071959634
3758096384
1070690308
1073741824
1068583838
0
1072458174
3221225472
1070621446
2147483648
1069980629
2147483648
1071541036
1073741824
1070889126
1073741824
1070511260
0
1071800535
1610612736
1072244548
536870912
1072111411
3221225472
1071547356
2147483648
1071931217
1610612736
1070329314
0
1072012928
1610612736
1071461100
1073741824
1072693247
2684354560
95
