Uvec
2226355706
1071510843
1073741824
1071238094
1073741824
1072658051
3221225472
1072089828
1610612736
1065832792
0
1072024193
3758096384
1072634158
3221225472
1070392172
2147483648
1070593484
2147483648
1069578803
2147483648
1068734855
0
1071275122
0
1072120622
3221225472
1071110859
1073741824
1072629572
1610612736
1070283084
0
1070866600
2147483648
1071331694
3221225472
1072533846
2684354560
1069706466
2147483648
1070779948
2147483648
1072194769
1073741824
1070956040
3221225472
1071543987
1073741824
1071463480
2147483648
1070687777
2147483648
1071211981
0
1072573322
2684354560
1067520540
0
1072640678
2147483648
1072209622
2684354560
1072503266
2684354560
1070876549
1073741824
1071091737
3221225472
1071398891
1073741824
1071019898
2147483648
1069590237
0
1070669455
0
1071742817
1073741824
1072276191
2684354560
1072299812
1073741824
1072123954
2684354560
1071653561
536870912
1071776302
536870912
1072538155
1073741824
1066523948
0
1071611524
3221225472
1070139628
2147483648
1071974699
536870912
1071576677
2147483648
1072285006
2147483648
1071312096
2147483648
1070097597
0
1071674447
3221225472
1072564306
1610612736
1071491292
0
1070396083
2147483648
1070653155
0
1068654838
0
1072025624
2684354560
1071833912
3221225472
1071685871
3758096384
1070791675
3221225472
1070679643
3221225472
1071068058
0
1068591636
0
1071703200
0
1071172531
1073741824
1071624059
1073741824
1072362723
2147483648
1067875374
0
1072180394
2684354560
1070675088
3221225472
1072359036
0
1069782684
2147483648
1069552943
2147483648
1070961786
3221225472
1067157076
0
1070587295
0
1070456370
2147483648
1070302206
0
1072169911
536870912
1071959654
0
1068714526
0
1069222476
0
1069648962
2147483648
1070695877
2147483648
1070932252
0
1072505623
3758096384
1072450395
536870912
1071949273
0
1071751752
2147483648
1072295922
536870912
1070194354
0
1071365329
2147483648
1069621349
2147483648
1067833126
0
1070840960
2147483648
1071461100
1073741824
1072693247
2684354560
84
