Uvec
2226355706
1072081212
2147483648
1072325944
0
1072032698
2147483648
1071042726
3221225472
1072313178
1610612736
1068493300
0
1067782992
0
1072069537
3758096384
1072663605
0
1072601250
2684354560
1070817186
1073741824
1071224500
0
1070865960
2147483648
1072162982
536870912
1070523346
2147483648
1072322614
2684354560
1069259908
0
1071766636
2684354560
1072395565
1610612736
1072422946
0
1068766966
0
1071503760
3221225472
1072502476
3221225472
1072265087
1073741824
1071470035
3221225472
1070728004
1073741824
1071841934
536870912
1072340858
0
1067157848
0
1072405903
536870912
1071281738
1073741824
1070569827
0
1067966520
0
1072420039
3221225472
1072456900
1073741824
1072625429
1610612736
1070264495
0
1071879945
3221225472
1069996404
0
1072418841
2684354560
1069424185
0
1070770595
2147483648
1070646101
2147483648
1070535190
2147483648
1070985080
0
1072318456
0
1072118508
3758096384
1072588932
2684354560
1070799214
1073741824
1072621852
2147483648
1069730634
2147483648
1072156256
0
1069960261
0
1072006599
2147483648
1072045558
1610612736
1071795649
1610612736
1070208980
0
1071296538
2147483648
1071402624
0
1072141534
2147483648
1071704248
2147483648
1072220492
1073741824
1066407636
0
1071104191
0
1072045887
1073741824
1068518201
0
1072676016
2684354560
1072691922
0
1072018866
2684354560
1072323661
1073741824
1072444065
536870912
1070124788
0
1072417935
2684354560
1071708560
3221225472
1072492170
2684354560
1066082224
0
1070732845
3221225472
1069572290
0
1071684061
2684354560
1071826839
2147483648
1070816310
0
1071115718
2147483648
1071103142
1073741824
1070598033
3221225472
1069034819
0
1071974095
3758096384
1072227661
1073741824
1071937997
536870912
1072468719
1073741824
1070848173
0
1071842529
1610612736
1071993606
3221225472
1072275521
536870912
1070983278
3221225472
1068931902
0
1071153108
2147483648
1069789329
0
1071966769
0
1071461100
1073741824
1072693247
2684354560
95
