Uvec
2226355706
1071498814
0
1072356635
536870912
1069123026
0
1071150212
1073741824
1070508589
0
1070196499
0
1071814858
0
1070904269
1073741824
1071345743
3221225472
1072322513
3758096384
1071099202
2147483648
1069661594
0
1070280966
0
1072134583
3221225472
1070016245
0
1072347002
1610612736
1072068375
3758096384
1070631957
3221225472
1070814407
0
1070623017
3221225472
1070659318
0
1070002789
0
1072558798
1073741824
1072383641
1610612736
1072093534
3221225472
1072339823
2684354560
1072627737
2147483648
1070311748
2147483648
1070852587
0
1070315072
0
1071339652
2147483648
1071247137
3221225472
1072409759
536870912
1071109619
0
1070023949
2147483648
1071738422
1073741824
1072421994
1610612736
1071137529
1073741824
1072502673
0
1072237507
3221225472
1070628989
1073741824
1071026733
3221225472
1072404567
1610612736
1072024728
1610612736
1072402474
2684354560
1068876438
0
1071832333
2684354560
1070037348
0
1072430539
1610612736
1072127631
2147483648
1072655956
536870912
1072401103
3758096384
1071655314
3758096384
1071735554
0
1070923611
1073741824
1072171118
0
1072283796
536870912
1072610033
2684354560
1070648698
0
1072086415
3758096384
1067134884
0
1067853874
0
1070267920
0
1072590301
2684354560
1070666693
2147483648
1072113398
2684354560
1071966118
1610612736
1072385919
536870912
1072094769
3221225472
1072233633
0
1068852591
0
1069984020
2147483648
1072443804
0
1069757612
2147483648
1070072453
0
1070726538
3221225472
1072440283
536870912
1068759666
0
1072668633
2684354560
1072273351
2684354560
1072496014
3758096384
1072664601
3221225472
1071986802
536870912
1072397115
1073741824
1071605002
1073741824
1070723767
0
1069611171
2147483648
1071433229
3221225472
1071682076
0
1072077753
0
1072670643
0
1072286204
536870912
1071465418
1073741824
1070845304
3221225472
1070699674
2147483648
1072416351
0
1068583859
0
1071252009
0
1071461100
1073741824
1072693247
2684354560
74
