Uvec
2226355706
1070895342
0
1070048582
0
1072065657
0
1072295119
536870912
1072061936
0
1070555736
0
1071674268
1073741824
1070826843
2147483648
1072378952
1073741824
1072667924
1610612736
1072106066
2147483648
1071633767
3221225472
1072619593
2684354560
1063711744
0
1069219656
0
1071847629
1610612736
1070886795
2147483648
1071672927
3758096384
1070763753
3221225472
1063817184
0
1072634158
1073741824
1070607780
2147483648
1070110125
0
1072472334
1073741824
1069805960
0
1072688887
2684354560
1071885073
536870912
1071972076
1073741824
1066325568
0
1072452875
3758096384
1071955466
3221225472
1072083818
1610612736
1070418104
2147483648
1069647819
2147483648
1072483435
1073741824
1071374100
3221225472
1072428392
3221225472
1072196858
0
1071762710
536870912
1072199714
2684354560
1072302645
2147483648
1072165595
2147483648
1071231618
2147483648
1070160162
2147483648
1068522137
0
1070903174
3221225472
1072678070
1610612736
1071389134
1073741824
1071517251
1073741824
1068814279
0
1070749203
0
1070299704
2147483648
1072463779
3221225472
1069812436
0
1071052377
1073741824
1071201683
2147483648
1072632103
3221225472
1069696337
2147483648
1071048781
0
1072169320
1610612736
1068139390
0
1068847495
0
1072294107
3758096384
1070484798
0
1068560425
0
1068697747
0
1066611920
0
1072132106
536870912
1071819984
3758096384
1068869052
0
1069198055
0
1072307921
1610612736
1071689955
536870912
1069249279
0
1069230813
0
1072004645
3758096384
1070830156
3221225472
1069000850
0
1071868332
2147483648
1070705666
3221225472
1065496032
0
1072670375
2147483648
1072674168
2147483648
1070718808
0
1068593195
0
1069836958
2147483648
1068475994
0
1072413138
1073741824
1072347077
2147483648
1070784564
2147483648
1071656041
3221225472
1072011725
2147483648
1071556731
2147483648
1070952811
0
1072081187
2147483648
1072510054
1610612736
1069191495
0
1071767718
1073741824
1071461100
1073741824
1072693247
2684354560
10
