Uvec
2226355706
1072100109
3758096384
1066025248
0
1071585825
0
1072108269
2684354560
1068132352
0
1072465848
3221225472
1071003021
2147483648
1072255587
2684354560
1071696659
0
1072047937
3221225472
1072651257
1073741824
1071546815
0
1071815345
536870912
1071419305
0
1071493235
1073741824
1069739362
2147483648
1071998273
3758096384
1072511276
536870912
1070273426
2147483648
1069032309
0
1072055000
2684354560
1070410292
2147483648
1069596081
2147483648
1070208598
0
1071962878
3758096384
1072581279
3221225472
1071916432
3221225472
1072634805
0
1070546327
2147483648
1071014183
0
1068716275
0
1071386208
1073741824
1071180871
0
1072031936
0
1070804300
2147483648
1071540173
0
1071936179
536870912
1070881863
0
1072088838
3221225472
1071767759
3758096384
1070828073
3221225472
1071793190
3758096384
1071798655
2147483648
1071954381
3221225472
1072546366
0
1072483858
536870912
1072183621
536870912
1072462796
3758096384
1071336032
1073741824
1070296728
0
1072229658
1073741824
1071841578
1073741824
1071899433
2147483648
1072380896
1610612736
1069051577
0
1072453989
2684354560
1072657780
2684354560
1065523280
0
1071700249
3758096384
1065476648
0
1068997402
0
1069507318
0
1071590079
3221225472
1072513735
3221225472
1070464019
0
1072523390
2147483648
1071381976
0
1071991087
536870912
1072287075
0
1069605170
0
1071759504
536870912
1072594374
536870912
1070714447
3221225472
1071750459
1610612736
1070731973
3221225472
1070735636
3221225472
1071704254
3758096384
1069573990
2147483648
1068681815
0
1072497210
536870912
1072503020
2684354560
1071743494
3758096384
1071634535
0
1072441885
3221225472
1071351348
2147483648
1072026068
0
1071758670
3758096384
1071141034
2147483648
1067343484
0
1071842965
2684354560
1071848294
2147483648
1071874446
2147483648
1072467682
1073741824
1071293369
1073741824
1068034986
0
1067828462
0
1068212326
0
1072270036
0
1071461100
1073741824
1072693247
2684354560
40
