Uvec
2226355706
1070193312
0
1069721711
0
1071683731
2147483648
1065563688
0
1070043852
0
1070700642
1073741824
1069753347
2147483648
1069713977
2147483648
1068123588
0
1071638286
3221225472
1068499747
0
1071937585
536870912
1067890684
0
1071084750
0
1072457809
2147483648
1070521377
2147483648
1071706295
536870912
1072576113
3758096384
1070632790
3221225472
1070191445
2147483648
1072099856
2147483648
1071428885
3221225472
1072167180
3758096384
1071354500
3221225472
1071384865
0
1072606942
1073741824
1071486198
0
1072418363
3221225472
1070881831
1073741824
1064132096
0
1072181820
3221225472
1072193376
3758096384
1071264567
3221225472
1071172053
1073741824
1071949767
2147483648
1070630127
1073741824
1071797787
1610612736
1071388443
3221225472
1071264245
2147483648
1072533137
0
1071901997
3221225472
1072479842
3221225472
1071164785
2147483648
1071732695
3221225472
1071287170
0
1072621762
2684354560
1072202601
2684354560
1070180616
2147483648
1072652838
3221225472
1068570084
0
1069211537
0
1071831695
0
1071710332
3758096384
1072241088
0
1071715174
2147483648
1071710191
1610612736
1070295940
2147483648
1072475665
0
1072562936
3758096384
1071713484
2684354560
1070133995
2147483648
1068363468
0
1072241521
2147483648
1071726077
2684354560
1068939404
0
1070812344
3221225472
1071409857
3221225472
1072305053
0
1072546087
1610612736
1071516239
2147483648
1069650383
0
1071631495
2147483648
1071745217
0
1072669028
2684354560
1071309393
2147483648
1071660442
2147483648
1072019820
3221225472
1070743791
1073741824
1071472588
0
1071826105
0
1072461321
2684354560
1069662526
2147483648
1071030235
1073741824
1071695917
0
1067246340
0
1071827809
2684354560
1072612797
3221225472
1071817605
0
1069584902
2147483648
1072171817
1073741824
1070211896
2147483648
1067658418
0
1072290718
0
1069327491
0
1070431503
0
1072607000
536870912
1072105962
1610612736
1071942955
1073741824
1071461100
1073741824
1072693247
2684354560
73
