Uvec
2226355706
1071915502
0
1072544424
1610612736
1070224700
2147483648
1072656524
2684354560
1071712637
2147483648
1072242057
2147483648
1072294180
0
1071661826
536870912
1071763692
3758096384
1070389594
0
1072319869
2147483648
1066469224
0
1072298507
3758096384
1072614821
1610612736
1071651267
1073741824
1072015405
3221225472
1071252853
0
1070648085
1073741824
1072240634
1610612736
1070858238
1073741824
1072396263
536870912
1072190586
3221225472
1069032619
0
1068616366
0
1072228759
3758096384
1069308262
0
1072447000
1073741824
1072047148
3221225472
1072675245
2684354560
1070471439
2147483648
1070926144
3221225472
1071938717
536870912
1072083242
2147483648
1071979313
3758096384
1072461966
536870912
1069787399
2147483648
1071612038
0
1071164529
1073741824
1072536190
1610612736
1072295962
3221225472
1070646430
1073741824
1072437326
2684354560
1069348867
0
1068817337
0
1070874173
3221225472
1071374467
1073741824
1069770458
0
1072514211
3221225472
1072179098
1073741824
1072517600
536870912
1071859190
0
1070608608
1073741824
1072062076
536870912
1072139406
536870912
1071339775
0
1072357970
1610612736
1071768134
0
1071288745
1073741824
1072449497
2147483648
1072370490
2147483648
1071347331
2147483648
1071142114
1073741824
1070612333
0
1070912803
1073741824
1065835312
0
1070671514
3221225472
1068409838
0
1071690109
2684354560
1062492160
0
1066094608
0
1072099707
2684354560
1071251165
3221225472
1068582845
0
1072095709
2684354560
1071172362
2147483648
1072206203
3758096384
1072428536
1073741824
1072495599
3758096384
1072325783
1610612736
1072480988
3221225472
1070784326
3221225472
1072400814
1073741824
1072487682
2684354560
1072326246
0
1071636118
2147483648
1071877853
0
1070661177
1073741824
1066340632
0
1072161669
2684354560
1067678562
0
1072626642
1073741824
1071930615
1073741824
1067959184
0
1072618345
2684354560
1067899492
0
1071333194
0
1071843432
536870912
1072037664
3758096384
1071461100
1073741824
1072693247
2684354560
8
