Uvec
2226355706
1071145351
3221225472
1072349704
536870912
1071856757
3758096384
1069120302
0
1072393099
2684354560
1071005987
0
1069234495
0
1071264261
2147483648
1072687452
0
1066559972
0
1071885297
2147483648
1071846478
1610612736
1072077466
2684354560
1069204344
0
1072477210
3758096384
1070601579
0
1071017426
2147483648
1072097225
2684354560
1072475851
2684354560
1070423875
0
1072094608
3758096384
1071590396
1073741824
1072554998
0
1071967967
3221225472
1070367561
0
1068523248
0
1071742138
3221225472
1068302584
0
1071015439
2147483648
1070214218
2147483648
1069745136
2147483648
1071638568
3221225472
1067768072
0
1070915953
2147483648
1071224658
1073741824
1072318368
1610612736
1071802230
2684354560
1070602632
3221225472
1069908254
0
1069328492
0
1070029107
2147483648
1069103989
0
1072103177
536870912
1072002256
3758096384
1072206353
0
1072159019
2684354560
1069660192
0
1070048044
2147483648
1072428266
3758096384
1071707217
1610612736
1071769253
3221225472
1072482890
0
1071671622
536870912
1071646514
2147483648
1071454324
0
1072516279
3221225472
1072379842
3758096384
1070647119
2147483648
1071989653
1073741824
1072331282
536870912
1071386543
0
1072040896
3221225472
1071621624
1073741824
1070629846
1073741824
1072230898
2147483648
1069931499
0
1072059141
3758096384
1072278198
1073741824
1072074972
1073741824
1070796352
2147483648
1072110726
1610612736
1072007641
2684354560
1071455960
1073741824
1070222310
0
1072265775
2684354560
1071840514
1073741824
1070381396
2147483648
1071394501
3221225472
1070261772
0
1071265075
3221225472
1072532958
1610612736
1068728893
0
1071655671
2147483648
1071449007
0
1072272543
2684354560
1070649597
2147483648
1072220048
3221225472
1071417216
3221225472
1071125969
2147483648
1071404958
3221225472
1072033331
3758096384
1071723795
3758096384
1068415958
0
1071250171
1073741824
1072163164
1073741824
1071899927
2684354560
1070786829
3221225472
1071573771
1073741824
1071461100
1073741824
1072693247
2684354560
93
