Uvec
2226355706
1067454052
0
1072493479
3221225472
1071052613
2147483648
1071819542
1073741824
1069013207
0
1070388331
2147483648
1070603453
0
1070693297
2147483648
1071205769
3221225472
1071121374
2147483648
1068634037
0
1071196675
2147483648
1064526496
0
1070727845
0
1072582696
2684354560
1072116102
3758096384
1071780161
2147483648
1071925325
1610612736
1071459283
3221225472
1070425051
2147483648
1069193943
0
1071951336
1073741824
1072193017
536870912
1070916124
2147483648
1071215220
1073741824
1071406831
3221225472
1071824901
536870912
1072544677
536870912
1072151876
2684354560
1069891021
0
1070958059
2147483648
1069388372
0
1069620381
0
1072218379
1073741824
1063895232
0
1070760583
1073741824
1070777800
0
1071753511
536870912
1070967189
2147483648
1070338906
2147483648
1070153538
2147483648
1072649294
536870912
1072095518
2684354560
1068124608
0
1071980375
536870912
1072387840
2147483648
1072256855
3758096384
1067790472
0
1072380667
3221225472
1072357081
2147483648
1072003790
2147483648
1067660792
0
1072364392
1073741824
1072170630
0
1071832545
536870912
1072565235
536870912
1070766548
2147483648
1071943936
1073741824
1072552215
1610612736
1067701940
0
1067823472
0
1070655294
0
1071879668
1610612736
1070700462
2147483648
1070977035
2147483648
1072286097
536870912
1072245351
2147483648
1069291929
0
1071980462
0
1072343634
3221225472
1068925665
0
1071729222
3758096384
1071271026
1073741824
1072502782
2684354560
1071887399
0
1069107226
0
1070796274
0
1071648065
2684354560
1071941252
3221225472
1072493955
2147483648
1071111212
3221225472
1072123196
0
1072081810
2684354560
1069462164
0
1072436767
536870912
1072688931
2684354560
1071228298
0
1070173979
2147483648
1072312474
0
1071762603
3221225472
1071810758
2147483648
1072336988
3758096384
1066177040
0
1071480574
0
1070468167
0
1072568292
3758096384
1071882140
2147483648
1069208632
0
1071461100
1073741824
1072693247
2684354560
31
