Uvec
2226355706
1071080869
0
1067680552
0
1069988203
2147483648
1072513724
3758096384
1072273751
3758096384
1069401052
0
1071230063
2147483648
1071054094
3221225472
1069449434
0
1072326050
3758096384
1072244664
2147483648
1070231927
0
1070943843
2147483648
1071694724
0
1071689641
1610612736
1072478959
3221225472
1072495480
0
1072686078
3758096384
1070631972
1073741824
1070452286
0
1071832466
2684354560
1070496340
0
1072549310
536870912
1070603999
0
1064809504
0
1071694885
1073741824
1069939429
2147483648
1072565855
536870912
1071002326
2147483648
1068523267
0
1072297777
3221225472
1070941677
0
1072082821
1610612736
1071776770
3758096384
1067023212
0
1071835654
2684354560
1072205211
2684354560
1069048938
0
1071125848
0
1071010287
3221225472
1071292738
3221225472
1070171129
2147483648
1068979040
0
1068012478
0
1071773943
1610612736
1070362417
2147483648
1069123693
0
1069493199
0
1072570474
2684354560
1072190011
0
1072094406
0
1072121009
1610612736
1071185624
2147483648
1072185934
2684354560
1072255564
2147483648
1071456542
3221225472
1072503636
3221225472
1071693509
2147483648
1072112152
2684354560
1070355957
2147483648
1070683168
2147483648
1069102886
0
1069317894
0
1071871918
0
1071943456
2684354560
1072157333
0
1072492251
1073741824
1069660941
0
1072033094
3221225472
1070696053
1073741824
1071951881
3758096384
1072491615
0
1070992099
1073741824
1069800291
0
1072380798
3758096384
1071962156
2684354560
1066102328
0
1072119494
2147483648
1072434598
2684354560
1072277234
536870912
1071851893
3221225472
1071226022
1073741824
1071205630
1073741824
1072249382
3221225472
1070034203
2147483648
1072128158
1610612736
1066361888
0
1071787945
1073741824
1072305306
2684354560
1072400405
1073741824
1069267195
0
1072311586
0
1071874699
2147483648
1069279094
0
1071617977
0
1070753842
1073741824
1069805092
2147483648
1072072142
0
1071461100
1073741824
1072693247
2684354560
60
