Uvec
2226355706
1072556002
1073741824
1072510865
1073741824
1072491984
3758096384
1072228766
3758096384
1072091927
1073741824
1072579181
2684354560
1071350439
3221225472
1070709958
2147483648
1070406721
2147483648
1070031477
0
1072154158
1610612736
1071735264
0
1071262394
1073741824
1072605536
2684354560
1069864000
2147483648
1071568820
0
1072508038
3221225472
1071999621
3758096384
1068559558
0
1069569952
2147483648
1070891773
1073741824
1069998712
0
1072175496
536870912
1071943746
536870912
1070964119
2147483648
1070114817
0
1072077352
536870912
1067647020
0
1071688216
3221225472
1071808342
1610612736
1071826602
0
1072425977
3758096384
1071934451
1610612736
1072254820
536870912
1072062190
1610612736
1070396021
2147483648
1072035282
2684354560
1072112311
3221225472
1069711883
2147483648
1070761773
0
1072150640
2684354560
1071845323
1610612736
1070707947
3221225472
1068536758
0
1071013219
1073741824
1072331337
2147483648
1068216576
0
1071891830
536870912
1072634224
2147483648
1072474667
2684354560
1071598955
1073741824
1071723153
1610612736
1070778057
0
1072329944
2684354560
1071905085
1610612736
1072031677
1073741824
1068516769
0
1070608409
0
1071327940
3221225472
1072386321
0
1071369170
3221225472
1071137131
1073741824
1071372582
2147483648
1072181704
3758096384
1071152440
1073741824
1072467027
3758096384
1072409706
2147483648
1072430909
3758096384
1072305531
1610612736
1071207491
1073741824
1069298926
0
1071286582
1073741824
1071026663
0
1071194302
1073741824
1069742340
2147483648
1071200769
2147483648
1071743834
2684354560
1072439326
0
1071810681
2684354560
1071433955
2147483648
1071924370
3758096384
1066233592
0
1072510084
1610612736
1071910645
3221225472
1070362831
0
1072029456
3758096384
1070624879
1073741824
1068489476
0
1072004244
2147483648
1072329168
0
1071866796
1610612736
1069760741
2147483648
1070130752
2147483648
1066579316
0
1071944707
536870912
1069200856
0
1071463676
3221225472
1072125000
3758096384
1071461100
1073741824
1072693247
2684354560
94
