Uvec
2226355706
1068945593
0
1072611509
3758096384
1071134444
1073741824
1068799069
0
1072439684
2147483648
1071035632
1073741824
1072024691
1073741824
1069802790
2147483648
1072019798
0
1067965466
0
1071214678
2147483648
1071375990
3221225472
1072062687
536870912
1070005465
0
1072519512
536870912
1072503804
3221225472
1072230902
2684354560
1071894650
2147483648
1071543501
1073741824
1071021125
3221225472
1071713471
536870912
1072120652
1073741824
1071145144
2147483648
1070321791
0
1072370259
3758096384
1072644485
3221225472
1071298274
0
1071885573
3221225472
1071375985
0
1067603274
0
1069097242
0
1072265501
3221225472
1072573040
2684354560
1072449225
3221225472
1071870612
536870912
1072339198
0
1070827714
0
1072487759
3758096384
1071971168
0
1067368320
0
1069654458
0
1068755120
0
1072389340
3758096384
1071404481
2147483648
1071464131
1073741824
1071380033
2147483648
1072000846
2147483648
1071788414
3758096384
1069405176
0
1070721197
3221225472
1072030871
3758096384
1072016350
2147483648
1070753221
3221225472
1069533780
0
1068484460
0
1070738546
1073741824
1071985524
2147483648
1068619516
0
1072513334
1610612736
1068904032
0
1070485711
2147483648
1069147403
0
1071435059
3221225472
1070894053
0
1072468201
0
1071714202
3758096384
1071682629
536870912
1072129701
1073741824
1072535488
2684354560
1069902564
0
1069859724
0
1066937980
0
1071924113
536870912
1071943959
2684354560
1071372263
2147483648
1071512209
0
1072110086
2684354560
1071816931
1610612736
1071934057
3221225472
1068947870
0
1072314340
2684354560
1071724720
536870912
1072492270
3221225472
1070742327
2147483648
1072594313
0
1072611188
3758096384
1069277104
0
1070114879
2147483648
1072069204
0
1070599368
0
1072269393
2684354560
1072361511
2147483648
1072472106
2684354560
1071471386
2147483648
1072425552
1073741824
1065431104
0
1071149988
3221225472
1072651237
3221225472
1071461100
1073741824
1072693247
2684354560
96
