Uvec
2226355706
1068811170
0
1071921043
536870912
1072392010
536870912
1071775276
2147483648
1071076187
1073741824
1071836267
1610612736
1072490524
3221225472
1069238895
0
1067352200
0
1071421937
2147483648
1072578967
2684354560
1070740072
1073741824
1072406404
2684354560
1071091092
1073741824
1072115126
0
1072691127
0
1071967249
3758096384
1072127555
1610612736
1069832723
0
1070863102
3221225472
1068703099
0
1068808547
0
1071878773
0
1071434018
1073741824
1071904350
2684354560
1072227199
1610612736
1069667932
0
1072403915
536870912
1072271504
3758096384
1067656916
0
1072691745
1610612736
1072587088
2147483648
1072480764
1073741824
1069383763
0
1072478015
1073741824
1066981788
0
1070837424
2147483648
1067415324
0
1071892224
1610612736
1072130323
2684354560
1068998173
0
1069963944
2147483648
1071988634
0
1072613927
2684354560
1071372743
2147483648
1067890096
0
1069708765
2147483648
1071106580
3221225472
1071151154
3221225472
1071170971
3221225472
1072400681
1610612736
1072505484
3221225472
1071411667
3221225472
1072104405
3758096384
1071033559
2147483648
1072303201
3758096384
1071993961
1073741824
1068614281
0
1071234695
1073741824
1071409904
1073741824
1069529115
0
1071335708
0
1072202973
2147483648
1068523432
0
1072415255
2147483648
1072105721
1610612736
1070759647
0
1071916186
3758096384
1066547220
0
1069804344
2147483648
1072613342
2147483648
1072095386
2147483648
1072653165
2147483648
1071849825
0
1071928130
3221225472
1072194253
3758096384
1072363501
2684354560
1070677249
1073741824
1067772582
0
1072082970
3221225472
1069291528
0
1070945379
1073741824
1069070165
0
1070608036
1073741824
1072169438
3758096384
1072209582
3758096384
1069190238
0
1071964100
3221225472
1070868344
2147483648
1070333878
2147483648
1072289746
536870912
1071550257
0
1072300979
3221225472
1072263871
0
1069331574
0
1069733796
0
1067702604
0
1066422224
0
1071461100
1073741824
1072693247
2684354560
55
