Uvec
2226355706
1072164277
1610612736
1069668154
0
1072511017
3758096384
1070552628
0
1070111328
0
1068814568
0
1072613061
1610612736
1072177291
2684354560
1068754439
0
1070803985
0
1070972134
0
1071068142
0
1072629268
536870912
1070946066
2147483648
1072068130
2684354560
1070799235
2147483648
1071129167
0
1071464483
0
1072328178
3758096384
1072051164
2684354560
1070713433
3221225472
1072613163
0
1072678248
2147483648
1070441454
2147483648
1072336519
2684354560
1070762609
2147483648
1071002491
2147483648
1070798622
0
1072080142
1610612736
1072114597
1610612736
1066778832
0
1072227362
2684354560
1067686730
0
1069225646
0
1070747318
2147483648
1072389967
536870912
1071097604
2147483648
1072677097
2684354560
1072173305
536870912
1072070054
3758096384
1071262128
0
1072560172
1610612736
1071842263
2684354560
1071606849
2147483648
1072590134
1073741824
1072352795
2684354560
1071206827
2147483648
1067558960
0
1072268036
2147483648
1071832027
3221225472
1070957540
3221225472
1070589573
2147483648
1072334163
0
1072616377
3758096384
1072471731
2147483648
1069785400
0
1071941077
0
1070769718
3221225472
1072050958
3221225472
1071871264
3758096384
1071156164
3221225472
1071824183
3221225472
1071650068
1610612736
1069277754
0
1071730245
3221225472
1071746536
536870912
1071485934
3221225472
1071716593
3221225472
1072455479
2147483648
1072492411
0
1072012550
1073741824
1072611738
1073741824
1070473158
0
1071350168
1073741824
1070298075
2147483648
1071851525
2684354560
1071775624
2147483648
1071740245
1610612736
1069760536
2147483648
1071425059
3221225472
1071821125
1073741824
1072471475
0
1071064898
2147483648
1072550955
2147483648
1072461106
3221225472
1071101543
2147483648
1071288971
1073741824
1072473125
2684354560
1072301239
3221225472
1070908691
2147483648
1072138622
3221225472
1072164686
0
1069868801
2147483648
1072397380
1610612736
1070087761
2147483648
1071659310
0
1068735054
0
1072368006
2684354560
1071461100
1073741824
1072693247
2684354560
21
