Uvec
2226355706
1071941018
1610612736
1072524781
1610612736
1071585093
3221225472
1071938858
1073741824
1071653574
2147483648
1066878112
0
1072418217
3758096384
1071289921
3221225472
1071434698
0
1072583061
536870912
1068806899
0
1071792521
2684354560
1071822370
3758096384
1072231389
3758096384
1071943242
3221225472
1071843405
1073741824
1072301628
3758096384
1070480904
2147483648
1069841786
2147483648
1072431664
2147483648
1071311825
0
1071725144
1610612736
1071759009
0
1071657842
3758096384
1072273358
1073741824
1071948385
3221225472
1071733564
0
1072638148
2147483648
1072118237
0
1071143120
2147483648
1072403040
2147483648
1070434152
0
1071519921
3221225472
1071422529
1073741824
1072380985
2147483648
1072639335
2684354560
1072157281
3221225472
1070758666
3221225472
1071771851
1073741824
1071687805
1073741824
1069926195
2147483648
1070081032
2147483648
1070378540
0
1070055829
2147483648
1072690680
1073741824
1071352202
2147483648
1071790594
536870912
1071299267
3221225472
1071710873
2684354560
1072301851
2147483648
1072401793
3221225472
1071141365
2147483648
1072255601
536870912
1068161280
0
1072392668
2684354560
1068576129
0
1071540431
0
1070677860
2147483648
1066625908
0
1070636157
2147483648
1071799985
3758096384
1072218058
1073741824
1072295594
2684354560
1070655904
0
1072126868
536870912
1072535850
0
1072293324
3758096384
1071653452
536870912
1072001995
3758096384
1072015586
2147483648
1072071702
2147483648
1070109550
0
1071972445
1073741824
1071494159
2147483648
1070380636
2147483648
1072575518
0
1070303536
0
1071732440
3758096384
1071685549
0
1072478150
3758096384
1072609028
536870912
1072600068
0
1071709118
2684354560
1069582075
2147483648
1069038668
0
1070581243
0
1071623315
3221225472
1070825249
2147483648
1060767232
0
1070164266
0
1069676563
0
1068960410
0
1069353241
0
1072076600
1073741824
1071915806
1610612736
1065935552
0
1071520879
0
1071924605
2147483648
1071461100
1073741824
1072693247
2684354560
7
