Uvec
2226355706
1065785856
0
1072688279
3221225472
1072266801
2684354560
1072287906
2684354560
1070675322
0
1072205850
1610612736
1071750821
3758096384
1071559344
0
1071564255
2147483648
1070915975
3221225472
1070385545
2147483648
1072472649
2684354560
1071896092
1610612736
1070147181
2147483648
1072104432
3758096384
1072302221
2147483648
1072093208
3221225472
1068012598
0
1067654540
0
1071752920
536870912
1071793593
0
1072640244
1610612736
1071213117
2147483648
1070668038
3221225472
1071072569
3221225472
1072480427
3221225472
1070889922
3221225472
1070549597
0
1068922875
0
1072082358
1610612736
1071924338
2684354560
1070610296
0
1070897942
1073741824
1069908230
2147483648
1066965944
0
1071682301
0
1069140661
0
1071661143
1073741824
1070091709
0
1070745665
3221225472
1072065380
2147483648
1071768173
536870912
1070915499
3221225472
1067488282
0
1070743497
1073741824
1072100834
2684354560
1070844570
2147483648
1072016348
2147483648
1072077316
2147483648
1071847123
1073741824
1071558368
2147483648
1072490365
3758096384
1072633389
2147483648
1069489698
0
1071604819
3221225472
1071268748
3221225472
1068949479
0
1070249942
2147483648
1072354503
2147483648
1072022039
1073741824
1071129769
2147483648
1072516216
536870912
1070684028
3221225472
1071722948
3758096384
1071426626
0
1071701251
1073741824
1071859284
2147483648
1071355577
0
1067606544
0
1071985566
0
1071415145
1073741824
1072392190
1073741824
1070558919
2147483648
1072008975
1610612736
1071914701
536870912
1069620417
2147483648
1072325303
2684354560
1070039329
2147483648
1070732048
1073741824
1072304960
3221225472
1070954665
3221225472
1069553116
0
1071263391
2147483648
1071925442
1073741824
1072544457
2147483648
1069966833
2147483648
1071415951
0
1071887515
1610612736
1071154041
0
1070965361
1073741824
1072078315
0
1071066441
1073741824
1072393708
3221225472
1070869318
0
1064581504
0
1071175607
2147483648
1071738583
3221225472
1072004520
0
1071461100
1073741824
1072693247
2684354560
42
