Uvec
2226355706
1071917250
1073741824
1071916366
2684354560
1066513252
0
1071714686
3221225472
1071334050
0
1071928269
0
1072322782
1610612736
1068454430
0
1067900400
0
1068912592
0
1070383832
0
1070153555
2147483648
1066931400
0
1070159647
2147483648
1069408305
0
1072152509
3758096384
1072366052
536870912
1071203673
3221225472
1070247657
0
1071117874
3221225472
1071321168
3221225472
1070766850
3221225472
1066785272
0
1069671399
0
1070159591
0
1072001431
536870912
1069835399
2147483648
1071593073
3221225472
1072504846
2147483648
1072383161
2147483648
1072683484
0
1072644139
0
1072662779
3758096384
1072285730
3221225472
1071242747
1073741824
1072302362
2147483648
1070727789
0
1072269825
3758096384
1071750916
1610612736
1072512547
2684354560
1072573268
1610612736
1066869852
0
1072327946
2684354560
1069177508
0
1072619760
0
1070017940
0
1072594980
0
1070722129
3221225472
1070424509
2147483648
1072588355
2684354560
1071275491
3221225472
1070678157
1073741824
1072296827
536870912
1070404271
2147483648
1070366957
0
1072428382
3758096384
1072546866
2147483648
1071600127
0
1070761692
2147483648
1071965458
0
1072078017
1610612736
1067343812
0
1070251050
0
1069937671
0
1071498124
2147483648
1071981053
3221225472
1070700402
3221225472
1071783176
536870912
1072081300
536870912
1072269751
2684354560
1072299750
3221225472
1069748751
2147483648
1069080351
0
1070024325
0
1066636012
0
1071026856
1073741824
1071743410
3221225472
1072234012
536870912
1072607306
536870912
1071553750
3221225472
1072019684
2147483648
1072513807
0
1071823618
1073741824
1071460067
1073741824
1070596041
0
1072362988
2147483648
1071910846
1610612736
1071443148
3221225472
1068749256
0
1070777982
3221225472
1071817912
3758096384
1071849359
536870912
1071678743
3221225472
1071588334
3221225472
1070821633
1073741824
1071990757
0
1072267289
3221225472
1072641069
1073741824
1071461100
1073741824
1072693247
2684354560
19
