Uvec
2226355706
1070082098
2147483648
1070611553
2147483648
1071259280
0
1072298021
3221225472
1071877214
2147483648
1072628688
3758096384
1071810621
3221225472
1067582618
0
1072315342
1073741824
1070429011
2147483648
1072609311
1610612736
1067822216
0
1071488984
0
1072023712
536870912
1070430345
0
1072438434
3758096384
1068765910
0
1070600343
3221225472
1070363356
0
1072308557
2684354560
1071480683
3221225472
1071837390
2684354560
1070113385
2147483648
1072551490
2684354560
1071657588
0
1067573968
0
1069953336
2147483648
1071851050
0
1072560675
2147483648
1072233654
1073741824
1072405013
0
1068588738
0
1072242916
0
1071708788
2147483648
1071572678
1073741824
1071756171
2147483648
1071805149
1610612736
1072092256
536870912
1071245860
1073741824
1072072700
536870912
1071829577
1610612736
1072280654
536870912
1072044627
1073741824
1072196312
2147483648
1072333078
3221225472
1072655637
3221225472
1071281056
2147483648
1071991948
2684354560
1071196528
3221225472
1072111020
536870912
1069124383
0
1070204521
2147483648
1071487005
1073741824
1071860797
536870912
1070974493
1073741824
1072117621
536870912
1068716590
0
1068035330
0
1070742594
1073741824
1070675654
0
1071870791
2147483648
1071158557
0
1071951448
1610612736
1072368462
3758096384
1071132850
0
1072682828
3221225472
1072294526
3758096384
1071963898
536870912
1071827436
2147483648
1071885413
2147483648
1068454674
0
1072609509
2684354560
1072611910
2684354560
1072050212
1073741824
1072044069
1610612736
1071851888
3221225472
1070854482
1073741824
1072274814
3758096384
1070448381
0
1069704698
0
1069791873
0
1068892262
0
1071752352
1610612736
1072153809
0
1069549699
2147483648
1071436252
1073741824
1069576214
2147483648
1069742858
2147483648
1071266672
3221225472
1072369743
3221225472
1072106637
2147483648
1071780704
2147483648
1071867781
2147483648
1069260069
0
1070804518
0
1071553708
2147483648
1072184996
3221225472
1072381679
1610612736
1071461100
1073741824
1072693247
2684354560
10
