Uvec
2226355706
1072517757
0
1071307761
3221225472
1072424000
3221225472
1072351886
3221225472
1071255907
2147483648
1068607113
0
1072329103
2147483648
1071907598
1610612736
1071136084
3221225472
1071428081
1073741824
1067332036
0
1071863950
3758096384
1069854308
0
1070903388
3221225472
1069794613
2147483648
1072041209
3758096384
1070880015
0
1071783007
2147483648
1072550319
536870912
1071243545
1073741824
1070980017
3221225472
1071729517
3221225472
1071443621
1073741824
1069936231
2147483648
1072448413
3221225472
1072600216
1610612736
1071815052
3221225472
1069774358
2147483648
1072130244
2147483648
1072385090
1610612736
1071445564
0
1072158177
536870912
1072341259
3221225472
1072379671
3221225472
1071927185
1073741824
1071223512
1073741824
1071606896
1073741824
1071731267
0
1070322804
2147483648
1071789494
1073741824
1072238578
0
1070657811
0
1071631047
3221225472
1072552161
1073741824
1071239385
3221225472
1071954982
536870912
1070355510
0
1070895137
3221225472
1070328300
2147483648
1071328754
2147483648
1071779187
536870912
1071159963
0
1071778426
2684354560
1072392684
3758096384
1069856033
0
1072665983
2147483648
1072559633
2684354560
1072029251
0
1071916588
0
1071541077
0
1071716671
2684354560
1067933314
0
1072211563
3221225472
1071481654
1073741824
1072373457
2684354560
1072458787
1073741824
1071028087
3221225472
1061729024
0
1072221957
3221225472
1071152022
1073741824
1070952544
2147483648
1072046040
3758096384
1071678716
2684354560
1072300573
1610612736
1064461376
0
1072518849
2684354560
1071669025
2147483648
1071705841
2147483648
1072509961
1073741824
1069206742
0
1072314683
0
1071775413
3221225472
1069352097
0
1072458933
2147483648
1072114907
2684354560
1071843961
1073741824
1072498453
0
1070501981
2147483648
1070745864
0
1071304792
0
1072683265
3221225472
1069495243
0
1071755565
0
1071603145
2147483648
1068790497
0
1072565274
1073741824
1072214378
2147483648
1069775277
2147483648
1071461100
1073741824
1072693247
2684354560
5
