Uvec
2226355706
1072029559
1073741824
1072262393
2147483648
1072661650
1610612736
1067586290
0
1072549125
0
1071038225
0
1070786458
3221225472
1071841090
3221225472
1071089605
0
1068403190
0
1068760019
0
1072126571
1073741824
1072666621
0
1071544119
2147483648
1070739010
0
1069845917
2147483648
1072642071
1610612736
1072083747
1073741824
1071891828
3221225472
1072445302
536870912
1072673935
2147483648
1071430739
0
1071929078
0
1071383848
0
1068908280
0
1072538516
3758096384
1070691302
3221225472
1071677029
2147483648
1072563051
3758096384
1071711000
3758096384
1072222083
1073741824
1071295387
1073741824
1071560726
2147483648
1070133692
2147483648
1071212094
2147483648
1069935896
2147483648
1072532137
3758096384
1071274673
3221225472
1072076588
1073741824
1072682716
1610612736
1072567012
536870912
1068218290
0
1070225325
0
1072008639
1610612736
1071769865
3221225472
1066912268
0
1072103299
0
1071671592
2147483648
1071152513
2147483648
1072004675
2147483648
1071530909
0
1070921317
0
1072242585
2147483648
1071946413
1073741824
1071699163
1073741824
1071074342
0
1071557735
0
1070759341
3221225472
1070851640
2147483648
1063389792
0
1070564392
0
1069629890
0
1064648608
0
1071313284
0
1071010154
0
1071624507
1073741824
1072588265
536870912
1070850795
3221225472
1069378996
0
1072653729
3221225472
1071456459
1073741824
1071100832
1073741824
1070302890
0
1068757864
0
1070779074
0
1069887664
2147483648
1072656796
3221225472
1069701967
0
1072199634
1610612736
1070959385
2147483648
1071840866
2147483648
1072370369
2684354560
1072372219
536870912
1071987492
3221225472
1071914178
1073741824
1071917238
1073741824
1070191773
0
1071981915
2147483648
1069516272
0
1070810762
1073741824
1072269785
1610612736
1072296795
1073741824
1072327243
0
1068542719
0
1072133140
0
1072266675
1610612736
1069884255
0
1072550668
1073741824
1071461100
1073741824
1072693247
2684354560
30
