Uvec
2226355706
1068517131
0
1071232240
2147483648
1070130373
2147483648
1069623663
0
1070210053
0
1071987332
1073741824
1072312693
3758096384
1068561216
0
1072098471
3758096384
1071728541
3758096384
1071500396
2147483648
1070603156
3221225472
1072518077
0
1067421304
0
1069286218
0
1071461088
0
1072041070
3758096384
1071841864
3758096384
1069271239
0
1071196593
0
1072403169
1610612736
1071510367
0
1071343212
3221225472
1069168816
0
1069334828
0
1071896472
0
1071698952
3758096384
1072451532
1610612736
1072318427
3758096384
1072145950
2684354560
1072604524
2147483648
1071209101
1073741824
1071181967
1073741824
1070657757
3221225472
1072121743
2684354560
1072505167
2147483648
1071410158
2147483648
1071993843
3221225472
1071816670
2684354560
1071262946
2147483648
1069834573
2147483648
1072483379
1610612736
1070872994
2147483648
1066053568
0
1071683862
1073741824
1070263751
0
1072193083
3221225472
1070672420
1073741824
1071157198
1073741824
1071698021
0
1072283515
0
1066933624
0
1070309080
2147483648
1069332223
0
1069202689
0
1071851779
3221225472
1071562619
1073741824
1069778467
0
1072037670
0
1069594411
0
1071891999
0
1069558855
0
1071663764
2684354560
1071019513
0
1070048281
0
1072281033
3221225472
1072351783
536870912
1072288678
1073741824
1071710129
0
1070800198
0
1072303888
1610612736
1071837579
3221225472
1072323896
1610612736
1070486980
0
1066631392
0
1071514559
1073741824
1072214219
1073741824
1067710236
0
1071157214
3221225472
1071904717
2684354560
1069651128
0
1071588548
0
1068823022
0
1070092417
2147483648
1071374332
0
1070531247
2147483648
1072350090
3221225472
1070628590
3221225472
1070719866
2147483648
1072362908
2684354560
1069406226
0
1072106984
0
1071139066
3221225472
1071260441
1073741824
1069841178
2147483648
1070885766
2147483648
1072302032
2684354560
1072591479
3221225472
1071461100
1073741824
1072693247
2684354560
21
