Uvec
2226355706
1072551305
0
1072618348
2684354560
1070051908
2147483648
1072240663
1073741824
1071986531
1073741824
1070121040
0
1071295988
1073741824
1072620707
1073741824
1071806841
1073741824
1072267051
2147483648
1072002702
536870912
1072095852
3758096384
1072026963
3221225472
1072629736
3758096384
1071058415
0
1065594816
0
1070874521
0
1070208196
0
1071304328
1073741824
1071609307
3221225472
1072660477
3758096384
1070906453
1073741824
1071357658
2147483648
1071150188
2147483648
1071787531
1073741824
1069265529
0
1066835576
0
1070771709
1073741824
1072367363
3758096384
1072049818
2684354560
1071528885
3221225472
1070873970
2147483648
1064385136
0
1070944703
3221225472
1071889703
536870912
1071458727
3221225472
1070032544
0
1067736502
0
1072159506
2684354560
1071954778
0
1072220877
3221225472
1070730977
1073741824
1067527846
0
1071713974
536870912
1071134173
3221225472
1066611760
0
1071119071
3221225472
1070527488
2147483648
1071751555
3221225472
1071829577
3758096384
1070551813
2147483648
1070392350
2147483648
1071546365
3221225472
1067981028
0
1072616950
3758096384
1070030920
2147483648
1071043480
2147483648
1071944152
0
1072319748
2147483648
1072141898
1073741824
1072257831
536870912
1070758162
3221225472
1072116290
536870912
1071907825
3758096384
1070779944
3221225472
1072055882
3758096384
1069179005
0
1070120121
2147483648
1066107648
0
1071304185
2147483648
1072155946
3221225472
1072018822
3758096384
1071671045
1610612736
1065968808
0
1071850229
2147483648
1072111747
2147483648
1068130192
0
1071808652
0
1071858922
0
1071683808
2147483648
1071919752
1073741824
1072434737
536870912
1070100024
2147483648
1070817535
3221225472
1072220144
3758096384
1070644667
3221225472
1072225901
536870912
1070372315
0
1072093605
1610612736
1072341726
1073741824
1072350771
1073741824
1072345649
0
1071704569
3758096384
1070932560
2147483648
1072179706
2147483648
1070561494
0
1072173074
3758096384
1072338062
536870912
1071461100
1073741824
1072693247
2684354560
55
