Uvec
2226355706
1071458598
3221225472
1071434491
2147483648
1071317293
2147483648
1067849386
0
1072268280
2147483648
1071449435
1073741824
1071845245
2147483648
1071217480
0
1070780970
1073741824
1072564172
1073741824
1072131332
1610612736
1068292404
0
1071131449
3221225472
1071795732
0
1072492141
1610612736
1071851013
3758096384
1070106071
2147483648
1069327980
0
1072457374
2684354560
1069061334
0
1072326326
0
1071756730
536870912
1072302701
0
1072507864
1073741824
1071897466
1610612736
1072555136
2684354560
1072519252
536870912
1071254187
1073741824
1071071372
1073741824
1069413285
0
1072395120
2684354560
1071718967
536870912
1072163100
0
1072147272
3221225472
1070651573
0
1072611747
3221225472
1070641786
2147483648
1071041329
0
1071099395
1073741824
1071790751
2147483648
1072505275
0
1072512682
2147483648
1071611017
1073741824
1071640785
1073741824
1067605604
0
1071649635
3221225472
1069187205
0
1070687373
0
1072048812
3221225472
1072497641
3758096384
1068161094
0
1071430196
0
1071851077
2684354560
1072684611
1610612736
1071242464
3221225472
1072139541
536870912
1071382529
3221225472
1072097388
3221225472
1071698933
1610612736
1072298369
1073741824
1071820820
3758096384
1069070109
0
1071081305
3221225472
1070275613
0
1069472310
0
1072145605
3221225472
1071800561
1073741824
1071207981
0
1070714300
1073741824
1071873620
3758096384
1072342029
3758096384
1072227309
1610612736
1072053466
536870912
1070150890
0
1069219208
0
1070243806
0
1072578954
536870912
1071557626
1073741824
1072459424
2684354560
1071236091
2147483648
1071836618
3221225472
1066743092
0
1071758935
2684354560
1069298155
0
1070986374
2147483648
1070788033
0
1068445552
0
1072430041
2684354560
1071467714
2147483648
1072064436
1610612736
1071367406
0
1071450184
3221225472
1069834239
2147483648
1070669877
1073741824
1070824014
1073741824
1072323947
1073741824
1072087443
0
1070724027
1073741824
1071461100
1073741824
1072693247
2684354560
5
