Uvec
2226355706
1072078950
3221225472
1072397514
2147483648
1070906652
0
1071161234
3221225472
1069176937
0
1072647191
3221225472
1070726592
1073741824
1072091399
2684354560
1071311553
0
1071180228
0
1072607812
3758096384
1071197990
2147483648
1072011667
3221225472
1067908344
0
1071897950
1073741824
1070909771
1073741824
1071215172
0
1069770209
0
1071564007
3221225472
1072125468
0
1071316962
2147483648
1072507984
2147483648
1069281342
0
1071804854
1610612736
1072553068
2147483648
1072425812
1073741824
1072344654
3758096384
1069496284
0
1071730302
3221225472
1069594193
2147483648
1072284996
536870912
1072502905
1073741824
1071674948
3221225472
1065687552
0
1069637846
2147483648
1069756097
0
1067362308
0
1072283545
536870912
1069213534
0
1071004817
0
1071458293
1073741824
1071917184
1073741824
1070438343
0
1068562522
0
1070973051
3221225472
1072484913
1610612736
1072688815
2147483648
1072315597
1073741824
1071413049
0
1068674521
0
1072401155
1073741824
1071983205
2684354560
1070772199
1073741824
1070935154
0
1072054595
0
1072379498
536870912
1072356006
1610612736
1072247040
0
1071183469
1073741824
1068716468
0
1072591484
1610612736
1072167558
2684354560
1072454835
1610612736
1071981323
2147483648
1072579547
1610612736
1071268638
1073741824
1072550120
1610612736
1071758394
2147483648
1071998748
1073741824
1072364939
536870912
1069045724
0
1072099372
1610612736
1069105810
0
1071917745
3221225472
1070144627
0
1070636429
2147483648
1071628556
0
1071986979
2684354560
1072239022
1073741824
1066247848
0
1071500077
2147483648
1071971366
3221225472
1068723019
0
1072234928
1073741824
1070054810
2147483648
1067994984
0
1072250485
536870912
1070187282
2147483648
1072557434
2147483648
1071116436
0
1071694595
1610612736
1070399425
2147483648
1071853939
536870912
1071696757
1610612736
1072203277
0
1072603145
1610612736
1072581226
2684354560
1071188372
2147483648
1071461100
1073741824
1072693247
2684354560
55
