Uvec
2226355706
1072644374
2684354560
1071905599
536870912
1072337656
2147483648
1072354602
0
1070714245
1073741824
1072551983
1073741824
1069742733
2147483648
1068449588
0
1071727449
3758096384
1071340930
2147483648
1069640939
0
1070258140
0
1069643704
0
1065780552
0
1071737856
1073741824
1071217705
1073741824
1071316820
3221225472
1069257480
0
1072058140
0
1053261824
0
1071646631
2147483648
1072476285
0
1071339566
1073741824
1072114637
2147483648
1070791204
1073741824
1067206412
0
1071274697
2147483648
1071665208
3221225472
1072140042
3758096384
1072658631
536870912
1070641390
1073741824
1072040994
0
1071243040
1073741824
1071874506
3221225472
1072309420
0
1072490507
3221225472
1071942627
2684354560
1070094378
2147483648
1070884160
1073741824
1071208029
2147483648
1069268060
0
1071212004
0
1071965390
0
1071513176
1073741824
1072238329
0
1070610497
0
1071748475
2147483648
1071330350
2147483648
1069115372
0
1072658300
1610612736
1070645850
3221225472
1072412702
0
1070965292
1073741824
1072037431
1073741824
1068950591
0
1071782278
3758096384
1066822872
0
1071754495
536870912
1070656314
0
1070102017
0
1069129713
0
1071849003
1610612736
1071969276
2147483648
1071648278
3221225472
1071722435
3221225472
1069647154
0
1071186902
2147483648
1066591036
0
1071350827
0
1072285078
1073741824
1071116260
3221225472
1067523574
0
1072455575
536870912
1072565974
2684354560
1068871947
0
1069708419
2147483648
1070662994
2147483648
1071348849
0
1071779091
3758096384
1071709245
2147483648
1072687229
3758096384
1071437890
3221225472
1072537091
0
1072476310
1610612736
1070729565
3221225472
1069326922
0
1071971182
2684354560
1071382184
1073741824
1071590620
1073741824
1071101706
3221225472
1072144893
0
1072035434
1073741824
1069783302
0
1072477538
536870912
1072193834
1073741824
1070922413
2147483648
1071973938
3221225472
1071887696
0
1071461100
1073741824
1072693247
2684354560
4
