Uvec
2226355706
1070602900
2147483648
1071780269
536870912
1069996987
0
1071752963
1610612736
1072102644
1073741824
1072388227
2684354560
1072403911
536870912
1072496349
2147483648
1071256270
3221225472
1068431070
0
1071199426
3221225472
1071326688
3221225472
1072435018
3221225472
1070696245
2147483648
1072290652
2684354560
1069561713
0
1071840385
0
1071807376
0
1072359972
1610612736
1072441299
536870912
1072496360
3221225472
1067494658
0
1070374501
0
1070289794
0
1067605296
0
1072441574
2147483648
1071111580
2147483648
1072173054
1610612736
1072161787
3758096384
1072034336
0
1070792666
0
1069558258
2147483648
1071843359
3221225472
1071891586
2684354560
1071754310
1610612736
1069384580
0
1071646988
3221225472
1071691932
1610612736
1071810878
3221225472
1071051606
0
1068593141
0
1072025543
0
1071955315
2684354560
1072675708
1610612736
1071837738
2684354560
1071863111
0
1071269127
2147483648
1071816634
3758096384
1069931608
0
1070969127
0
1071144553
2147483648
1071961029
0
1070641062
3221225472
1071688878
3221225472
1072578239
0
1072205670
2147483648
1072291102
536870912
1070674882
1073741824
1070902171
1073741824
1072092927
1610612736
1072502193
536870912
1070173419
0
1072606654
0
1072059975
3758096384
1071630435
3221225472
1069974375
2147483648
1072543263
3758096384
1070413968
0
1069242619
0
1070721479
3221225472
1072421373
2147483648
1070900562
1073741824
1071840555
1073741824
1072229600
536870912
1071514466
2147483648
1072557211
1610612736
1071455820
0
1070794124
0
1071136354
0
1069735051
0
1071934560
0
1071205257
0
1072468047
0
1067950928
0
1070777147
0
1070882997
2147483648
1070851627
0
1071902318
2147483648
1069658938
0
1070738681
1073741824
1072512271
3221225472
1071167035
1073741824
1071594449
2147483648
1072663384
1610612736
1072202636
3758096384
1072401089
3221225472
1069031822
0
1071887021
3758096384
1071461100
1073741824
1072693247
2684354560
4
