Uvec
2226355706
1072507355
0
1069978949
2147483648
1071922730
2147483648
1071731687
0
1068398208
0
1072689561
3221225472
1072503003
1073741824
1068374798
0
1070968475
1073741824
1070885427
1073741824
1072543797
3221225472
1071719032
3221225472
1068435092
0
1072388160
1610612736
1068936725
0
1066265872
0
1071981330
2147483648
1069788205
2147483648
1071698316
0
1071158354
3221225472
1072040596
536870912
1069179034
0
1070819825
3221225472
1070799664
1073741824
1068293100
0
1071288823
1073741824
1072603268
1610612736
1071808307
2147483648
1069972309
0
1071531221
0
1072510213
3221225472
1072133539
0
1071895707
3221225472
1070637388
0
1072405263
0
1072194544
2684354560
1072643997
3221225472
1072451793
1073741824
1069900821
2147483648
1072131208
1610612736
1072199984
0
1072005835
3758096384
1072296533
3758096384
1070947077
1073741824
1067449984
0
1071153124
3221225472
1071928319
2684354560
1072275152
2684354560
1072578122
3221225472
1068037694
0
1071470058
0
1065170720
0
1071810924
2684354560
1072589011
3758096384
1069399414
0
1070212668
0
1071913889
2147483648
1070222546
0
1070685085
3221225472
1071137728
3221225472
1072142013
1073741824
1068680623
0
1071888054
0
1071263207
2147483648
1072168893
3758096384
1071077254
1073741824
1072572050
536870912
1072578173
0
1072493189
2147483648
1072380487
3758096384
1070892211
1073741824
1072007370
3758096384
1072684457
0
1071460818
3221225472
1071852002
1073741824
1072213009
3221225472
1071811738
1610612736
1069819633
2147483648
1071579334
2147483648
1068793861
0
1067902862
0
1071284389
0
1071759053
2147483648
1071936175
3758096384
1072049247
3221225472
1071974414
0
1072197594
1073741824
1072547506
0
1069863824
2147483648
1071675061
3758096384
1070196703
0
1072614343
536870912
1072446584
3758096384
1071797231
2147483648
1072339044
3221225472
1071891634
3758096384
1072061927
3221225472
1072057846
536870912
1071461100
1073741824
1072693247
2684354560
45
