Uvec
2226355706
1069754917
2147483648
1064534944
0
1071848683
3758096384
1070244978
2147483648
1072611493
0
1072595515
3758096384
1067821794
0
1071527753
1073741824
1072241156
1610612736
1072069336
2147483648
1072561308
1073741824
1072488767
2147483648
1068277290
0
1071826347
0
1071000787
0
1072641356
536870912
1070773534
0
1072118728
0
1070965708
3221225472
1070285144
0
1071518692
0
1072005207
536870912
1072238672
1073741824
1070979975
1073741824
1071856684
3221225472
1071221930
0
1072013832
1610612736
1072004162
1073741824
1072150784
1073741824
1070630047
1073741824
1072217762
2147483648
1071647377
1073741824
1069045731
0
1070623890
1073741824
1071981252
2684354560
1071474479
2147483648
1072378040
1073741824
1072388203
2684354560
1071789205
0
1069957135
2147483648
1072416033
3758096384
1072661323
0
1066818684
0
1071813692
1073741824
1069269942
0
1071780408
536870912
1070889696
2147483648
1071658679
1073741824
1069022741
0
1070744202
3221225472
1070619813
3221225472
1069697834
0
1072003434
2684354560
1068341598
0
1071025282
0
1070189414
0
1070132873
0
1071902831
2147483648
1072628237
3758096384
1071910487
1073741824
1071350143
1073741824
1069700754
2147483648
1071424542
2147483648
1071715345
2147483648
1070146709
2147483648
1072249252
3221225472
1071520735
1073741824
1072453068
2147483648
1066191232
0
1070860057
1073741824
1070570363
2147483648
1070790565
2147483648
1071923378
1073741824
1071776111
3221225472
1072659850
0
1072222642
3758096384
1070903677
0
1072137014
1610612736
1071041495
0
1072504836
2684354560
1070674333
0
1070714495
0
1072546971
2684354560
1070186681
2147483648
1069794738
0
1072252133
3758096384
1072295630
0
1070393094
2147483648
1072126510
1610612736
1071727535
3758096384
1071862362
1610612736
1071877952
1610612736
1072424008
2147483648
1070613141
0
1071031283
1073741824
1072018492
536870912
1072060532
0
1069249996
0
1071461100
1073741824
1072693247
2684354560
95
