Uvec
2226355706
1071431146
2147483648
1072483061
536870912
1069789644
0
1069732769
0
1071749974
1610612736
1069098392
0
1072141083
536870912
1065980056
0
1070739086
0
1069143566
0
1071792174
1610612736
1071220516
2147483648
1071503847
3221225472
1072530848
2147483648
1071726262
1073741824
1071774996
2684354560
1070117784
2147483648
1072127624
1073741824
1071871706
1610612736
1071151500
3221225472
1069812991
0
1071668655
1073741824
1071678722
2684354560
1067021028
0
1072590324
2684354560
1071976331
0
1069673980
0
1071200992
2147483648
1069007067
0
1072493238
3221225472
1071219594
3221225472
1070952253
0
1071205728
0
1071644025
2147483648
1072151854
3221225472
1071989728
1073741824
1070990383
0
1065837872
0
1072094071
2684354560
1071011707
2147483648
1072064409
1610612736
1071254168
2147483648
1071606839
1073741824
1069310611
0
1071145933
3221225472
1071676416
0
1071584962
0
1070928241
0
1072438006
1610612736
1071868358
3221225472
1072443207
3758096384
1072200647
0
1072414895
2684354560
1067600840
0
1071670986
1073741824
1072165392
2684354560
1072485844
3221225472
1071638141
1073741824
1072540974
2147483648
1072066385
1610612736
1071079230
2147483648
1072466553
2147483648
1072444489
2684354560
1071424549
3221225472
1072106070
536870912
1072219408
3758096384
1071470553
3221225472
1071749280
536870912
1071319180
3221225472
1072088917
1073741824
1071116647
1073741824
1072617618
2684354560
1069297021
0
1071912816
2147483648
1071344943
3221225472
1070738093
3221225472
1072303847
2684354560
1072676043
0
1070988762
3221225472
1072682088
0
1072298327
3758096384
1070172861
0
1072035062
3758096384
1072127951
536870912
1072541176
536870912
1067123908
0
1071284542
0
1072144295
3221225472
1068715611
0
1071927558
2684354560
1071548158
1073741824
1072036577
2684354560
1071764466
3758096384
1069846197
0
1071921036
3758096384
1071773354
1610612736
1071801419
536870912
1069758114
2147483648
1071461100
1073741824
1072693247
2684354560
42
