Uvec
2226355706
1071655277
1610612736
1072525799
1073741824
1072214296
1610612736
1072399041
0
1071868773
1073741824
1072000971
0
1068139054
0
1071944344
2147483648
1071015348
0
1072634355
0
1070942008
0
1072680114
1073741824
1068599388
0
1071725744
536870912
1063758304
0
1071885303
0
1071682314
0
1071848994
0
1072371616
3758096384
1070541764
2147483648
1072604415
2147483648
1065835336
0
1071737358
3221225472
1071327218
2147483648
1072103533
0
1072037670
3758096384
1072585237
3758096384
1070797879
2147483648
1069780926
0
1072023641
2684354560
1071547667
2147483648
1072323099
3758096384
1071469925
3221225472
1069802204
0
1072176805
3221225472
1072261645
536870912
1071414889
3221225472
1072253954
0
1071332954
1073741824
1070401807
0
1070928720
1073741824
1070776978
2147483648
1070940860
3221225472
1070773123
1073741824
1072587553
536870912
1072002416
2684354560
1072241466
3758096384
1071872319
1610612736
1065423520
0
1071531087
1073741824
1072254258
3221225472
1070697959
2147483648
1071087809
2147483648
1070790707
3221225472
1072211861
2684354560
1071482159
0
1071672634
1073741824
1072597609
0
1072259646
3221225472
1072202969
0
1067758584
0
1072565994
0
1069137307
0
1071271407
0
1072478320
536870912
1072123264
1073741824
1069340641
0
1071163197
0
1071020284
3221225472
1069835022
2147483648
1070634084
0
1071750138
3221225472
1066436984
0
1069256867
0
1070157529
2147483648
1069818526
0
1070611762
2147483648
1070162460
0
1070902486
1073741824
1070229322
0
1070731456
2147483648
1070721464
1073741824
1070013718
2147483648
1071359055
0
1071819265
2147483648
1070588961
2147483648
1071731680
3221225472
1071855324
2684354560
1072609937
1610612736
1070656104
1073741824
1072331759
536870912
1071993597
1610612736
1072430272
2684354560
1072439553
2147483648
1072675685
0
1072404265
2147483648
1072415977
2147483648
1070717506
2147483648
1071461100
1073741824
1072693247
2684354560
65
