Uvec
2226355706
1070337608
0
1070273179
0
1069911831
0
1071924028
536870912
1071709889
3758096384
1071744966
0
1071237408
2147483648
1070911589
0
1072245343
2147483648
1071862375
1073741824
1070378538
2147483648
1069152060
0
1072417221
3221225472
1071645875
536870912
1072103350
2684354560
1071813594
2684354560
1071005782
2147483648
1071963770
1073741824
1072604493
1610612736
1071063347
2147483648
1071105129
1073741824
1071453532
1073741824
1071520858
1073741824
1071885079
3758096384
1072383325
3221225472
1069606121
2147483648
1072434797
2684354560
1071097052
1073741824
1071612440
2147483648
1072083361
536870912
1070337736
2147483648
1068055070
0
1070720027
1073741824
1072291777
1073741824
1071850459
2684354560
1072253255
3758096384
1071617598
3221225472
1071223046
2147483648
1071422620
1073741824
1071879233
1073741824
1071890732
2684354560
1071802753
3758096384
1072217048
2147483648
1072670958
0
1071406463
1073741824
1072684583
2147483648
1070832286
2147483648
1072539907
3221225472
1071017175
0
1071512401
3221225472
1071863570
2147483648
1066269856
0
1072013132
0
1069055390
0
1072364255
3758096384
1072390713
3758096384
1071326029
3221225472
1069775764
0
1071657428
2684354560
1071854652
1073741824
1072259371
3758096384
1069727750
2147483648
1072360808
536870912
1072412835
3221225472
1070648356
0
1071963281
536870912
1071291316
0
1069925329
0
1072100408
3758096384
1071119826
1073741824
1071679875
3221225472
1069895387
2147483648
1069915502
2147483648
1072397069
2147483648
1072220174
3221225472
1072409153
3221225472
1071952652
0
1071915126
3758096384
1071904034
3758096384
1071291693
1073741824
1068311512
0
1069605855
0
1069063242
0
1071667355
2684354560
1072147846
0
1072608016
3758096384
1072334983
1073741824
1072176707
0
1072232417
3221225472
1071545534
1073741824
1071051402
2147483648
1070853736
0
1072494438
0
1072193651
3221225472
1072315892
536870912
1070601878
1073741824
1072335478
2684354560
1069602741
2147483648
1071461100
1073741824
1072693247
2684354560
50
