Uvec
2226355706
1072304284
2147483648
1071693834
3221225472
1072071822
1073741824
1072664785
0
1072206920
536870912
1068598792
0
1072332400
0
1072032067
536870912
1072256833
0
1072124883
2147483648
1067532292
0
1071804540
2684354560
1071683830
1073741824
1072208892
1610612736
1069207414
0
1070373841
2147483648
1070445452
2147483648
1072422000
3758096384
1071469831
2147483648
1072139062
1073741824
1068694970
0
1071066265
0
1072252879
3758096384
1072575630
0
1069788480
0
1071407418
3221225472
1069123003
0
1071605536
1073741824
1072288830
3221225472
1071869267
3758096384
1072617502
0
1071017808
2147483648
1071168242
1073741824
1072204134
2147483648
1072027210
0
1070940584
3221225472
1071538438
3221225472
1071826193
3221225472
1070413696
0
1070866150
3221225472
1072663748
3758096384
1071815084
3758096384
1070633880
0
1067971872
0
1071995145
3758096384
1072437570
2684354560
1072388378
1073741824
1072177722
3758096384
1071504421
1073741824
1068962209
0
1069750985
2147483648
1072272209
0
1071851534
2684354560
1070801201
2147483648
1072093285
536870912
1072467022
3758096384
1072199675
3221225472
1071569913
0
1072664868
1610612736
1072275499
1073741824
1069586164
0
1072466290
3221225472
1071011867
3221225472
1071326886
2147483648
1072598440
3221225472
1072206291
3221225472
1071116780
1073741824
1071688652
1610612736
1072518814
3758096384
1071107994
3221225472
1072318588
0
1065037072
0
1069261446
0
1070796963
2147483648
1070656512
0
1068451150
0
1071893429
3758096384
1071996179
0
1071883083
1610612736
1068725523
0
1071287857
2147483648
1071820056
2147483648
1072593078
536870912
1070530051
0
1068732258
0
1070868541
2147483648
1067512144
0
1068763910
0
1069694552
2147483648
1062985344
0
1071987256
3221225472
1072329538
1073741824
1071957184
0
1071023526
2147483648
1072184021
2147483648
1071929614
1073741824
1069334753
0
1069931255
2147483648
1071461100
1073741824
1072693247
2684354560
27
