Uvec
2226355706
1070045256
2147483648
1072617418
2684354560
1067723936
0
1069666866
2147483648
1068993638
0
1072312041
2684354560
1071968264
1073741824
1071997950
0
1071709867
536870912
1072610864
3758096384
1072458037
2147483648
1072656813
1610612736
1072029428
2147483648
1072321620
536870912
1068705781
0
1070776723
2147483648
1070687179
1073741824
1070277242
0
1072413719
0
1071412705
2147483648
1071722115
1073741824
1072401452
2684354560
1068656498
0
1072435454
1073741824
1071729464
0
1072539984
2684354560
1071998813
3758096384
1071578191
3221225472
1071868970
1073741824
1071828081
1610612736
1072652577
2684354560
1071960135
3221225472
1072155619
0
1072506572
1610612736
1072215434
1073741824
1072620714
0
1069766437
2147483648
1068365986
0
1072146013
2684354560
1070678446
2147483648
1071768350
2684354560
1072210743
1073741824
1072400243
0
1067825434
0
1072007882
2684354560
1072655585
0
1070841212
3221225472
1071982431
0
1071785815
2684354560
1069897704
0
1071502155
1073741824
1071742535
3758096384
1070938425
3221225472
1070888514
0
1071689098
3221225472
1071937543
2684354560
1071920227
3221225472
1068121522
0
1070382054
0
1072155557
0
1070472601
2147483648
1068713742
0
1072528415
0
1071610650
3221225472
1071961399
0
1069271966
0
1071650481
3758096384
1072315083
2684354560
1072624197
2684354560
1068999748
0
1068095370
0
1068635027
0
1071890782
1073741824
1071099587
3221225472
1072525848
536870912
1072033732
3221225472
1070946771
0
1072303480
1610612736
1067340180
0
1070746795
3221225472
1071761681
3221225472
1072368175
2684354560
1071618831
1073741824
1072307631
0
1071159457
1073741824
1070389759
2147483648
1070597669
2147483648
1071582299
1073741824
1072640193
2147483648
1070979784
1073741824
1071440937
0
1069741336
2147483648
1070550401
0
1072320359
3221225472
1069773184
0
1071568756
3221225472
1071054656
1073741824
1071747808
3758096384
1071461100
1073741824
1072693247
2684354560
53
