Uvec
2226355706
1072169122
1073741824
1070883002
3221225472
1071533470
3221225472
1072499234
2147483648
1072662122
2684354560
1072534624
1610612736
1070455816
2147483648
1071507054
0
1070429849
0
1070635909
3221225472
1071473903
1073741824
1071857672
3758096384
1071823053
3758096384
1072252852
0
1071792724
1073741824
1072656460
536870912
1072208942
1073741824
1066640300
0
1072058916
1073741824
1072672392
2147483648
1072485080
0
1071601827
0
1072602248
3758096384
1072160096
2147483648
1071361840
3221225472
1072477803
2147483648
1071718949
1610612736
1070595522
0
1072034110
2684354560
1072618114
536870912
1071682184
3758096384
1069080653
0
1071849286
1610612736
1067170200
0
1068724447
0
1071923042
2147483648
1071198655
1073741824
1071435331
0
1070549233
2147483648
1071795939
0
1072619136
2684354560
1071956060
1610612736
1072342775
1073741824
1072264069
0
1069598466
0
1068215568
0
1072197812
1610612736
1072630035
536870912
1067956740
0
1070978780
2147483648
1072675555
3758096384
1071863203
1610612736
1069492163
0
1071647107
3221225472
1072522040
2684354560
1072107654
1073741824
1072516511
1610612736
1070977865
1073741824
1069733063
0
1071646715
0
1072163762
3758096384
1072002929
3221225472
1072557649
2147483648
1070873524
0
1072571935
3221225472
1072329767
1073741824
1070978798
1073741824
1072323407
3758096384
1071930275
1610612736
1071284892
0
1069731047
0
1071595232
2147483648
1072600781
3758096384
1071825244
536870912
1069903428
0
1071952298
536870912
1067263788
0
1070857687
3221225472
1070672448
2147483648
1072122705
2684354560
1071971524
3758096384
1071426093
3221225472
1071021759
0
1071699411
1073741824
1069341006
0
1072439700
1610612736
1072674896
1073741824
1071177665
3221225472
1068039472
0
1072543961
3221225472
1071856622
1073741824
1072127401
1610612736
1071814399
1073741824
1071851668
3758096384
1071575396
0
1072548071
3758096384
1072646556
0
1072324480
0
1071461100
1073741824
1072693247
2684354560
30
