Uvec
2226355706
1072362695
2147483648
1070904650
2147483648
1072016138
0
1071053669
2147483648
1071389701
2147483648
1071447019
1073741824
1069558356
2147483648
1071008818
0
1071447186
2147483648
1072042728
3758096384
1072113771
2684354560
1072359438
2147483648
1067855080
0
1070910175
0
1068711651
0
1068832759
0
1072474527
0
1069959582
0
1072247187
536870912
1072076644
1610612736
1070898998
3221225472
1069153787
0
1072341618
3221225472
1072274405
3758096384
1072346454
1610612736
1072084907
1073741824
1070773552
1073741824
1071254804
3221225472
1072109468
2684354560
1072203948
1073741824
1065020672
0
1072553047
536870912
1064344272
0
1071736310
2147483648
1072615340
1610612736
1070896160
3221225472
1071911270
2684354560
1072257161
1610612736
1071182101
0
1071513138
3221225472
1068205272
0
1070486836
2147483648
1071664488
3221225472
1072649148
3221225472
1072185858
3758096384
1072515464
3758096384
1071684820
1610612736
1071018285
1073741824
1070971255
2147483648
1072212577
536870912
1071004076
1073741824
1072680331
0
1072002405
3758096384
1070834781
3221225472
1070839466
3221225472
1071615281
0
1072057078
2684354560
1072031573
0
1072574901
0
1070741917
0
1069427017
0
1072272450
1073741824
1070639054
1073741824
1071932233
536870912
1072056704
2147483648
1066590908
0
1071590739
0
1072174834
2684354560
1069960189
2147483648
1072406151
2684354560
1071807165
1073741824
1068350492
0
1072231034
1073741824
1070202559
0
1072198058
2684354560
1064810432
0
1072176080
2684354560
1071981332
2684354560
1072330882
536870912
1071731829
3221225472
1070674478
0
1072521437
536870912
1072642745
2147483648
1063332224
0
1064172352
0
1071615531
0
1069520530
0
1072164086
536870912
1070818826
0
1071877041
2147483648
1070762351
2147483648
1070309864
2147483648
1068758021
0
1072408218
3221225472
1071483067
2147483648
1072366212
2147483648
1072539676
3758096384
1069819703
0
1071461100
1073741824
1072693247
2684354560
91
