Uvec
2226355706
1072191193
0
1072268489
2147483648
1072691714
3221225472
1071990614
3221225472
1072058428
0
1072395429
0
1072625720
0
1071986277
3221225472
1072277750
2684354560
1066675968
0
1072205875
536870912
1070711122
1073741824
1071465806
1073741824
1072208622
2684354560
1072430451
2147483648
1071556487
1073741824
1072367318
3758096384
1069407290
0
1071653788
1073741824
1071138183
3221225472
1072232881
2684354560
1072183517
3758096384
1071937233
1610612736
1072529849
3221225472
1071941023
536870912
1071015056
2147483648
1072179648
1073741824
1071989777
1610612736
1070483122
0
1070806805
2147483648
1072691659
3758096384
1072072675
3758096384
1071388443
0
1065379856
0
1065215120
0
1069777195
0
1071945836
2684354560
1072666048
1073741824
1070928083
2147483648
1069453733
0
1071718762
3758096384
1072373326
1610612736
1070992747
1073741824
1063872384
0
1070965844
3221225472
1071387914
0
1070149167
0
1071061034
2147483648
1072520452
3221225472
1067998992
0
1069838620
0
1071768981
2147483648
1069923490
0
1070156710
2147483648
1071755891
0
1069787008
2147483648
1068732831
0
1070427895
2147483648
1072642539
3221225472
1070914285
1073741824
1071316252
1073741824
1070618311
0
1072575426
3758096384
1070668037
2147483648
1069602929
2147483648
1071533834
2147483648
1071906501
3758096384
1072042347
3758096384
1067405920
0
1072675170
2147483648
1072078463
0
1072588433
1610612736
1072398336
3758096384
1071725797
1610612736
1072438943
1073741824
1071062033
3221225472
1069952235
0
1071952539
0
1070336463
2147483648
1071463304
1073741824
1071515759
0
1071977474
3221225472
1071686858
2684354560
1072246539
0
1072016700
2684354560
1070612590
3221225472
1071289996
3221225472
1063307552
0
1072250087
3221225472
1072350037
536870912
1070651934
3221225472
1071143044
2147483648
1072567992
1073741824
1071014084
0
1068672645
0
1066840764
0
1072332695
536870912
1072305121
2684354560
1071461100
1073741824
1072693247
2684354560
17
