Uvec
2226355706
1071767971
2684354560
1071778039
1610612736
1070298989
0
1072067174
3758096384
1072506904
2147483648
1069613316
2147483648
1072149826
2684354560
1072187558
536870912
1071811287
1610612736
1068238942
0
1071807813
3221225472
1072559401
0
1069526512
0
1072288598
0
1071731877
1073741824
1071130079
2147483648
1072547587
3221225472
1072171006
2684354560
1072241607
2684354560
1072606377
536870912
1071761080
3758096384
1072588668
1610612736
1072579051
2147483648
1072039958
536870912
1072032803
1610612736
1068595360
0
1072050896
2147483648
1072473651
1073741824
1070709028
1073741824
1069758001
2147483648
1071934052
0
1072368323
1073741824
1071820664
0
1069568880
2147483648
1072525509
2147483648
1069804283
0
1070925106
1073741824
1072214542
3221225472
1071935217
0
1072068599
1073741824
1070663215
3221225472
1070097699
0
1069166094
0
1071214500
0
1072242781
2147483648
1071674698
1610612736
1072366622
3221225472
1071496805
0
1072565724
2147483648
1071590982
0
1071883062
3221225472
1072567918
1610612736
1072137349
1073741824
1068837611
0
1072540794
3758096384
1069121470
0
1071674503
2684354560
1068640712
0
1072178369
3221225472
1070751526
2147483648
1072333125
1610612736
1067011852
0
1071643339
2147483648
1072211499
3221225472
1071547266
2147483648
1071845569
3221225472
1069961560
2147483648
1071543366
3221225472
1072076170
3758096384
1070107800
0
1071794974
3758096384
1072344167
1073741824
1070749490
1073741824
1072666982
0
1069942954
2147483648
1067834212
0
1071214287
2147483648
1071930559
536870912
1070117056
0
1072647237
1610612736
1072156289
3758096384
1071337813
2147483648
1072364083
536870912
1072164264
3758096384
1069923992
2147483648
1070934938
2147483648
1071653339
1610612736
1071451815
1073741824
1072540161
3221225472
1072047371
3221225472
1072222313
2684354560
1072449618
1610612736
1072565514
536870912
1072155728
3758096384
1072645271
0
1072646446
3758096384
1071569747
3221225472
1071901700
536870912
1071461100
1073741824
1072693247
2684354560
33
