Uvec
2226355706
1071102386
0
1072661478
1610612736
1071316733
0
1071435158
3221225472
1072196995
2147483648
1071889776
2147483648
1072529894
1610612736
1071592920
3221225472
1072051523
2684354560
1071450405
0
1071685143
1610612736
1072437577
536870912
1072292807
1610612736
1071287640
0
1069374268
0
1071695693
536870912
1069759592
0
1072575444
0
1070373164
2147483648
1072384436
2684354560
1069563469
0
1069283330
0
1072405038
536870912
1072576326
536870912
1068457712
0
1071744778
3758096384
1072032737
3221225472
1069910014
2147483648
1072317878
2684354560
1068817615
0
1072541548
0
1072452181
1610612736
1070668016
1073741824
1070170156
0
1070134369
0
1070715048
1073741824
1069900424
2147483648
1066940184
0
1070476513
0
1071367210
0
1072418599
1610612736
1070778073
0
1071778854
1610612736
1072128304
2684354560
1071074595
0
1071914493
3221225472
1072476004
536870912
1068862425
0
1070773900
3221225472
1071865121
536870912
1072233450
3221225472
1072172029
536870912
1072293963
1073741824
1072214208
2147483648
1069072191
0
1071308155
0
1069568312
2147483648
1072378504
0
1069707757
2147483648
1067958564
0
1072661252
2147483648
1071992484
536870912
1070086365
0
1071542214
0
1072636398
2684354560
1069607763
2147483648
1071485404
2147483648
1070515595
2147483648
1067013932
0
1071899636
2147483648
1072490808
536870912
1069133560
0
1071325063
3221225472
1070948667
2147483648
1071974899
3221225472
1072003009
1073741824
1068076878
0
1069391342
0
1072115410
3758096384
1071917893
2684354560
1071989084
536870912
1070344712
0
1072612258
2147483648
1071854262
1610612736
1068635864
0
1070981554
0
1072454010
0
1071070616
3221225472
1071328022
1073741824
1070757849
0
1071504328
0
1072583174
3221225472
1072474743
1610612736
1069833317
0
1071853511
2147483648
1071835202
2684354560
1070641675
3221225472
1072395396
3758096384
1071461100
1073741824
1072693247
2684354560
45
