Uvec
2226355706
1071047909
2147483648
1072278708
2684354560
1072309502
0
1068569778
0
1072690864
1073741824
1071922556
1073741824
1071998413
3758096384
1071889464
3758096384
1071114404
2147483648
1071667096
3221225472
1072321603
3221225472
1070684633
2147483648
1067842844
0
1066034920
0
1072284934
2684354560
1070727221
3221225472
1072351781
2684354560
1071760939
0
1072538864
3221225472
1069869521
0
1071285367
0
1071753999
3758096384
1072119876
3221225472
1072551604
536870912
1071352715
3221225472
1072059219
1610612736
1071829313
536870912
1070034618
0
1068702988
0
1072521338
3221225472
1072329456
2147483648
1072341088
1610612736
1072517322
0
1070605474
0
1071537975
2147483648
1072468507
2684354560
1072372005
1073741824
1068566577
0
1071251234
2147483648
1071917642
536870912
1071627051
1073741824
1071516931
0
1072077269
0
1072224764
3758096384
1070971786
0
1071912620
536870912
1072493457
3221225472
1067691086
0
1071599277
3221225472
1069067663
0
1069095328
0
1070410691
0
1069514421
0
1070990790
2147483648
1068873438
0
1071520488
2147483648
1072480440
3758096384
1071693887
536870912
1071923491
0
1071628590
3221225472
1069654628
0
1072481933
2684354560
1072005531
3758096384
1070584950
0
1070732817
1073741824
1070763963
1073741824
1071740149
536870912
1068041446
0
1069237666
0
1070686061
1073741824
1071278531
3221225472
1072169511
1610612736
1070864766
0
1071508587
0
1071532190
0
1070877829
0
1072470013
0
1071167973
2147483648
1070918491
3221225472
1071916473
2147483648
1068409624
0
1072582405
1610612736
1071815772
536870912
1070916047
0
1071867466
0
1066465368
0
1071710990
3758096384
1071006318
1073741824
1070357132
0
1069976766
2147483648
1072304298
1610612736
1071950274
0
1072366243
2147483648
1071768928
3221225472
1071663368
2147483648
1072655471
1610612736
1072048388
3221225472
1072106600
0
1071461100
1073741824
1072693247
2684354560
89
