Uvec
2226355706
1071862909
1073741824
1072147040
536870912
1070887492
2147483648
1072013852
1610612736
1072301818
2147483648
1071893282
1073741824
1072629402
1610612736
1069731832
2147483648
1071761960
3758096384
1071821954
2684354560
1072505245
1610612736
1072022477
0
1071869203
2684354560
1072132140
3221225472
1070922927
0
1072652105
1073741824
1069048945
0
1071897292
3758096384
1070222054
0
1071198285
2147483648
1070322228
0
1072196011
2684354560
1070743047
0
1071682436
3758096384
1072210817
2684354560
1070643481
2147483648
1070545690
0
1072309879
3758096384
1069591987
2147483648
1072664337
3758096384
1071459522
1073741824
1071879653
536870912
1070721891
1073741824
1072442366
3221225472
1072144505
1073741824
1072047219
2684354560
1072295802
2147483648
1072486263
2147483648
1071806225
3758096384
1070618456
1073741824
1072275037
0
1070666766
0
1068887125
0
1072460569
0
1071803511
2684354560
1071669008
536870912
1072178344
0
1071454590
0
1071229626
1073741824
1070858902
3221225472
1072550843
3221225472
1071965658
2684354560
1072321784
536870912
1072413669
1610612736
1070949954
3221225472
1071875177
2684354560
1072605677
1073741824
1069841443
0
1069601768
0
1072408266
3221225472
1070629801
2147483648
1071761438
2147483648
1072399113
2684354560
1069111141
0
1071462732
1073741824
1071988533
536870912
1071206120
1073741824
1072422827
1073741824
1070540941
2147483648
1071895686
0
1070780171
3221225472
1072492324
3758096384
1072382846
1610612736
1071106313
3221225472
1072648802
3758096384
1067964652
0
1072520398
1610612736
1070766321
2147483648
1070510045
0
1071146657
0
1065138336
0
1072514420
3221225472
1071425967
2147483648
1071926317
1073741824
1071984089
3758096384
1071055862
0
1072658994
2684354560
1071623012
0
1072217292
0
1072632621
2684354560
1072308359
0
1071076249
3221225472
1069981547
0
1070633761
1073741824
1069765918
2147483648
1065916416
0
1071281224
2147483648
1071188321
2147483648
1071461100
1073741824
1072693247
2684354560
96
