Uvec
2226355706
1068236202
0
1070669778
2147483648
1070692575
2147483648
1070953876
3221225472
1069790647
2147483648
1070994726
3221225472
1070808454
0
1072475391
0
1072535053
1073741824
1072459708
0
1069586417
2147483648
1072254709
3221225472
1071774029
2684354560
1072127333
3758096384
1070109121
2147483648
1071843787
0
1071996189
3758096384
1069727907
0
1070741366
0
1072194215
536870912
1071992987
536870912
1069658367
0
1071255838
2147483648
1072384047
2147483648
1070614782
2147483648
1072441057
0
1072193852
0
1070618484
0
1072182033
0
1071956167
1610612736
1072533752
0
1071093556
3221225472
1070685922
3221225472
1072687637
3758096384
1071866215
1073741824
1072448223
0
1069883956
0
1070711519
2147483648
1070683860
2147483648
1066415892
0
1069323656
0
1066414428
0
1071284652
1073741824
1070414824
2147483648
1071522569
0
1071217902
1073741824
1072003385
1610612736
1070765084
1073741824
1069812054
0
1071044819
2147483648
1072498525
1610612736
1067457358
0
1071671940
2684354560
1072444507
1073741824
1071525193
0
1068386426
0
1071282248
0
1071746914
2684354560
1072590630
1073741824
1072011356
1073741824
1071697286
2684354560
1071624282
3221225472
1071256833
3221225472
1071986338
2147483648
1067483434
0
1069811777
0
1072657092
1610612736
1072273522
1073741824
1071657563
3758096384
1070916908
3221225472
1072643022
1610612736
1063612160
0
1072053469
3221225472
1069627218
2147483648
1070859478
3221225472
1070988976
1073741824
1071251301
0
1071926216
3758096384
1072509177
3221225472
1071305875
2147483648
1072550068
0
1072507883
2147483648
1072093135
536870912
1071731661
3221225472
1071926600
3758096384
1072497131
1610612736
1072051129
3758096384
1070414857
0
1070288361
2147483648
1069760376
2147483648
1072112770
3221225472
1070612959
2147483648
1065200848
0
1070624771
3221225472
1072143001
3221225472
1071723772
2147483648
1071031778
0
1072691497
2684354560
1071461100
1073741824
1072693247
2684354560
73
