Uvec
2226355706
1071278928
2147483648
1071280981
2147483648
1072015783
2147483648
1071994513
2684354560
1070519314
0
1071812670
3221225472
1071178528
2147483648
1070564007
0
1072157169
536870912
1071060628
0
1071841793
2684354560
1072049572
536870912
1072112554
1073741824
1072491843
2684354560
1070160474
0
1072126301
0
1071664259
0
1072054624
2147483648
1071180601
3221225472
1070847447
2147483648
1071648413
3221225472
1072109335
2684354560
1072342291
3221225472
1071758172
3758096384
1071759159
2147483648
1070676782
3221225472
1071902045
1073741824
1071826408
1073741824
1071672866
2684354560
1071957746
2684354560
1071813608
2147483648
1070917304
0
1069990565
0
1068953747
0
1072475349
3758096384
1069788903
2147483648
1072155959
1610612736
1070221658
0
1071103634
0
1071108761
3221225472
1072465304
2684354560
1070080227
2147483648
1069792188
0
1072566745
1610612736
1069684856
2147483648
1070875003
1073741824
1070105959
2147483648
1070998859
3221225472
1068714311
0
1071925450
2684354560
1072340910
3758096384
1072657086
2147483648
1072586717
3221225472
1070906601
1073741824
1071647637
3758096384
1071234310
0
1069680840
2147483648
1071092324
0
1071694750
2684354560
1071817321
536870912
1071361345
0
1068074426
0
1072313479
3221225472
1071929497
1610612736
1071751340
536870912
1072172704
2147483648
1070477668
2147483648
1069484159
0
1069983799
2147483648
1072144120
2684354560
1071228407
1073741824
1071992386
536870912
1069592869
0
1071062759
0
1072045570
3221225472
1068833465
0
1071789118
1610612736
1068903847
0
1071750209
2684354560
1068881417
0
1072414764
3758096384
1071484377
2147483648
1072377859
1610612736
1069694989
2147483648
1071732954
2147483648
1072531478
2684354560
1071223960
3221225472
1066519064
0
1071010227
1073741824
1070755807
0
1072383592
3758096384
1071258604
1073741824
1071197583
3221225472
1072596126
1610612736
1070300207
2147483648
1072662123
0
1071575766
1073741824
1070169192
2147483648
1071461100
1073741824
1072693247
2684354560
8
