Uvec
2226355706
1072609356
1073741824
1070621263
2147483648
1072501644
2147483648
1070469847
0
1068029692
0
1072416695
536870912
1072330916
2147483648
1071854453
0
1072588652
3758096384
1071117788
2147483648
1072105138
1073741824
1071736856
1073741824
1071879742
0
1072064511
1610612736
1070674335
1073741824
1071638452
3221225472
1072649774
1073741824
1072603018
3221225472
1071344561
0
1070887237
3221225472
1072605456
536870912
1072381983
0
1072456026
1073741824
1072245154
2684354560
1069926966
2147483648
1071148028
1073741824
1071571451
1073741824
1071902151
3221225472
1070693904
0
1072374052
1073741824
1071559441
1073741824
1068852960
0
1071210603
2147483648
1072547490
1610612736
1072154027
1610612736
1072299045
0
1072588229
536870912
1071801425
536870912
1072667139
0
1070628678
3221225472
1070488381
0
1068535916
0
1070648559
0
1071071523
2147483648
1070363913
2147483648
1071222150
1073741824
1070837968
1073741824
1070290103
0
1072008944
1073741824
1070728345
2147483648
1072640534
3758096384
1072385462
2147483648
1070330524
0
1071534444
3221225472
1070828534
0
1070897138
3221225472
1072024102
2684354560
1072141803
536870912
1068140114
0
1072569263
3758096384
1070158893
0
1069771916
2147483648
1071634354
2147483648
1070683630
2147483648
1069835186
2147483648
1071830592
1610612736
1072037237
1610612736
1071736355
1610612736
1071871597
2147483648
1072145662
1610612736
1071009560
1073741824
1071004116
2147483648
1070998412
1073741824
1072667108
1073741824
1071915179
3221225472
1072193341
1610612736
1071231904
1073741824
1069914319
0
1070532572
0
1071898643
2684354560
1070471891
0
1071147533
3221225472
1071841275
3221225472
1071912037
3221225472
1071835564
2147483648
1072134518
536870912
1071522627
2147483648
1071042482
0
1072555411
1073741824
1070094773
2147483648
1072534770
1610612736
1069845054
0
1069773704
0
1070798302
3221225472
1070006039
2147483648
1072062100
536870912
1071707172
536870912
1070214889
2147483648
1071461100
1073741824
1072693247
2684354560
79
