Uvec
2226355706
1070707041
3221225472
1065619784
0
1071139792
3221225472
1070636765
0
1069985963
0
1071882973
2684354560
1068403034
0
1071806479
2684354560
1072637364
3221225472
1069745137
0
1071017833
2147483648
1072554804
1073741824
1072336780
1073741824
1071974945
0
1072031888
3221225472
1070991761
0
1068181074
0
1071812537
3758096384
1070700878
3221225472
1072198024
2684354560
1071682590
3758096384
1072305399
3758096384
1070989710
2147483648
1070130694
2147483648
1071160378
2147483648
1071575993
2147483648
1072199604
2684354560
1071093503
3221225472
1071545233
1073741824
1070992131
3221225472
1072653240
3758096384
1072314791
3221225472
1071870441
3758096384
1071866486
1610612736
1072512391
3221225472
1072166015
3758096384
1071843115
3758096384
1071686195
1610612736
1072387352
2147483648
1072513755
1073741824
1071702495
3758096384
1071811134
0
1071026916
3221225472
1070478127
0
1072313401
1610612736
1072649883
1073741824
1070880470
2147483648
1072409854
1073741824
1070817165
0
1070624285
3221225472
1071844903
2684354560
1066597500
0
1071672739
3758096384
1070759747
0
1072374157
0
1071933941
3758096384
1068417790
0
1071078326
2147483648
1072104552
1073741824
1072513031
2684354560
1068717017
0
1072127880
3221225472
1071832681
3221225472
1067651982
0
1072125134
2147483648
1072249283
3758096384
1070893439
2147483648
1072406462
1073741824
1070912291
3221225472
1071380048
3221225472
1070311093
0
1067551478
0
1071699895
1073741824
1071893477
2684354560
1071674344
2684354560
1072591759
1073741824
1069633966
2147483648
1072685463
1073741824
1070677933
0
1072648664
536870912
1071065210
1073741824
1072159412
0
1071901385
1073741824
1071924443
536870912
1071272303
3221225472
1071147921
1073741824
1072005287
2684354560
1072519704
0
1070178672
0
1071728812
1610612736
1071674595
3758096384
1070306518
2147483648
1072353573
0
1069957521
2147483648
1071064638
2147483648
1068914349
0
1069746720
2147483648
1072491692
3758096384
1071461100
1073741824
1072693247
2684354560
40
