Uvec
2226355706
1069385043
0
1071980589
3221225472
1069849850
2147483648
1072433461
2684354560
1067837844
0
1072532925
1610612736
1071310680
1073741824
1071974527
2147483648
1068505522
0
1070340123
0
1071975257
0
1071944013
2147483648
1071964325
2684354560
1070268471
2147483648
1072403714
1610612736
1070961364
2147483648
1071251019
0
1070839434
3221225472
1071066467
3221225472
1072513774
2684354560
1072308959
1610612736
1071636484
3221225472
1070654946
2147483648
1071961058
1073741824
1071942857
2147483648
1072012759
1610612736
1072278345
536870912
1072146696
536870912
1072090162
536870912
1071598835
0
1072292388
3758096384
1072127113
0
1071108325
2147483648
1069986751
0
1072559102
1073741824
1067607778
0
1072295171
0
1071792525
536870912
1072367879
1610612736
1072082665
2684354560
1072304419
3758096384
1072359247
536870912
1072080116
3221225472
1071518527
0
1071165947
1073741824
1071221135
2147483648
1071018557
2147483648
1071566837
2147483648
1071752297
2684354560
1069344960
0
1071754194
2684354560
1071602003
3221225472
1070793968
3221225472
1070345918
2147483648
1070822983
3221225472
1072147853
1073741824
1072664877
3758096384
1070464767
0
1071952449
0
1068929901
0
1071211988
0
1071741538
536870912
1071803476
0
1072027294
2684354560
1068063656
0
1072359452
3758096384
1068127220
0
1070956529
3221225472
1070731238
2147483648
1072361596
2684354560
1068326946
0
1071027237
2147483648
1072494985
3758096384
1069944978
0
1071925071
2147483648
1069387343
0
1071847764
3221225472
1072195730
2684354560
1069146226
0
1071979178
1073741824
1070370472
0
1069375971
0
1068110018
0
1072681288
1073741824
1071325905
1073741824
1070896939
3221225472
1071291636
1073741824
1068431772
0
1069563221
2147483648
1071935640
3221225472
1072226545
536870912
1072134052
0
1071574080
2147483648
1071557404
3221225472
1072471980
1610612736
1072363582
1073741824
1071647233
2147483648
1072557737
1610612736
1071461100
1073741824
1072693247
2684354560
79
