Uvec
2226355706
1072687444
2147483648
1072082344
1610612736
1071697410
1073741824
1071994848
0
1070715419
1073741824
1071913603
1073741824
1071754495
0
1072223289
1073741824
1070598513
1073741824
1070629933
2147483648
1071851992
3221225472
1072141392
2684354560
1071175522
2147483648
1072682984
2147483648
1069969896
0
1072330752
3758096384
1064204192
0
1072525625
1073741824
1065975904
0
1072448719
1073741824
1070948016
0
1072620713
2147483648
1068236364
0
1071089073
0
1069634639
0
1072482250
2684354560
1072259865
2147483648
1067535324
0
1068837846
0
1067842934
0
1070421516
0
1071407750
0
1071931930
2684354560
1071898106
3758096384
1072596724
3221225472
1071297432
2147483648
1072305650
536870912
1071287445
1073741824
1071662962
1073741824
1071914192
3758096384
1071748018
536870912
1068517867
0
1071306199
3221225472
1071850186
2684354560
1070680415
2147483648
1071431494
1073741824
1071823769
3758096384
1072152002
1610612736
1072255169
536870912
1071756828
2684354560
1072433201
1610612736
1071019788
0
1072125059
1073741824
1070651905
2147483648
1071816785
3758096384
1069908408
0
1070557694
0
1070195116
0
1072663626
2147483648
1072677027
2147483648
1069184058
0
1071286278
1073741824
1072030097
0
1071006682
0
1070977536
3221225472
1072280574
1073741824
1069515613
0
1070644219
2147483648
1071491588
0
1072212829
0
1072029082
2147483648
1069173631
0
1071006629
1073741824
1068593341
0
1068368980
0
1072046138
536870912
1070125716
2147483648
1070601081
0
1071631806
3221225472
1068619507
0
1071989525
2147483648
1070768742
0
1068700287
0
1070920460
0
1071657022
2684354560
1069707366
0
1071715869
1610612736
1072124763
3221225472
1069860590
0
1070237182
2147483648
1072461662
2147483648
1071908032
2684354560
1072025821
1073741824
1071347391
0
1072460935
2147483648
1071334811
1073741824
1068125978
0
1070887376
1073741824
1071461100
1073741824
1072693247
2684354560
16
