Uvec
2226355706
1071357346
0
1070920823
0
1067940772
0
1071814449
3758096384
1071248363
3221225472
1072560302
2147483648
1071065530
2147483648
1072426679
3221225472
1070861269
3221225472
1070973434
1073741824
1071662028
1073741824
1071297910
3221225472
1069718496
0
1072550728
536870912
1071342369
3221225472
1072569023
2684354560
1072333627
3221225472
1071873458
0
1063556064
0
1070563902
2147483648
1072494329
2684354560
1072548299
0
1072161574
3221225472
1072046416
1610612736
1071424637
3221225472
1072600276
1073741824
1072588508
2684354560
1072022423
1073741824
1071157921
1073741824
1072436893
1073741824
1071712731
2147483648
1071900218
1610612736
1072069738
3221225472
1068660974
0
1066500512
0
1071656557
1073741824
1072531357
1073741824
1072146297
1073741824
1072408188
2147483648
1071283707
2147483648
1071011151
0
1072658831
1610612736
1071627246
0
1072691915
1073741824
1070204182
2147483648
1069395053
0
1071956490
3758096384
1072677356
3221225472
1071783802
3758096384
1071139646
3221225472
1071531550
1073741824
1069165968
0
1071435744
2147483648
1072641128
1610612736
1068963359
0
1072633501
1610612736
1071823661
536870912
1072025243
3758096384
1070346535
0
1072074529
536870912
1072398028
2147483648
1068734625
0
1072034842
1073741824
1071049827
0
1072318272
536870912
1072028334
3758096384
1070117077
0
1072291974
1073741824
1072688112
1073741824
1071449235
0
1072170316
2684354560
1072314318
0
1071554565
0
1071660123
2684354560
1071932464
2684354560
1071652017
3758096384
1072376984
2684354560
1070129678
0
1072271298
0
1071027910
2147483648
1072231337
2684354560
1072025971
1610612736
1070744829
0
1070664033
0
1071082701
0
1067704526
0
1072315165
536870912
1072095019
3221225472
1066713420
0
1069286699
0
1072266574
1610612736
1069169766
0
1072539351
2684354560
1072607088
1073741824
1072079936
0
1072119879
3758096384
1072295812
1610612736
1070955935
0
1071461100
1073741824
1072693247
2684354560
11
