Uvec
2226355706
1070657308
3221225472
1069382386
0
1072180987
0
1070021162
2147483648
1072338688
2684354560
1072516164
1610612736
1068820461
0
1072187338
536870912
1072658189
2684354560
1068943356
0
1072588170
536870912
1071521773
2147483648
1069475803
0
1071738171
2147483648
1068830037
0
1070066253
0
1068902998
0
1072400214
2147483648
1072199258
0
1067000724
0
1069759312
2147483648
1070373881
0
1068817326
0
1067307944
0
1072598496
1073741824
1072321257
3758096384
1072349648
1610612736
1071803260
1610612736
1072262385
1073741824
1069018343
0
1071973030
0
1072513327
2147483648
1070676344
0
1071228922
3221225472
1072452257
1073741824
1072375723
1610612736
1071755808
1073741824
1070870178
1073741824
1069551073
0
1072563960
2147483648
1072314512
1073741824
1071944197
1073741824
1069943648
0
1071739736
2684354560
1070085285
2147483648
1071645741
1610612736
1072590512
2684354560
1070642730
2147483648
1070424099
2147483648
1070316228
2147483648
1071705379
2684354560
1071669051
2684354560
1071853634
3758096384
1070701625
2147483648
1072101586
2684354560
1071165012
3221225472
1070313564
0
1072636887
0
1071647918
2684354560
1072370281
1073741824
1071893975
3758096384
1070052444
0
1072557018
3221225472
1069015161
0
1070779642
2147483648
1072375236
3221225472
1072257738
3758096384
1069768428
0
1071930440
3758096384
1071447464
1073741824
1072122912
2147483648
1071049683
3221225472
1072372155
536870912
1071347396
0
1071715905
3758096384
1071427152
3221225472
1072484272
3221225472
1070362506
0
1071700459
0
1072134830
3221225472
1071965447
2147483648
1070910252
0
1072668589
2147483648
1072426261
1073741824
1069591739
0
1072047437
2147483648
1072432091
1610612736
1072299624
3758096384
1072091084
3758096384
1072612430
1610612736
1070798211
2147483648
1070554856
0
1072040083
536870912
1071499097
3221225472
1070389314
2147483648
1070933057
0
1072680406
536870912
1071746718
2147483648
1071461100
1073741824
1072693247
2684354560
38
