Uvec
2226355706
1071141141
0
1071831580
1610612736
1071813478
536870912
1072374565
1610612736
1071797149
2684354560
1071607265
1073741824
1071932157
1610612736
1072589821
1073741824
1068502204
0
1072610549
3758096384
1069233496
0
1070163513
2147483648
1072289319
0
1072349269
1073741824
1070423694
0
1071171921
0
1070694738
3221225472
1071967040
0
1069219689
0
1070039817
2147483648
1071946303
0
1072362403
2147483648
1071359795
0
1072040639
2147483648
1071800619
2684354560
1071703800
0
1069011627
0
1062312896
0
1072228494
3221225472
1072624076
536870912
1072095089
0
1067590176
0
1072351206
2147483648
1070318130
0
1069615590
0
1070577486
0
1071824567
536870912
1071239289
1073741824
1072448039
1073741824
1072237711
1073741824
1072653130
1073741824
1071959426
1073741824
1070038447
0
1072679475
1073741824
1068051702
0
1071668088
2684354560
1070543658
2147483648
1072265141
2684354560
1071692125
3758096384
1068903761
0
1071177346
2147483648
1070411684
0
1071409773
3221225472
1071638606
3221225472
1070970515
1073741824
1071983259
2684354560
1071770920
1610612736
1069604038
2147483648
1070661259
2147483648
1068926861
0
1067832186
0
1070455940
2147483648
1072437826
3758096384
1071735997
1073741824
1072613155
0
1072028169
2147483648
1071255257
1073741824
1070376162
0
1069485222
0
1070632333
0
1070198910
0
1071769698
1610612736
1070644515
1073741824
1068866927
0
1066726308
0
1072549469
2684354560
1071270358
1073741824
1069672025
0
1069521115
0
1070996430
3221225472
1066882896
0
1071913511
1073741824
1072151218
2147483648
1071584347
2147483648
1072196570
2684354560
1072302877
2684354560
1071805536
2147483648
1071825190
0
1068301006
0
1071325559
3221225472
1072405796
2147483648
1070505907
2147483648
1072255710
0
1071696113
3758096384
1071939488
536870912
1069679280
0
1068208942
0
1072692033
3758096384
1071461100
1073741824
1072693247
2684354560
86
