Uvec
2226355706
1072112290
1610612736
1072331043
1610612736
1070843301
0
1071433466
1073741824
1071204632
1073741824
1072266796
1073741824
1066418372
0
1072677655
2147483648
1072054607
1610612736
1069936732
2147483648
1072288798
536870912
1068858584
0
1071007379
0
1071870347
1073741824
1072509055
3758096384
1072480464
1610612736
1072676856
3221225472
1070634737
0
1072391593
1073741824
1069943686
0
1071969396
3758096384
1072674773
536870912
1072569322
3221225472
1072299265
1073741824
1072387679
2684354560
1071410968
3221225472
1068075354
0
1071691724
3758096384
1068650056
0
1072448097
1610612736
1068876692
0
1071516581
1073741824
1070177923
2147483648
1071241539
1073741824
1072560242
536870912
1072240833
2147483648
1072254480
2684354560
1071201154
2147483648
1072400988
2147483648
1072602274
2147483648
1072428209
1073741824
1071794497
1073741824
1071939186
3758096384
1069139669
0
1071959122
2684354560
1070756354
3221225472
1072457772
3221225472
1072627992
536870912
1071883224
536870912
1072675590
1610612736
1071697836
0
1072682100
2147483648
1070943119
1073741824
1071844699
1073741824
1067989304
0
1072192669
1073741824
1067868260
0
1071132034
2147483648
1069266702
0
1072440881
2147483648
1071993770
536870912
1072259586
536870912
1072640989
2684354560
1069688546
0
1071834811
0
1072628643
3221225472
1071197975
0
1071883839
3758096384
1069413836
0
1071202592
1073741824
1072310067
2147483648
1072219430
536870912
1072388748
1073741824
1071417778
1073741824
1072123743
536870912
1070427874
2147483648
1072048775
3758096384
1072125981
3758096384
1072258905
0
1072637995
3221225472
1069324651
0
1071480332
2147483648
1072189509
536870912
1072600387
3221225472
1072558510
3221225472
1071172927
3221225472
1072665785
3221225472
1072183627
0
1071070256
3221225472
1072347305
2147483648
1071138711
2147483648
1068724187
0
1071660979
1610612736
1071153004
1073741824
1071980467
0
1071192530
3221225472
1071655884
3221225472
1071300694
0
1071461100
1073741824
1072693247
2684354560
92
