Uvec
2226355706
1071762916
1610612736
1071992416
2684354560
1069098322
0
1072244020
2147483648
1071686254
2684354560
1071910649
2684354560
1070664033
3221225472
1070099074
0
1072415925
3758096384
1072450690
3221225472
1071704502
1610612736
1072095485
1073741824
1068982889
0
1070332598
0
1070038670
0
1071680802
2147483648
1071657984
2147483648
1068727270
0
1070376961
0
1072262925
3221225472
1071240443
3221225472
1068189398
0
1071661196
536870912
1071693783
1610612736
1072027865
3221225472
1069242124
0
1068189306
0
1071669486
3758096384
1072410071
1610612736
1071019854
3221225472
1070891487
2147483648
1070721732
0
1072265456
3221225472
1070773777
0
1071703205
1610612736
1072436575
0
1069698036
0
1072446595
1610612736
1072008477
1610612736
1071460219
1073741824
1072051957
1610612736
1071792550
1073741824
1069957092
0
1072649210
3758096384
1070995813
1073741824
1071975825
0
1072594781
2684354560
1071654277
2684354560
1071455275
2147483648
1071990082
536870912
1070187511
0
1069791103
0
1072691581
2684354560
1070736125
0
1071155714
0
1071645569
3758096384
1070840748
3221225472
1071798726
2147483648
1070957616
2147483648
1068851303
0
1071574261
0
1072557073
2684354560
1070671874
1073741824
1071699548
2684354560
1071245886
2147483648
1072688366
3758096384
1071144452
0
1071512635
1073741824
1071980529
2684354560
1072193483
1073741824
1070132399
2147483648
1072203207
2684354560
1069825476
2147483648
1072547588
2147483648
1071834074
2684354560
1069814635
0
1069733209
2147483648
1071889203
3221225472
1072257101
2147483648
1071197633
0
1071065803
1073741824
1070307740
0
1070847794
0
1071167686
2147483648
1071006256
1073741824
1069428449
0
1072663956
1610612736
1071986410
1073741824
1070662781
1073741824
1068905546
0
1068787589
0
1071313633
1073741824
1069945857
0
1072253825
2684354560
1068543125
0
1071501922
3221225472
1072438780
0
1072008852
3758096384
1071461100
1073741824
1072693247
2684354560
26
