Uvec
2226355706
1072456443
1073741824
1072637808
3758096384
1068582474
0
1069426678
0
1072248741
0
1070230094
2147483648
1069280326
0
1071345201
3221225472
1072515525
1610612736
1070012405
0
1072041310
2684354560
1071747287
2684354560
1071823403
2684354560
1071744756
0
1070310617
2147483648
1072642238
1610612736
1071404330
0
1068766820
0
1071124340
0
1068248292
0
1070586918
0
1068663378
0
1069530922
0
1071336921
2147483648
1070535132
0
1070740099
3221225472
1072321410
536870912
1071986736
2147483648
1072135546
1073741824
1072312343
3758096384
1072300030
1073741824
1072500574
536870912
1067650852
0
1070370107
0
1071851388
2684354560
1070576379
0
1071139294
2147483648
1072473867
1610612736
1071751344
1610612736
1069627690
2147483648
1071754769
3758096384
1072177949
3758096384
1072665627
1073741824
1071509174
2147483648
1072091847
3758096384
1070574797
0
1072141043
1610612736
1070958283
1073741824
1071984074
0
1072012347
0
1069376440
0
1072577000
2147483648
1069671233
0
1070796719
0
1071794027
3758096384
1071263745
2147483648
1072069136
2684354560
1071648940
1073741824
1071948999
3221225472
1070681150
0
1070415367
0
1069422056
0
1070132436
2147483648
1071779381
2147483648
1071331703
0
1071413484
1073741824
1072108738
2684354560
1071689680
3758096384
1069963328
0
1071775732
1073741824
1071716226
1073741824
1071050382
1073741824
1072555549
1073741824
1071223507
1073741824
1071664119
1610612736
1071923839
3758096384
1072561228
3758096384
1071561461
3221225472
1071974886
3758096384
1072461029
3758096384
1070688475
2147483648
1070315227
2147483648
1066651044
0
1072134789
3758096384
1071934925
3221225472
1072339334
2147483648
1072402469
536870912
1070023509
2147483648
1068766035
0
1071506612
2147483648
1072604442
1073741824
1071862574
0
1071684144
3758096384
1070287990
2147483648
1071409060
0
1070831230
0
1067805132
0
1071146883
3221225472
1071461100
1073741824
1072693247
2684354560
53
