Uvec
2226355706
1071365190
2147483648
1072218722
536870912
1069056658
0
1072236596
536870912
1072014749
2147483648
1067421716
0
1072395648
3758096384
1069679048
2147483648
1070514597
2147483648
1068637180
0
1071559946
3221225472
1070997319
3221225472
1071160221
0
1071832502
536870912
1070830619
2147483648
1071384656
0
1072648556
536870912
1071360080
3221225472
1072589116
536870912
1071936227
536870912
1069250422
0
1065741704
0
1071508368
2147483648
1072124032
2684354560
1067027240
0
1071235566
1073741824
1071912903
2684354560
1070614182
0
1072019707
1610612736
1070427575
2147483648
1066152240
0
1072017085
536870912
1072590541
0
1072406283
0
1071526780
0
1069724521
0
1072088703
1610612736
1069662201
2147483648
1070832607
3221225472
1071647168
2684354560
1071151818
2147483648
1070769361
0
1072365725
0
1070488185
0
1072384677
2684354560
1070962262
0
1071286719
2147483648
1071646480
3221225472
1071308459
1073741824
1071668181
0
1069962739
2147483648
1072523693
1073741824
1071843140
536870912
1067688862
0
1071996175
2147483648
1070068191
2147483648
1071548588
3221225472
1069158044
0
1069823282
0
1070739146
2147483648
1069565171
2147483648
1071979397
2684354560
1071155634
2147483648
1072529420
1610612736
1071562129
1073741824
1071901080
0
1071341266
1073741824
1071260685
3221225472
1070339140
2147483648
1071903276
536870912
1071693316
3221225472
1072224986
536870912
1071886515
536870912
1070766270
0
1072087109
0
1072145215
536870912
1071311129
1073741824
1072148763
1073741824
1071051124
2147483648
1071711544
2684354560
1064914656
0
1072315996
2147483648
1069346007
0
1072256700
0
1072639335
536870912
1064668016
0
1069620165
0
1071078153
1073741824
1067729480
0
1072282792
1073741824
1072583742
1073741824
1071648356
2147483648
1070667202
3221225472
1070600487
3221225472
1071769873
1610612736
1069699374
2147483648
1070315846
0
1071509921
2147483648
1071461100
1073741824
1072693247
2684354560
46
