Uvec
2226355706
1071499043
0
1070721886
2147483648
1070142205
2147483648
1069733363
0
1072629728
0
1068046006
0
1069990697
2147483648
1071908485
2147483648
1072271346
0
1068693673
0
1072127099
536870912
1071675078
2147483648
1071483309
3221225472
1070368664
2147483648
1071447320
0
1071351906
2147483648
1069946472
2147483648
1072646902
3758096384
1072247873
1610612736
1063279168
0
1071458819
0
1070668156
0
1071786734
2684354560
1072112926
2684354560
1071009085
1073741824
1071091802
2147483648
1069555412
2147483648
1072314051
2147483648
1071143423
1073741824
1071896812
1610612736
1068954159
0
1070891630
3221225472
1070109141
2147483648
1070011457
2147483648
1069126146
0
1070179574
2147483648
1067053960
0
1071027009
3221225472
1072617107
536870912
1071857349
2147483648
1072167040
0
1072638462
2147483648
1070963363
1073741824
1071553446
1073741824
1070608074
0
1070083967
0
1071541410
2147483648
1071403710
0
1069728594
0
1072312541
1610612736
1071673158
1610612736
1071573290
1073741824
1070358892
0
1071785543
2147483648
1070522192
0
1071892037
3221225472
1072454677
3758096384
1070775642
0
1071680673
0
1070404688
0
1072323648
0
1069986515
2147483648
1071828843
3758096384
1068344394
0
1072320598
3221225472
1071856927
2147483648
1072039887
3758096384
1068188466
0
1071368848
0
1072603566
3758096384
1070444008
0
1071733047
0
1071756538
2684354560
1067487898
0
1069813185
2147483648
1069878544
0
1072041355
3221225472
1071473390
1073741824
1072131138
2147483648
1070546718
0
1069301788
0
1072309578
3758096384
1071291663
2147483648
1071921655
1073741824
1066445864
0
1071263343
0
1071915754
3758096384
1071819733
1073741824
1072306869
3221225472
1071811711
2147483648
1069830732
2147483648
1072189184
0
1071755206
2147483648
1071927579
536870912
1068023746
0
1071650595
536870912
1071663746
536870912
1070923285
2147483648
1071461100
1073741824
1072693247
2684354560
43
