Uvec
2226355706
1071804081
1073741824
1071266388
1073741824
1070644106
3221225472
1068790063
0
1071609543
0
1071071084
0
1070998961
2147483648
1072441954
2147483648
1071202444
0
1071996469
1073741824
1071845694
1610612736
1071742965
1073741824
1072075236
2684354560
1070925945
1073741824
1072346194
3758096384
1069921809
2147483648
1072051439
3221225472
1072135025
0
1072575508
1073741824
1072387564
2147483648
1070236073
2147483648
1071613224
1073741824
1071429585
2147483648
1072686430
1610612736
1072485359
0
1070718703
1073741824
1072192761
2684354560
1071744146
2684354560
1070885866
1073741824
1072337813
3758096384
1071906024
536870912
1071783966
0
1071007420
0
1071998626
2684354560
1070211854
0
1066662988
0
1070309023
0
1071093878
2147483648
1072298003
1073741824
1070679243
0
1072249101
2684354560
1071746557
2684354560
1068803114
0
1070649208
2147483648
1071961947
1610612736
1072308460
3221225472
1072131020
1073741824
1071207532
3221225472
1069679840
0
1072322922
536870912
1067310724
0
1069394260
0
1068183980
0
1071840927
0
1071276223
1073741824
1071319419
2147483648
1070949274
3221225472
1070958165
3221225472
1071028130
0
1071071293
0
1068998444
0
1072497879
0
1071770397
2684354560
1071018147
2147483648
1072371322
3758096384
1071842039
1610612736
1071402820
0
1067005944
0
1068966043
0
1070189331
0
1071376469
3221225472
1070749687
2147483648
1070707699
2147483648
1071154871
2147483648
1071996442
2147483648
1071471026
3221225472
1072089166
2684354560
1069862506
2147483648
1072094649
0
1070833230
3221225472
1072597655
536870912
1070666027
2147483648
1070979583
1073741824
1070186892
2147483648
1066479800
0
1072357540
1610612736
1071662762
1610612736
1070897072
3221225472
1072676963
1610612736
1071810394
3758096384
1071986245
0
1067119356
0
1070847248
3221225472
1068632597
0
1072348999
3221225472
1070653291
0
1070954609
3221225472
1072506123
1610612736
1071461100
1073741824
1072693247
2684354560
43
