Uvec
2226355706
1070906897
2147483648
1070849489
0
1067259620
0
1071986382
3758096384
1071655398
3758096384
1071712280
0
1069821447
2147483648
1070769376
3221225472
1067186624
0
1065053216
0
1071628126
2147483648
1069408631
0
1072544587
1073741824
1071788545
2147483648
1070802846
1073741824
1072061158
0
1071614381
3221225472
1072277823
3221225472
1066313712
0
1070467243
0
1069587133
0
1072022940
1610612736
1071754989
2147483648
1071478256
0
1072004063
1073741824
1068561546
0
1070912526
3221225472
1068628725
0
1072647566
0
1070874422
1073741824
1071797797
2684354560
1071162221
0
1072271761
0
1070800882
2147483648
1072506315
3221225472
1071684223
2147483648
1072183337
1610612736
1072518074
2684354560
1072476255
1073741824
1071947833
2147483648
1071625314
1073741824
1071663070
2684354560
1069931514
0
1068890832
0
1072281165
0
1071749804
1610612736
1069115521
0
1071228610
2147483648
1072369255
1073741824
1072439977
1073741824
1071827036
2684354560
1070931951
0
1070961789
3221225472
1070127897
2147483648
1067183032
0
1072596879
1073741824
1071475661
1073741824
1072646548
3758096384
1071729909
1073741824
1072502370
2684354560
1072022831
2147483648
1072071784
0
1072425335
0
1072538595
2684354560
1068522895
0
1072294357
1073741824
1071934252
0
1071629938
0
1067800288
0
1069889133
0
1070166055
0
1072493230
1610612736
1072453922
2147483648
1070904444
2147483648
1072061800
536870912
1063791584
0
1071890846
3758096384
1071142581
1073741824
1070632739
2147483648
1072210291
0
1069819373
0
1070653741
2147483648
1071140611
2147483648
1068616206
0
1072008123
3758096384
1071824785
1073741824
1070696472
0
1070690237
1073741824
1070976865
0
1071101308
3221225472
1072538997
536870912
1071604257
3221225472
1068540776
0
1072213791
1610612736
1072006530
1073741824
1072638895
536870912
1070861061
0
1072035522
1610612736
1071461100
1073741824
1072693247
2684354560
8
