Uvec
2226355706
1071940482
0
1071630966
1073741824
1072191087
1610612736
1067123048
0
1071326888
0
1071679816
2684354560
1070437155
2147483648
1069789356
0
1069610932
2147483648
1065526040
0
1072014687
1610612736
1072290282
3221225472
1068924144
0
1072611594
0
1072235673
2147483648
1072164467
3758096384
1071273962
2147483648
1072047984
1073741824
1067207044
0
1072078900
2147483648
1071808689
1610612736
1071623388
1073741824
1069078561
0
1071283496
0
1071841220
3758096384
1071970259
536870912
1070187618
0
1068425776
0
1071152478
0
1072242079
0
1071954504
1073741824
1071483027
1073741824
1071656722
1610612736
1069747888
0
1071033183
3221225472
1072034228
3758096384
1072043659
1610612736
1071294798
0
1072474415
3758096384
1072348137
1610612736
1065796832
0
1072478717
3221225472
1063455168
0
1072585141
1610612736
1072486618
3221225472
1069194399
0
1070918224
1073741824
1071207223
1073741824
1070718302
2147483648
1070585115
0
1070358502
0
1071927490
1073741824
1072238505
2684354560
1071305243
0
1070188065
2147483648
1071945086
3221225472
1070836940
1073741824
1070635418
2147483648
1070505467
0
1071657093
1073741824
1072274776
2147483648
1072074365
1610612736
1072235805
2684354560
1070632175
2147483648
1069307785
0
1072532170
1073741824
1071466276
3221225472
1071987655
536870912
1072365503
1610612736
1069416094
0
1071052197
0
1072370985
2684354560
1071987492
2684354560
1071671993
3221225472
1072006604
1610612736
1071656353
3221225472
1071760193
1073741824
1069840842
0
1068832761
0
1071563925
3221225472
1064366976
0
1072063810
1073741824
1068709265
0
1069629831
0
1071312110
1073741824
1072426776
1610612736
1069210328
0
1071903550
0
1071154073
2147483648
1072427621
2684354560
1068938203
0
1072190336
536870912
1070693781
2147483648
1071734606
3221225472
1071753750
2147483648
1070795811
3221225472
1069887643
0
1070692219
1073741824
1071461100
1073741824
1072693247
2684354560
84
