Uvec
2226355706
1072299105
1610612736
1071751038
3221225472
1068834365
0
1070422155
0
1071347380
2147483648
1072563750
3221225472
1071038992
3221225472
1072256110
3758096384
1070976428
0
1071633285
3221225472
1071744303
0
1071979819
0
1072475926
2684354560
1072396174
1610612736
1070020458
0
1071680829
3758096384
1071017587
0
1072632203
2147483648
1072538320
3221225472
1072109400
2147483648
1072077133
0
1071995647
3221225472
1070891485
2147483648
1070894850
3221225472
1072361185
3221225472
1069770162
0
1071975214
1073741824
1072576520
2684354560
1071760547
3758096384
1071318424
3221225472
1072209942
1610612736
1072343814
536870912
1072651738
3758096384
1071312905
3221225472
1066571916
0
1072095873
3221225472
1068675230
0
1071175492
0
1072531043
2684354560
1070874550
1073741824
1071683658
2147483648
1071892485
536870912
1071899060
0
1070633537
3221225472
1070927547
1073741824
1072419566
3221225472
1071660051
2147483648
1070054963
2147483648
1072607208
0
1071355219
3221225472
1072198974
2147483648
1069410324
0
1071670346
536870912
1072665992
1073741824
1072580169
536870912
1066724312
0
1071667041
1610612736
1071224193
1073741824
1072532018
1073741824
1072254642
536870912
1072561450
3758096384
1072647261
1073741824
1070069494
0
1069595685
0
1066293976
0
1070836723
1073741824
1072002517
1610612736
1071539842
1073741824
1070926982
2147483648
1072647585
0
1072051489
2147483648
1070887643
3221225472
1068401458
0
1072030183
1610612736
1071305349
1073741824
1072496082
1073741824
1072497907
1073741824
1072120850
3221225472
1067534416
0
1072453486
3758096384
1070040691
2147483648
1071981161
1073741824
1067568582
0
1071472410
2147483648
1070862303
3221225472
1072134468
1610612736
1069947360
0
1072109341
536870912
1072554573
2147483648
1072299905
2147483648
1070492092
2147483648
1068186828
0
1068965573
0
1071413863
2147483648
1072455593
2147483648
1072351945
3221225472
1070934039
1073741824
1072339273
3758096384
1071461100
1073741824
1072693247
2684354560
49
