Uvec
2226355706
1069980178
2147483648
1072336413
2684354560
1070611030
1073741824
1071329087
2147483648
1072477080
536870912
1069004699
0
1071787967
2147483648
1072594486
2147483648
1071681513
3758096384
1070051721
0
1072615709
536870912
1071932810
3758096384
1072676867
1073741824
1069763070
0
1070249896
2147483648
1071575165
3221225472
1069449541
0
1072270654
3221225472
1071205425
3221225472
1070863381
2147483648
1072403370
2147483648
1068305484
0
1070927968
2147483648
1072345721
2684354560
1071809774
1610612736
1072461375
2147483648
1072495424
1610612736
1071641238
0
1068951799
0
1072270883
0
1071120848
3221225472
1070909602
1073741824
1071175479
3221225472
1072411955
3221225472
1068907043
0
1070900615
2147483648
1070745084
3221225472
1069016723
0
1071144411
3221225472
1072161417
3758096384
1071623307
1073741824
1071905212
3758096384
1072443074
1610612736
1071814018
1073741824
1072152820
0
1072333417
536870912
1071717034
0
1072447656
536870912
1072417059
2684354560
1068079246
0
1070949302
3221225472
1072323625
1610612736
1069933076
0
1071115788
3221225472
1072217837
3758096384
1069072225
0
1072632335
1073741824
1071798035
2684354560
1070363159
0
1070139236
2147483648
1069657429
0
1070926193
0
1072072582
2684354560
1070349479
2147483648
1069989997
2147483648
1071246350
3221225472
1072406961
0
1072615317
1610612736
1071738140
0
1071015997
3221225472
1069246792
0
1071748157
2684354560
1070045556
0
1072343964
3221225472
1068483050
0
1072281680
3221225472
1063970240
0
1069641666
0
1072397839
1610612736
1071939064
2684354560
1072404624
536870912
1069538662
0
1071390046
1073741824
1071517096
2147483648
1071269764
2147483648
1072509093
3758096384
1072475790
536870912
1072532402
2147483648
1072289187
2147483648
1071678341
0
1070948370
0
1071704719
2147483648
1071805315
2684354560
1071977034
2147483648
1072441413
2684354560
1067741608
0
1072604830
2684354560
1071812399
3221225472
1071461100
1073741824
1072693247
2684354560
4
