Uvec
2226355706
1072017179
3758096384
1071650256
3221225472
1072234061
1073741824
1071350765
2147483648
1072180655
1610612736
1072099634
3221225472
1071585432
2147483648
1072568012
2684354560
1067331576
0
1068966938
0
1070889406
2147483648
1072333935
1073741824
1068142422
0
1072506754
3221225472
1071663236
536870912
1070180949
2147483648
1072411506
2147483648
1066977744
0
1072161287
1610612736
1071344597
0
1069681734
2147483648
1072252719
3758096384
1069304679
0
1069581135
0
1072482953
3221225472
1072367353
536870912
1068766714
0
1071057178
3221225472
1071968443
2147483648
1070813160
3221225472
1068966529
0
1067712362
0
1071358427
1073741824
1071100199
2147483648
1072234809
2147483648
1071274815
1073741824
1072336007
1610612736
1068940547
0
1072540042
3221225472
1072032299
2147483648
1070893465
3221225472
1071159233
1073741824
1072181718
2147483648
1071136608
3221225472
1072211000
536870912
1071466868
2147483648
1071878875
1073741824
1070899053
0
1071968245
2147483648
1071151547
1073741824
1072397882
2147483648
1070948609
2147483648
1072504647
536870912
1072615263
2147483648
1072245528
536870912
1072113624
3221225472
1071418180
2147483648
1070892599
2147483648
1070751867
3221225472
1072491626
2147483648
1069692626
2147483648
1069766533
0
1070467165
0
1069749383
2147483648
1072311284
3221225472
1071979712
2684354560
1068806654
0
1072555903
2147483648
1072077460
3221225472
1071579098
1073741824
1070834136
3221225472
1072249255
0
1071283813
0
1069429955
0
1070617341
2147483648
1072366352
3758096384
1072194619
1073741824
1068274834
0
1071119312
1073741824
1071496510
1073741824
1071960655
2147483648
1072628346
3758096384
1070889362
0
1071618857
2147483648
1070774221
1073741824
1072048159
0
1071612848
2147483648
1070687772
1073741824
1072648213
536870912
1071390212
3221225472
1066093384
0
1069045585
0
1071728855
2147483648
1072271432
2684354560
1072050038
1610612736
1069905787
2147483648
1068869688
0
1071421697
2147483648
1071461100
1073741824
1072693247
2684354560
73
