Uvec
2226355706
1069499524
0
1070614053
1073741824
1071828254
3221225472
1072570365
536870912
1070640235
0
1071793076
2684354560
1069589373
2147483648
1071772621
2684354560
1070666964
0
1072643223
3221225472
1072692320
3758096384
1071975742
3758096384
1071940100
1073741824
1072382347
3758096384
1069425208
0
1069088117
0
1071969636
3758096384
1071917942
1073741824
1071678924
0
1071040187
2147483648
1071748846
0
1071107204
0
1072544493
3221225472
1071025804
1073741824
1072618457
3758096384
1071512953
1073741824
1071389692
1073741824
1068171712
0
1065186512
0
1070825786
2147483648
1071941577
1073741824
1071725590
2147483648
1064229888
0
1072031285
3758096384
1064361776
0
1071742190
3758096384
1072614081
3758096384
1071980368
536870912
1065620136
0
1071458230
0
1070856922
3221225472
1071069468
3221225472
1071893027
1610612736
1072234339
2684354560
1063709728
0
1064820272
0
1071920420
536870912
1072043634
1073741824
1066743336
0
1069397267
0
1071356482
0
1071874367
2147483648
1072638845
1073741824
1070093563
2147483648
1069655718
0
1071929304
1073741824
1072602493
3221225472
1070418124
0
1066793124
0
1071470033
2147483648
1072196269
2684354560
1067971690
0
1071781107
536870912
1071485829
0
1071583030
3221225472
1071117735
0
1071796285
2684354560
1065492056
0
1071696432
3221225472
1072053119
3221225472
1072345274
2147483648
1071708896
1073741824
1071804780
3758096384
1070682573
0
1070854826
2147483648
1072462359
536870912
1071745847
2684354560
1072052497
536870912
1071753412
2147483648
1071867531
1073741824
1071460167
0
1071774174
0
1071169876
2147483648
1071784915
2684354560
1070008549
0
1069526560
0
1072175175
2684354560
1071075853
2147483648
1071270245
1073741824
1071292863
0
1069130884
0
1071756028
536870912
1067519412
0
1070278266
2147483648
1071984120
3221225472
1067664048
0
1068970593
0
1071885118
536870912
1071461100
1073741824
1072693247
2684354560
23
