Uvec
2226355706
1069794881
0
1071471907
3221225472
1072324068
0
1067961992
0
1071960061
2684354560
1070244841
2147483648
1071966891
0
1070621535
3221225472
1072428869
0
1072224806
536870912
1069905722
0
1068728107
0
1071465628
2147483648
1070905812
0
1071879105
1073741824
1070770191
3221225472
1072575258
1610612736
1071696340
536870912
1070664003
1073741824
1071953501
536870912
1072160364
1073741824
1071413729
3221225472
1070413482
2147483648
1071919531
0
1071307420
0
1071128878
3221225472
1071842233
1610612736
1072475763
3758096384
1072151038
3758096384
1064746400
0
1072659051
536870912
1071128037
0
1072081078
2147483648
1072308151
1610612736
1072392946
3221225472
1071783661
3221225472
1069600157
2147483648
1072573563
1073741824
1071555160
0
1071180174
1073741824
1070403003
2147483648
1072540664
3221225472
1072564843
1073741824
1071428392
2147483648
1072386091
2684354560
1071124132
0
1072342258
1610612736
1069690400
0
1071217584
3221225472
1072463077
0
1069311437
0
1068879613
0
1071095313
1073741824
1072123864
0
1070720918
0
1066338616
0
1070843358
2147483648
1070387260
2147483648
1068594150
0
1072382619
3758096384
1070612020
3221225472
1068995403
0
1071241433
0
1071658449
536870912
1070549016
2147483648
1071816348
3221225472
1070028348
2147483648
1072159781
1073741824
1072432311
3758096384
1071173887
1073741824
1072096261
0
1072675167
0
1070189845
2147483648
1072506775
0
1072454874
0
1070418189
2147483648
1070825923
0
1066912088
0
1071326378
3221225472
1071127719
1073741824
1070838125
0
1072367086
3758096384
1071523644
0
1071943428
3758096384
1071555152
2147483648
1071782290
2147483648
1070844460
3221225472
1070785266
2147483648
1070121358
0
1072199550
2147483648
1072522983
536870912
1070714439
1073741824
1067603162
0
1069799542
2147483648
1072072813
0
1072061975
2684354560
1070387679
0
1068799122
0
1071461100
1073741824
1072693247
2684354560
43
