Uvec
2226355706
1072578986
1610612736
1072330662
0
1067850742
0
1071267697
1073741824
1072257028
536870912
1070240944
2147483648
1071636360
3221225472
1071377457
3221225472
1071912592
3221225472
1071637267
0
1066750788
0
1070979093
2147483648
1072685421
2147483648
1071666793
3221225472
1071187413
3221225472
1069026509
0
1072459266
1610612736
1070794929
0
1072354828
3758096384
1071565686
3221225472
1070711096
0
1072107384
1610612736
1069798891
2147483648
1072687723
2684354560
1069678031
0
1068669503
0
1069321197
0
1072567910
2147483648
1071533636
3221225472
1070221618
2147483648
1071153617
0
1072377995
2684354560
1071772537
2147483648
1072496096
3221225472
1070107237
0
1069791279
2147483648
1071798127
1073741824
1070837186
0
1072207984
1610612736
1070823993
1073741824
1071031678
3221225472
1072655089
3758096384
1069558893
0
1063249088
0
1071873665
536870912
1072484376
3221225472
1071418615
1073741824
1068962617
0
1070994385
0
1067512988
0
1070968186
3221225472
1072627536
2147483648
1069706062
0
1072379690
536870912
1071850112
536870912
1071781740
3221225472
1071654348
3758096384
1070624773
3221225472
1072289744
1073741824
1072419877
3221225472
1071155176
2147483648
1068167532
0
1069972584
2147483648
1072054266
1610612736
1069165515
0
1072432505
536870912
1072613302
2147483648
1071218127
3221225472
1069120504
0
1072121574
536870912
1066820364
0
1069665872
2147483648
1068132552
0
1072681438
1073741824
1071119827
1073741824
1067110516
0
1070831586
0
1072079180
2147483648
1072209194
3221225472
1072341573
0
1071299592
1073741824
1069791695
2147483648
1069824921
0
1070746128
2147483648
1072343371
1610612736
1072559829
2684354560
1070661562
0
1069764387
2147483648
1068538915
0
1067740586
0
1068095872
0
1072510338
3221225472
1066703404
0
1071030227
1073741824
1072138354
2684354560
1072036164
0
1069465233
0
1072008349
3758096384
1071461100
1073741824
1072693247
2684354560
8
