Uvec
2226355706
1071943738
3758096384
1072404894
2684354560
1071311805
0
1069007302
0
1070649669
0
1070396330
0
1069476540
0
1070237715
2147483648
1072253899
1073741824
1071848569
3221225472
1071060921
2147483648
1072546529
1610612736
1072335366
0
1072492167
536870912
1072653029
3221225472
1071991470
536870912
1071657076
3758096384
1070633196
1073741824
1072386008
2147483648
1071593777
0
1072689604
3221225472
1071688328
0
1072418638
1073741824
1071611008
2147483648
1071218135
0
1068182678
0
1071676577
3758096384
1072010373
2684354560
1072654924
1073741824
1071102228
1073741824
1072625802
0
1070892055
0
1069405826
0
1072211386
0
1071841176
2684354560
1071814754
2147483648
1071436831
3221225472
1066971032
0
1072469204
2684354560
1072021765
2684354560
1072020201
3758096384
1070151333
0
1071718713
3758096384
1070702849
1073741824
1068995448
0
1072172975
2147483648
1070751800
2147483648
1072497228
1073741824
1072225298
2147483648
1072063184
1073741824
1067725056
0
1070171542
2147483648
1071799359
0
1070851932
1073741824
1072640518
0
1072402202
0
1072689855
1610612736
1070870299
1073741824
1071025483
1073741824
1072201666
2684354560
1070684307
3221225472
1072656243
536870912
1072028306
0
1072535414
0
1069545762
0
1071265692
2147483648
1072342923
2147483648
1072348973
3758096384
1072172814
2684354560
1070415525
2147483648
1072107657
1610612736
1069598238
0
1072151859
536870912
1071337653
2147483648
1070502356
0
1071420914
3221225472
1072183613
3758096384
1071666710
536870912
1071123297
2147483648
1068884447
0
1072003753
2147483648
1072622989
2684354560
1071221263
2147483648
1071064319
3221225472
1070894455
2147483648
1072365083
3758096384
1069245181
0
1070786475
1073741824
1072073560
536870912
1070079265
0
1072541053
3758096384
1071868850
2684354560
1070440460
2147483648
1071048412
3221225472
1072673494
3758096384
1071114638
0
1071583351
0
1072565120
2147483648
1071461100
1073741824
1072693247
2684354560
82
