Uvec
2226355706
1070750217
1073741824
1072536948
2684354560
1069736209
2147483648
1069722405
2147483648
1070823283
1073741824
1072610847
2684354560
1067870422
0
1070231617
0
1071095113
3221225472
1071837686
1610612736
1072319842
3221225472
1072664930
536870912
1072646233
536870912
1071840371
3758096384
1067873004
0
1072364410
3758096384
1071538705
1073741824
1067687706
0
1071396421
1073741824
1071151331
1073741824
1070435870
0
1072500500
2684354560
1071933307
1073741824
1070104411
2147483648
1070640902
2147483648
1071438714
1073741824
1072131100
536870912
1071649462
2684354560
1072492508
3758096384
1069430997
0
1071944722
3758096384
1071709741
3758096384
1072146069
0
1072073174
0
1070721993
2147483648
1070030107
2147483648
1072691850
0
1071933813
2684354560
1071886176
536870912
1068252192
0
1071979853
2147483648
1071836216
536870912
1071307193
1073741824
1072549724
1073741824
1062889984
0
1072225445
3758096384
1070725906
3221225472
1067839570
0
1068003520
0
1069762746
2147483648
1071745521
2147483648
1070814926
0
1072507390
3758096384
1070083412
0
1071072260
3221225472
1070095687
0
1071335277
2147483648
1070718031
1073741824
1072447699
2684354560
1071703898
1073741824
1066915424
0
1071837932
3758096384
1070634448
0
1068902687
0
1071951669
0
1069482034
0
1070959663
1073741824
1071759661
3758096384
1070326052
0
1070538511
2147483648
1069718321
2147483648
1071851374
2684354560
1072386888
0
1071744628
0
1071489848
1073741824
1070299534
2147483648
1072165292
3758096384
1070806505
0
1070993709
2147483648
1071186016
3221225472
1068762348
0
1071485874
1073741824
1071984007
536870912
1071250739
1073741824
1072149485
536870912
1070935639
0
1071576997
3221225472
1072256887
0
1071833156
3221225472
1072230192
2684354560
1070795382
2147483648
1067537552
0
1071777983
536870912
1069836441
0
1069366189
0
1072500204
2684354560
1071598924
1073741824
1072179930
0
1071461100
1073741824
1072693247
2684354560
59
