Uvec
2226355706
1071808396
0
1069157810
0
1071139528
1073741824
1069142227
0
1070619773
0
1071956059
536870912
1072569916
2684354560
1069027696
0
1072330414
2147483648
1069707945
0
1070228264
0
1071882405
2147483648
1072195528
2684354560
1071961058
536870912
1071177595
0
1071529175
3221225472
1071615136
0
1071177573
2147483648
1068017550
0
1072422384
1073741824
1072539121
0
1072098135
1610612736
1072382172
1073741824
1072388529
3758096384
1072485725
1073741824
1069322895
0
1071532546
3221225472
1070680026
3221225472
1070837171
0
1072647064
3221225472
1072115890
1610612736
1071109599
3221225472
1072538263
2147483648
1068368156
0
1070227981
2147483648
1071152079
1073741824
1071400584
3221225472
1071838241
3221225472
1070891853
0
1070965364
0
1070679621
1073741824
1072352618
2147483648
1071188211
1073741824
1071371172
0
1071470652
2147483648
1069982644
2147483648
1069072188
0
1070469892
2147483648
1072400410
0
1068732608
0
1071244078
1073741824
1071915662
0
1071229724
0
1069625725
0
1072165244
2684354560
1072466681
3221225472
1071306216
3221225472
1068193200
0
1071739225
2684354560
1072252575
2147483648
1070645118
2147483648
1072600751
0
1071743429
536870912
1071938379
2147483648
1072030858
0
1071945195
2684354560
1072291214
1610612736
1070501297
0
1069568284
2147483648
1070970500
0
1072173708
1073741824
1072535216
3758096384
1069811254
0
1071606705
3221225472
1071109498
1073741824
1071100282
1073741824
1071718221
1073741824
1071987663
3758096384
1071293027
1073741824
1067228024
0
1070823082
1073741824
1072050078
2684354560
1063721312
0
1070782996
2147483648
1072368011
536870912
1072682210
2147483648
1070355926
2147483648
1071039624
3221225472
1072439756
0
1066486700
0
1070693966
2147483648
1072150173
0
1072147470
2147483648
1069098288
0
1070868910
0
1067751356
0
1071448562
0
1071899238
1610612736
1071461100
1073741824
1072693247
2684354560
53
