Uvec
2226355706
1072235990
2147483648
1072066040
536870912
1071900878
1610612736
1072388980
3758096384
1072452244
536870912
1072567746
536870912
1071279678
1073741824
1071694902
3221225472
1071715492
2684354560
1071074228
2147483648
1071725868
536870912
1070874783
2147483648
1071163852
2147483648
1071778519
3758096384
1069711383
2147483648
1068603662
0
1069864949
2147483648
1066737836
0
1070925460
1073741824
1068256066
0
1066591456
0
1071681614
3758096384
1069874015
2147483648
1067671220
0
1071586203
1073741824
1071783996
2684354560
1069471613
0
1071261041
1073741824
1072664847
3221225472
1069034622
0
1071121398
2147483648
1071152455
3221225472
1072594449
0
1072056016
1610612736
1071851409
1610612736
1068677342
0
1072088518
0
1068710066
0
1071077953
1073741824
1071302716
3221225472
1071248828
1073741824
1069962072
0
1070408818
2147483648
1069808147
2147483648
1072358450
3758096384
1070202850
2147483648
1068497796
0
1071237722
0
1072014991
1073741824
1071349278
2147483648
1070975908
2147483648
1070006061
2147483648
1070651082
3221225472
1071664979
2147483648
1070690615
2147483648
1071449363
1073741824
1070099897
0
1072590730
2684354560
1070839886
1073741824
1072180815
3221225472
1071100141
3221225472
1069561880
2147483648
1054769152
0
1071422465
3221225472
1072152529
2147483648
1072224888
1610612736
1070984990
0
1072357590
0
1072262790
2147483648
1072018374
0
1072013900
536870912
1069993092
0
1072535738
3221225472
1070841744
1073741824
1071767804
1073741824
1063408672
0
1071744810
3758096384
1072020918
2684354560
1071790105
3758096384
1072025007
3221225472
1070927061
3221225472
1071785694
1610612736
1070605633
1073741824
1068986016
0
1072455062
536870912
1072547834
536870912
1071605789
1073741824
1071364153
0
1070773178
1073741824
1071315909
0
1072585238
3758096384
1072491142
1610612736
1067555334
0
1069386560
0
1072597193
0
1072338837
1073741824
1070958044
1073741824
1071801400
2684354560
1071461100
1073741824
1072693247
2684354560
26
