Uvec
2226355706
1068729761
0
1072537695
2684354560
1072370270
2147483648
1071579800
3221225472
1071287459
2147483648
1071754176
3221225472
1069702898
0
1071693470
2684354560
1071575670
2147483648
1072202389
2684354560
1071480484
3221225472
1071828953
2147483648
1072159158
0
1072181584
1073741824
1072430182
1610612736
1072235246
0
1072667232
2684354560
1071543114
2147483648
1070796158
0
1070842067
1073741824
1071720646
0
1069886790
2147483648
1069914651
2147483648
1071385636
1073741824
1071843748
2684354560
1070467458
2147483648
1072466840
3758096384
1072639680
3758096384
1072075188
2147483648
1071917896
2684354560
1070643992
0
1071238232
0
1070085400
0
1070880440
0
1071757367
0
1072170302
2147483648
1071936117
1610612736
1071845437
3221225472
1072363349
2147483648
1070639521
1073741824
1072586030
2684354560
1071989970
1610612736
1071115293
2147483648
1071679546
1610612736
1072039267
2684354560
1071989955
3758096384
1072228379
536870912
1071906750
1610612736
1068869689
0
1068709877
0
1071893437
2684354560
1072500596
2684354560
1071114034
2147483648
1067826766
0
1072076153
536870912
1071866328
1610612736
1069987222
0
1071891762
0
1072618235
1610612736
1071518622
0
1069748257
0
1071840809
2147483648
1071595528
0
1072445483
3221225472
1072647150
3221225472
1072541910
1073741824
1072432644
1073741824
1072422912
536870912
1071698552
0
1071031591
3221225472
1064579200
0
1072171001
1610612736
1070819505
1073741824
1070976324
0
1072410645
0
1068528098
0
1066753292
0
1070448297
2147483648
1070668504
3221225472
1071843448
2147483648
1072422333
0
1071179753
2147483648
1071611942
3221225472
1070714726
0
1072032227
1073741824
1071433509
3221225472
1067210520
0
1068943113
0
1071681678
536870912
1071717001
0
1071924254
3221225472
1068001060
0
1071895158
2684354560
1071989582
1073741824
1071947861
536870912
1070424250
2147483648
1067740096
0
1069265731
0
1071461100
1073741824
1072693247
2684354560
23
