Uvec
2226355706
1070624510
1073741824
1070766248
0
1072121634
1610612736
1071874319
2147483648
1071830604
1073741824
1071663087
1610612736
1071747835
1610612736
1070261690
2147483648
1067379412
0
1072420487
0
1070941465
3221225472
1072025024
1073741824
1072364423
0
1071126790
3221225472
1071889915
3758096384
1072357124
536870912
1072264653
2147483648
1070830684
0
1071723135
2147483648
1072282163
1073741824
1071194776
2147483648
1071834571
3221225472
1070013015
0
1072111860
1073741824
1071301180
3221225472
1072156458
1610612736
1071639923
3221225472
1072555672
2684354560
1069761020
2147483648
1071632600
3221225472
1071947767
2147483648
1069369357
0
1071661487
2684354560
1072664522
3221225472
1071561569
2147483648
1072387963
536870912
1071846149
2684354560
1071978221
0
1070419752
2147483648
1071531995
2147483648
1068412892
0
1071720062
1073741824
1072275981
1073741824
1071839714
3758096384
1072670123
2684354560
1072565978
2147483648
1072314360
2684354560
1072210170
3758096384
1069272308
0
1069929619
2147483648
1072111935
1073741824
1068821284
0
1070081007
2147483648
1071163367
1073741824
1069599285
2147483648
1066708112
0
1071651399
1073741824
1072597317
1073741824
1072581706
536870912
1071674176
1610612736
1071853914
3758096384
1069199402
0
1069639150
0
1072244122
0
1071777467
3221225472
1071774592
0
1071559041
1073741824
1072649471
2684354560
1071694086
1610612736
1072341538
3758096384
1071708508
536870912
1071418199
1073741824
1072590755
1073741824
1072657202
2147483648
1071570566
3221225472
1072620474
1610612736
1070310738
2147483648
1070613241
0
1068737038
0
1072069709
2684354560
1069022919
0
1072619865
1073741824
1071996507
3221225472
1071865697
3221225472
1069872562
2147483648
1071236202
2147483648
1071583141
0
1069805317
2147483648
1072512055
3221225472
1072306992
3758096384
1071785572
3221225472
1072146422
1610612736
1069292729
0
1071056953
2147483648
1072677058
3221225472
1070450784
0
1071868866
0
1072320497
0
1071461100
1073741824
1072693247
2684354560
96
