Uvec
2226355706
1069800124
2147483648
1071987649
1073741824
1072236262
3221225472
1071227433
1073741824
1072151518
0
1071446766
1073741824
1072208466
3758096384
1071949035
3758096384
1072384871
536870912
1072274236
2684354560
1071985045
536870912
1071310795
0
1072414274
1073741824
1072423694
3758096384
1071506995
2147483648
1072223351
1073741824
1072340014
3758096384
1071861079
1610612736
1072354501
3758096384
1072069618
2684354560
1066296224
0
1071281839
0
1070952341
2147483648
1068755460
0
1070482763
0
1070874296
1073741824
1071648590
0
1072205328
0
1072063636
1073741824
1069732666
0
1071750540
536870912
1071181287
0
1072381737
3758096384
1072522604
3758096384
1070747336
2147483648
1070775296
1073741824
1064155136
0
1070270126
0
1072421780
3221225472
1072571317
0
1072256771
3221225472
1072088552
3221225472
1071872574
536870912
1072339857
3221225472
1072368815
1610612736
1070928679
1073741824
1072104904
3221225472
1070202776
2147483648
1071010127
2147483648
1069378693
0
1072422156
3758096384
1070675393
1073741824
1071778850
3758096384
1070649378
3221225472
1069786287
0
1070786483
1073741824
1071942203
536870912
1071923203
1073741824
1072483493
3758096384
1072578840
1610612736
1071874684
3758096384
1069980592
2147483648
1068673265
0
1071146626
1073741824
1071797835
3221225472
1066976972
0
1072569838
3758096384
1071487775
2147483648
1067675816
0
1065621488
0
1071923235
1610612736
1071710191
3221225472
1071299585
1073741824
1071681047
0
1072364621
536870912
1072170958
0
1071926417
2147483648
1071816249
1610612736
1070082233
2147483648
1069833433
0
1072039300
3758096384
1071028022
1073741824
1063259200
0
1071675324
2684354560
1071360104
3221225472
1071687729
3221225472
1065542376
0
1069710501
0
1070831274
0
1069176790
0
1068073282
0
1070713753
1073741824
1069977210
0
1070903680
1073741824
1070803933
2147483648
1071131624
1073741824
1072075082
1610612736
1069623719
2147483648
1071461100
1073741824
1072693247
2684354560
59
