Uvec
2226355706
1070586335
0
1071636586
0
1071669044
1073741824
1070245891
2147483648
1065064224
0
1070829576
3221225472
1071705157
2147483648
1072079278
2147483648
1072089948
1610612736
1071035801
3221225472
1071183710
2147483648
1071908379
2147483648
1071861530
1073741824
1072285891
0
1068585794
0
1070661940
0
1071738841
0
1072659457
1073741824
1072410841
536870912
1071420451
3221225472
1072141582
2684354560
1072103265
0
1070411060
0
1072381754
536870912
1071790121
3221225472
1067765116
0
1071809509
3221225472
1071083864
1073741824
1071068565
1073741824
1070967612
0
1068920134
0
1072322198
2684354560
1071545432
2147483648
1071860063
0
1068868288
0
1068949709
0
1072289352
2684354560
1066961612
0
1070894209
3221225472
1071590053
2147483648
1072272772
3758096384
1071035686
0
1071496677
2147483648
1069871943
2147483648
1070465017
2147483648
1060017664
0
1071792738
3758096384
1072591531
0
1069053241
0
1068620292
0
1066962080
0
1071343350
3221225472
1071963716
2147483648
1071848206
536870912
1064435536
0
1072619648
1610612736
1070689166
3221225472
1072529118
3221225472
1070807434
2147483648
1069978157
2147483648
1069376834
0
1071625969
0
1072129886
1610612736
1072582494
1073741824
1072384738
2684354560
1069638098
0
1069499373
0
1072003283
1610612736
1070786870
2147483648
1070186323
0
1069364653
0
1070316221
2147483648
1071475951
3221225472
1071982547
0
1069934840
0
1071977004
1610612736
1070974374
1073741824
1071785158
3758096384
1069586663
0
1072484319
1073741824
1071687740
0
1070028223
2147483648
1072159709
3221225472
1071714888
0
1065671464
0
1072194128
2147483648
1069737983
2147483648
1070868286
1073741824
1071119276
1073741824
1072357795
3221225472
1070427262
2147483648
1071507883
1073741824
1067098376
0
1071716892
0
1071793808
0
1071386789
2147483648
1069048313
0
1071938397
0
1071461100
1073741824
1072693247
2684354560
15
