Uvec
2226355706
1072395808
0
1067070572
0
1071909669
1073741824
1066071040
0
1071913028
1073741824
1072459336
1073741824
1070660214
0
1067471098
0
1072464915
0
1071524992
2147483648
1071904430
1610612736
1071780178
2684354560
1071994718
2147483648
1072282658
3758096384
1071942351
0
1069899694
2147483648
1072332957
1073741824
1072517377
2684354560
1072588943
1610612736
1072216605
1610612736
1072243729
3758096384
1072651796
3758096384
1068273996
0
1071520776
2147483648
1072268326
3758096384
1069873660
2147483648
1072082338
2684354560
1072269156
3758096384
1071277777
3221225472
1064603600
0
1071524414
2147483648
1071912077
1073741824
1071922762
0
1067875264
0
1070406375
0
1070913227
0
1071948254
1610612736
1072423192
3221225472
1070631098
0
1071137585
3221225472
1072515406
2684354560
1072035724
3758096384
1069219159
0
1068840715
0
1069941911
2147483648
1070684368
1073741824
1072101731
536870912
1071300856
1073741824
1072233463
0
1072250784
2684354560
1072090837
536870912
1072617507
2147483648
1071206852
0
1072069906
2147483648
1071896597
3758096384
1071900806
3221225472
1072196810
0
1072199933
0
1072384039
536870912
1070525407
0
1069720622
2147483648
1069821016
0
1072089013
3221225472
1071776244
3221225472
1071879182
3758096384
1070200410
0
1072525418
536870912
1072393440
0
1070711949
0
1069143236
0
1072383591
3221225472
1072489774
3758096384
1067836762
0
1070109936
0
1072634503
2684354560
1070438964
0
1072209573
0
1071000457
1073741824
1071311066
1073741824
1069807455
0
1072001119
1610612736
1071780842
2147483648
1070890245
0
1071153109
2147483648
1070808534
0
1070049837
0
1070885736
0
1070242991
0
1070977934
0
1072088436
1073741824
1071363295
3221225472
1072068408
536870912
1069942347
0
1071773384
2684354560
1070673005
3221225472
1071904558
2684354560
1071667687
2147483648
1069700951
2147483648
1071461100
1073741824
1072693247
2684354560
40
