Uvec
2226355706
1072262627
3758096384
1069241115
0
1072242678
0
1071696929
1073741824
1069045026
0
1070452787
0
1072151400
3221225472
1067356576
0
1071944290
536870912
1068667600
0
1069072651
0
1072173932
1073741824
1071198787
1073741824
1072078438
536870912
1071230635
0
1071868071
536870912
1072217277
3758096384
1072373841
1073741824
1071937590
1610612736
1071627846
1073741824
1071269758
2147483648
1070934728
2147483648
1072028850
3758096384
1069982759
2147483648
1072403509
0
1071032496
0
1071284814
2147483648
1071692028
3221225472
1071959190
0
1071353243
0
1072379308
536870912
1071198251
3221225472
1066544168
0
1072325228
0
1072295105
0
1072524224
1610612736
1071020589
3221225472
1070220337
0
1071253691
2147483648
1072495853
1073741824
1069501354
0
1072126127
0
1070615816
3221225472
1071781317
1610612736
1070353234
2147483648
1072028235
1610612736
1071764989
0
1071709679
536870912
1072285012
1610612736
1071789260
2684354560
1068327976
0
1071521558
2147483648
1071310648
2147483648
1072276140
536870912
1070869772
0
1072488834
1610612736
1072111593
0
1072222257
3758096384
1071585055
2147483648
1067090648
0
1072384434
1610612736
1071966110
3221225472
1072491049
3221225472
1072376007
536870912
1070647731
2147483648
1072496192
2147483648
1071677565
3758096384
1072689926
2684354560
1072114140
1610612736
1071834910
1610612736
1067741010
0
1066450704
0
1072128126
2684354560
1072443129
3221225472
1071919608
1073741824
1072219040
2147483648
1069269640
0
1069434325
0
1069604794
2147483648
1072363513
2147483648
1070964171
2147483648
1071448764
1073741824
1072119488
536870912
1072576010
3758096384
1071693303
536870912
1072667671
3221225472
1070525144
2147483648
1068058130
0
1067052204
0
1072569397
0
1071600477
3221225472
1066629172
0
1069053943
0
1070090487
0
1066133880
0
1071673056
1073741824
1072440126
1073741824
1072635954
1610612736
1071461100
1073741824
1072693247
2684354560
38
