Uvec
2226355706
1071908578
2684354560
1070805126
3221225472
1071670658
3758096384
1072029941
2684354560
1071184696
0
1069106295
0
1072103992
3221225472
1072550720
1610612736
1070301890
2147483648
1070934953
0
1071645532
2684354560
1072390590
1610612736
1069800019
2147483648
1070587799
0
1070164666
2147483648
1070872108
0
1072448970
536870912
1066645964
0
1072629552
3758096384
1070045120
2147483648
1067070788
0
1071648015
3221225472
1072661776
1610612736
1069489107
0
1070682689
1073741824
1071898635
3221225472
1072541887
1610612736
1071726276
2147483648
1070574814
2147483648
1069273449
0
1071660904
1610612736
1067567828
0
1069835718
2147483648
1072475305
3758096384
1069029003
0
1071041527
3221225472
1072609650
1073741824
1071674219
536870912
1068608051
0
1072189889
3221225472
1072371393
1610612736
1072028471
3758096384
1070548089
2147483648
1070679614
1073741824
1072533448
536870912
1072356631
2684354560
1072199111
2147483648
1069921021
2147483648
1072106559
2147483648
1072463264
0
1071934663
1610612736
1071797195
1073741824
1071187635
1073741824
1069992638
2147483648
1068554652
0
1069166071
0
1071466223
0
1070121878
2147483648
1072613710
3221225472
1071769007
3221225472
1072611919
3221225472
1068881705
0
1070355630
2147483648
1071020486
1073741824
1072053581
3221225472
1071796479
1073741824
1072502337
1073741824
1071827458
1073741824
1070408275
2147483648
1071953035
1073741824
1071957563
3758096384
1072436038
3758096384
1071406093
3221225472
1071102194
1073741824
1069855064
2147483648
1072052987
0
1068059096
0
1067776966
0
1072627483
1073741824
1066837352
0
1065980936
0
1071734272
2147483648
1070397105
0
1071551377
2147483648
1072405368
1073741824
1071599823
3221225472
1070315540
2147483648
1071202368
0
1071544914
0
1072348393
536870912
1071315850
2147483648
1070922455
1073741824
1070936754
0
1067199736
0
1071239786
1073741824
1072103166
1073741824
1071448721
2147483648
1072194845
536870912
1071461100
1073741824
1072693247
2684354560
28
