Uvec
2226355706
1068096364
0
1070470537
2147483648
1072357492
1610612736
1072051965
2147483648
1072225651
0
1072639469
1610612736
1068888060
0
1068605499
0
1070660193
0
1069786208
0
1071728775
536870912
1071526191
3221225472
1072547238
1073741824
1070270571
0
1072063602
0
1072553042
3221225472
1068253898
0
1071746816
2147483648
1072435930
536870912
1071825238
2684354560
1071228041
0
1070232858
2147483648
1071854018
3221225472
1071610339
1073741824
1069602758
0
1063578656
0
1072321188
2684354560
1070835335
1073741824
1071045170
2147483648
1070640313
0
1071496294
0
1071027068
1073741824
1071536398
2147483648
1068162556
0
1071457484
0
1072316766
3221225472
1070725090
2147483648
1071483374
3221225472
1071796989
2147483648
1071911470
0
1071797945
2684354560
1071869939
3758096384
1070856137
0
1071879524
1610612736
1071637152
1073741824
1071335190
0
1071541341
1073741824
1072502561
1610612736
1069873832
0
1071696995
536870912
1071781422
1610612736
1072378494
1610612736
1072270134
0
1071858385
2147483648
1071956104
1073741824
1070656159
0
1071774767
1610612736
1072090440
536870912
1070279601
2147483648
1072584450
536870912
1072134577
1073741824
1072139779
3758096384
1070910062
0
1072653420
2147483648
1072333973
3221225472
1071498420
3221225472
1072405287
1073741824
1067940252
0
1072252757
3758096384
1072149501
2684354560
1069248870
0
1068083008
0
1071669454
1610612736
1071819170
2684354560
1063764512
0
1071974351
1073741824
1070556679
0
1072517234
536870912
1071320034
0
1071030499
3221225472
1069308898
0
1070054095
0
1069644045
0
1072521770
1610612736
1069825098
2147483648
1071401501
0
1072034579
2147483648
1071098651
0
1069317082
0
1071847643
0
1071023752
3221225472
1072331086
536870912
1072071745
1073741824
1071984797
2684354560
1072309093
1610612736
1072040160
2684354560
1072427562
536870912
1071595127
1073741824
1071461100
1073741824
1072693247
2684354560
68
