Uvec
2226355706
1072455365
0
1071926283
0
1070356996
2147483648
1072548796
3221225472
1070782256
0
1071945594
0
1072377273
2147483648
1071500499
3221225472
1070904442
2147483648
1072423266
2684354560
1063740256
0
1069109804
0
1071306953
1073741824
1072244142
536870912
1070696198
1073741824
1072227386
2684354560
1069689834
2147483648
1071522227
0
1072393561
3221225472
1070914970
2147483648
1069649469
0
1072556992
0
1072389216
2684354560
1069607511
0
1071878004
0
1072272908
0
1071458358
2147483648
1072333647
1610612736
1072220665
536870912
1071763200
0
1072205256
0
1072261369
3758096384
1071743201
3758096384
1072642890
0
1071269173
0
1071353108
1073741824
1071215758
2147483648
1070184781
0
1071387365
2147483648
1072079016
0
1071072506
0
1063426304
0
1072499108
0
1070002949
0
1071840613
3758096384
1072356209
1610612736
1071111103
0
1070101661
2147483648
1069725213
2147483648
1066772112
0
1070838397
0
1070954650
1073741824
1071782928
2147483648
1072411474
3758096384
1071751360
0
1072134457
1610612736
1069716082
2147483648
1072072128
3221225472
1072012384
1073741824
1071382894
2147483648
1068360364
0
1071175766
1073741824
1072281249
0
1071519088
3221225472
1072573173
2684354560
1072012936
536870912
1069647138
0
1071428695
0
1072098808
536870912
1072094832
1610612736
1070547287
0
1072325160
2147483648
1070832846
1073741824
1072382205
2684354560
1071784571
3758096384
1072298649
2684354560
1068789534
0
1072360436
2684354560
1071691414
0
1069974507
0
1072188608
3221225472
1072037256
1610612736
1070854311
3221225472
1072386446
1073741824
1072428155
3758096384
1072107757
1073741824
1071671314
3758096384
1071717413
536870912
1072278907
1073741824
1068917910
0
1072143521
1073741824
1071822680
1610612736
1072228953
0
1072502695
2684354560
1071067307
3221225472
1071370504
2147483648
1068881434
0
1071872983
1073741824
1071461100
1073741824
1072693247
2684354560
79
