Uvec
2226355706
1072309339
2147483648
1072566195
0
1072025558
2147483648
1070139248
0
1072676880
536870912
1066016592
0
1070575926
2147483648
1069607623
2147483648
1070434120
0
1069664135
2147483648
1072624601
2684354560
1071245819
3221225472
1072690945
536870912
1072213203
0
1071803679
2684354560
1071581189
1073741824
1072223577
3758096384
1071012047
2147483648
1072065161
536870912
1072371578
3758096384
1070404309
2147483648
1068679808
0
1071920543
0
1071866114
1073741824
1071737922
2147483648
1071989072
0
1071859118
3221225472
1066260968
0
1072099763
2147483648
1068489982
0
1071387641
1073741824
1072501914
1073741824
1071175132
3221225472
1071979883
2684354560
1071760114
1610612736
1072004541
1073741824
1071784253
2684354560
1072366909
0
1071035513
0
1072473260
2147483648
1071847557
3758096384
1071624374
0
1069612930
0
1070805739
2147483648
1070624178
2147483648
1072276717
2684354560
1071959499
0
1070900744
2147483648
1071610476
2147483648
1072213957
536870912
1071991326
3221225472
1069545653
0
1071748904
3221225472
1068551600
0
1071974490
3221225472
1071134165
3221225472
1069362007
0
1070994319
0
1071681987
3221225472
1071566696
3221225472
1072107110
0
1070829829
0
1072010697
2147483648
1071154954
0
1071471711
3221225472
1072351933
3221225472
1072248003
3221225472
1072100624
3758096384
1071495755
0
1068841483
0
1071071865
3221225472
1072138716
1610612736
1072196150
2147483648
1072357495
1610612736
1072604213
1610612736
1072197731
3221225472
1069668084
0
1071677939
0
1070374332
2147483648
1071541761
1073741824
1072354907
2147483648
1072656441
0
1071801655
2147483648
1068777855
0
1069959698
2147483648
1071951060
1610612736
1072680914
1610612736
1071714646
2147483648
1070877519
0
1070818514
2147483648
1070647076
0
1070314058
0
1072158538
1073741824
1072046868
2147483648
1071673188
3221225472
1070691210
2147483648
1072499017
3221225472
1069657685
2147483648
1071461100
1073741824
1072693247
2684354560
69
