Uvec
2226355706
1071964306
536870912
1070485106
0
1067004508
0
1071663290
2684354560
1072464371
1073741824
1070830558
1073741824
1069116399
0
1071582371
2147483648
1071014743
1073741824
1072062286
1610612736
1070549782
0
1072214369
0
1072532337
1073741824
1072655215
2147483648
1071879809
1610612736
1069965185
0
1070487861
2147483648
1071613275
0
1070988582
2147483648
1069078087
0
1070528533
0
1065676400
0
1071364244
0
1071482871
1073741824
1071176078
0
1071933555
3758096384
1072525659
3221225472
1072049281
0
1070890152
0
1072119489
2684354560
1070978862
1073741824
1070352799
0
1070603700
1073741824
1072178098
2147483648
1071111542
2147483648
1071938189
2147483648
1070303779
2147483648
1070374370
2147483648
1070663847
2147483648
1072602401
2147483648
1072446583
3221225472
1072683812
0
1070555506
0
1068761622
0
1069945459
0
1071781457
1610612736
1071103358
1073741824
1072294612
536870912
1070628427
1073741824
1071825013
1610612736
1072056402
1073741824
1072051355
2147483648
1071711236
2147483648
1070859287
1073741824
1072136831
3758096384
1071270507
0
1072151619
536870912
1070478187
0
1072361311
536870912
1071323641
0
1072235792
2147483648
1071880388
3221225472
1070403067
0
1071682913
0
1071475778
0
1071947774
1073741824
1071520748
1073741824
1071071574
0
1070665699
0
1071502581
2147483648
1071979704
1073741824
1072554832
2147483648
1072566622
3221225472
1072676015
2684354560
1068970423
0
1069009263
0
1071980196
0
1070969831
1073741824
1070732808
3221225472
1071006408
3221225472
1070965673
2147483648
1070796831
1073741824
1069637601
0
1071863724
0
1071771565
3758096384
1072087164
536870912
1071523098
3221225472
1072034952
3758096384
1071397274
0
1071956867
1610612736
1072521165
2147483648
1070440912
2147483648
1070649859
0
1065005088
0
1071849031
0
1067625160
0
1072541694
2684354560
1071425432
1073741824
1071461100
1073741824
1072693247
2684354560
80
