Uvec
2226355706
1068302444
0
1072361656
2147483648
1069556760
2147483648
1071931159
0
1069578223
0
1071194599
2147483648
1069587909
0
1071818251
0
1072039883
2684354560
1072037394
2684354560
1071371352
2147483648
1071833706
3221225472
1072337739
3221225472
1069620055
2147483648
1071752906
3758096384
1071187079
3221225472
1072023017
1610612736
1069845529
0
1072642364
1610612736
1072296202
3221225472
1072390073
1073741824
1071265522
1073741824
1071678298
1073741824
1072257018
0
1071060054
1073741824
1071740069
2684354560
1072144742
0
1069901305
0
1071666368
1610612736
1070779122
1073741824
1072056494
1610612736
1070665228
2147483648
1069369286
0
1072635457
1073741824
1071066296
3221225472
1071050109
3221225472
1071967037
2684354560
1070888105
0
1071245803
0
1072456090
0
1071181027
0
1070856080
0
1072537326
3758096384
1069310775
0
1072112454
0
1066200840
0
1072243653
536870912
1072140190
3758096384
1071590805
2147483648
1072284595
1073741824
1071806109
2147483648
1072247949
3221225472
1070844964
3221225472
1069634339
2147483648
1071921537
0
1072278581
0
1072086528
0
1070799872
0
1069614866
0
1068838809
0
1072632811
3221225472
1071795280
2147483648
1071874445
3758096384
1072511552
536870912
1072654297
3758096384
1069405709
0
1071658000
0
1072584308
536870912
1071947271
2684354560
1072640815
2684354560
1072578521
1073741824
1072308280
2147483648
1071116667
1073741824
1071728332
536870912
1071067552
3221225472
1066838424
0
1071463889
2147483648
1070695556
2147483648
1072551736
1073741824
1070904531
3221225472
1071210988
1073741824
1072262641
1073741824
1066527328
0
1072112794
2684354560
1071495438
1073741824
1070226205
2147483648
1072558926
536870912
1072086854
2147483648
1071175583
3221225472
1072321967
3221225472
1071883333
2147483648
1071047952
0
1068065686
0
1072477386
536870912
1072372059
3758096384
1071920002
3221225472
1071346379
0
1072474923
3758096384
1071461100
1073741824
1072693247
2684354560
42
