Uvec
2226355706
1071753780
1610612736
1069713828
2147483648
1072075054
1073741824
1072653532
3758096384
1071718965
1073741824
1071980375
1610612736
1072230502
536870912
1069394988
0
1071848257
536870912
1072258672
3758096384
1071798976
3221225472
1071620946
2147483648
1072379011
536870912
1071898518
1073741824
1071592029
1073741824
1070043469
0
1072000924
536870912
1071718798
3221225472
1068558154
0
1071700402
0
1069753208
2147483648
1072434360
1073741824
1070922648
3221225472
1072171404
3221225472
1072139197
1073741824
1071726131
1610612736
1071508394
2147483648
1068992002
0
1071274139
1073741824
1072524939
3758096384
1072437274
3758096384
1072273862
3221225472
1072311147
3221225472
1070981559
1073741824
1071671447
0
1070149588
0
1071171829
2147483648
1071879329
3758096384
1070807200
1073741824
1072528203
2684354560
1072239748
3221225472
1071872262
536870912
1069108094
0
1071855227
1073741824
1070074827
0
1071413976
0
1071647361
2147483648
1062892800
0
1072243707
3758096384
1071114107
3221225472
1070314857
0
1072586499
1610612736
1071586134
1073741824
1069713840
0
1067112056
0
1070564295
0
1072086760
1610612736
1072258604
536870912
1069245499
0
1072501485
536870912
1070249917
2147483648
1071780397
2147483648
1072377689
2684354560
1071560318
2147483648
1071063043
1073741824
1071578273
0
1071862109
536870912
1070066481
2147483648
1067253624
0
1072031861
2147483648
1072629444
2147483648
1072003146
2147483648
1071302808
1073741824
1068729029
0
1072325487
2684354560
1072666318
2147483648
1072656601
3221225472
1072162873
1610612736
1071673357
1610612736
1071294293
3221225472
1070951785
3221225472
1071797673
3758096384
1072210929
2684354560
1072265406
1610612736
1071576939
2147483648
1071717948
536870912
1070263088
0
1072283505
1073741824
1071928943
1073741824
1071860609
3221225472
1068408210
0
1072190657
2147483648
1070861236
2147483648
1071811841
3758096384
1072635484
536870912
1070603425
1073741824
1071775948
2684354560
1072572333
1073741824
1071461100
1073741824
1072693247
2684354560
77
