Uvec
2226355706
1071417804
3221225472
1065742056
0
1070213901
0
1072365329
2684354560
1072532276
3758096384
1072571572
2684354560
1070624701
1073741824
1069692006
0
1069974007
2147483648
1067613756
0
1068665837
0
1072117709
2147483648
1071473271
2147483648
1072336231
536870912
1071778047
3758096384
1070961395
3221225472
1068603764
0
1071958938
3221225472
1071610507
0
1066087624
0
1071690180
0
1071540206
2147483648
1072124805
1610612736
1072012544
1610612736
1068666346
0
1068801176
0
1067684694
0
1071805302
0
1067639568
0
1071917051
3758096384
1072206946
2684354560
1071964847
536870912
1072625213
0
1070922049
2147483648
1071722529
1073741824
1072189791
3758096384
1070325956
2147483648
1072402602
0
1070895694
2147483648
1070968058
3221225472
1072540679
1610612736
1071042692
2147483648
1072674886
3221225472
1071915480
0
1071745358
536870912
1069748046
2147483648
1071235453
2147483648
1070886210
2147483648
1069275411
0
1072321613
536870912
1070725425
2147483648
1070746568
2147483648
1070019604
2147483648
1070571690
2147483648
1070289023
0
1071787960
3758096384
1071774490
3221225472
1072366371
2147483648
1072609843
3758096384
1072273136
536870912
1071501641
3221225472
1069158389
0
1072549435
1610612736
1072323629
1073741824
1070730889
1073741824
1072157899
0
1072636519
2147483648
1068927559
0
1072554172
2684354560
1072573316
2147483648
1071858705
1610612736
1068581269
0
1065420432
0
1070948941
1073741824
1072664956
1610612736
1070925850
1073741824
1071461379
0
1068065310
0
1071304494
1073741824
1072195536
536870912
1072524021
2684354560
1072015426
1073741824
1069407919
0
1068808423
0
1067774864
0
1071574730
3221225472
1072354363
2147483648
1070824679
3221225472
1072104171
0
1070144079
2147483648
1072406635
1610612736
1070795956
1073741824
1072164482
2147483648
1070497181
0
1070957946
0
1071976326
1610612736
1072505392
1610612736
1072215801
2147483648
1071461100
1073741824
1072693247
2684354560
73
