Uvec
2226355706
1070820222
2147483648
1066874592
0
1072490079
3758096384
1070232125
0
1068500616
0
1072242987
3758096384
1072011749
3221225472
1072172122
1073741824
1071169670
0
1072022946
3758096384
1072059312
3758096384
1072032058
1610612736
1072478622
536870912
1071746084
0
1071680079
536870912
1072488623
0
1072151923
1073741824
1071264893
3221225472
1071270130
1073741824
1070691613
3221225472
1072118019
2684354560
1070550891
2147483648
1071918734
2684354560
1072558065
1073741824
1072262135
2147483648
1072066962
536870912
1071190230
1073741824
1070801925
2147483648
1069851408
2147483648
1071361898
1073741824
1072427257
536870912
1071188390
0
1070026145
0
1071784135
2684354560
1071185893
3221225472
1071934237
2147483648
1071664459
2147483648
1071426628
1073741824
1067121296
0
1071946688
2147483648
1069720904
2147483648
1069637041
0
1072517259
3221225472
1070687143
1073741824
1069617695
0
1072204547
1610612736
1070257603
2147483648
1071885397
0
1072373275
1073741824
1071510995
0
1070522826
2147483648
1070736134
1073741824
1071278732
2147483648
1072485812
3758096384
1069069920
0
1071880778
2684354560
1072529280
3221225472
1070800774
0
1069924956
0
1071930159
1073741824
1072146186
3221225472
1069140782
0
1071169361
1073741824
1071003980
2147483648
1066986900
0
1068679029
0
1071074499
0
1072477888
2684354560
1070969733
3221225472
1071223277
0
1070027952
0
1072343307
3758096384
1071851673
1073741824
1072141544
2147483648
1068325150
0
1071989462
3758096384
1072338572
536870912
1069686001
2147483648
1071992982
1610612736
1071366387
3221225472
1071098115
0
1071480717
2147483648
1072024280
536870912
1067354000
0
1071004796
3221225472
1070993453
0
1072615821
3758096384
1069456246
0
1072303503
2147483648
1070930990
2147483648
1070373836
0
1071654837
3758096384
1070343932
0
1069809720
2147483648
1069279684
0
1072653488
2147483648
1070207647
0
1069566572
0
1071461100
1073741824
1072693247
2684354560
34
