Uvec
2226355706
1072155366
2147483648
1072065318
3221225472
1071853614
2684354560
1070944675
1073741824
1072133481
1073741824
1072350136
536870912
1071983686
2684354560
1071700560
3758096384
1072168102
2147483648
1071962026
2684354560
1067478014
0
1069228861
0
1071746924
0
1071833229
2147483648
1071373076
3221225472
1070243024
0
1071552423
1073741824
1070904646
3221225472
1070961945
2147483648
1070862188
2147483648
1072140885
1610612736
1072138186
3221225472
1071793752
3221225472
1072446347
536870912
1071826878
3221225472
1071073904
3221225472
1072145397
1610612736
1072122950
536870912
1072294979
2684354560
1072242313
1073741824
1072323298
3221225472
1070938102
2147483648
1070707652
2147483648
1071879552
1610612736
1069517350
0
1070699082
2147483648
1071399335
1073741824
1071298152
3221225472
1072670864
3221225472
1069505684
0
1069855095
2147483648
1072527516
536870912
1072587325
3221225472
1072133770
1073741824
1071820778
1073741824
1070517221
0
1071840507
1610612736
1072212962
0
1069206827
0
1072229865
2684354560
1067760820
0
1068186846
0
1072630017
2147483648
1065919232
0
1070927370
0
1065455000
0
1070412617
0
1071521450
1073741824
1072209698
1073741824
1071438697
1073741824
1069764539
2147483648
1071713659
3221225472
1069034182
0
1072374929
3758096384
1064437984
0
1069953811
2147483648
1072198959
2684354560
1071131719
1073741824
1072454794
536870912
1072397926
536870912
1072236031
3221225472
1069742129
2147483648
1072516050
3221225472
1072538871
3758096384
1071592605
0
1072380230
3758096384
1070681865
1073741824
1071479454
3221225472
1072533566
1610612736
1070611519
0
1071479613
0
1072447355
3758096384
1071958564
536870912
1071852397
3221225472
1072625953
0
1071993277
2684354560
1068804542
0
1072570688
1073741824
1072350829
2684354560
1070918517
0
1071142766
0
1070665574
3221225472
1072143583
0
1070803016
3221225472
1072088122
2147483648
1072530135
3221225472
1068678221
0
1071510612
1073741824
1071461100
1073741824
1072693247
2684354560
44
