Uvec
2226355706
1070210140
0
1071945301
0
1072388999
2684354560
1071738060
1073741824
1072280905
1073741824
1072389727
0
1072223475
3221225472
1072441454
2684354560
1067463814
0
1072585861
2684354560
1072053806
2684354560
1071815960
1610612736
1069587656
0
1072233389
3221225472
1067892004
0
1072410770
2147483648
1071178526
3221225472
1070641842
1073741824
1069925999
2147483648
1072148012
1073741824
1071873130
1073741824
1071567837
0
1072517787
1610612736
1067122604
0
1064787376
0
1071833855
1610612736
1071369291
0
1069879651
0
1071841526
3758096384
1071976128
1073741824
1070093194
0
1072171455
3758096384
1072143644
0
1072459856
2684354560
1070762921
1073741824
1072307745
2684354560
1071749885
1610612736
1072082348
0
1071887298
536870912
1068489708
0
1072283280
1610612736
1071375845
0
1072107191
3758096384
1071722107
1073741824
1071188034
1073741824
1071927176
1073741824
1070770916
3221225472
1072603605
3758096384
1071666395
1073741824
1072542892
1610612736
1071579897
2147483648
1072532892
536870912
1069698290
2147483648
1072176286
1073741824
1072684708
0
1070382927
2147483648
1069817623
0
1066402124
0
1071935249
536870912
1071187974
1073741824
1072393731
2684354560
1068863392
0
1069068010
0
1071658654
3221225472
1069787825
2147483648
1069292371
0
1072006209
3758096384
1072540713
3221225472
1072205654
2684354560
1071719171
0
1069072401
0
1072053687
2147483648
1070796177
3221225472
1070278817
2147483648
1068898791
0
1070783847
3221225472
1068541319
0
1071887446
536870912
1070823903
2147483648
1069235598
0
1071809921
2147483648
1071979221
2147483648
1069973163
2147483648
1072380947
3758096384
1070406292
2147483648
1071589677
2147483648
1067435368
0
1072059570
2147483648
1070204001
2147483648
1071499585
3221225472
1071704069
1610612736
1069876538
0
1069265085
0
1071314660
3221225472
1071215236
3221225472
1070814527
1073741824
1072304765
3758096384
1071421222
2147483648
1071461100
1073741824
1072693247
2684354560
96
