Uvec
2226355706
1063162048
0
1071947621
3758096384
1071875519
2147483648
1071818918
1610612736
1071664482
3758096384
1071018439
2147483648
1068657132
0
1069605642
2147483648
1070887640
0
1070932217
3221225472
1070998960
3221225472
1072264643
3221225472
1070071175
0
1067500388
0
1072163500
2147483648
1071904356
2147483648
1070613540
2147483648
1070823806
2147483648
1067427988
0
1072167318
1610612736
1072458243
3221225472
1071966358
2684354560
1072523696
3758096384
1069525585
0
1070800914
3221225472
1072461330
1073741824
1072019677
3221225472
1072163817
2147483648
1071372292
2147483648
1069547909
0
1068549167
0
1071036103
2147483648
1071909719
536870912
1070743323
2147483648
1068613586
0
1071374438
1073741824
1071986162
1073741824
1072593212
3221225472
1060128512
0
1071432126
1073741824
1070807671
1073741824
1072428717
1073741824
1070581141
0
1069523864
0
1071201334
0
1072601113
2147483648
1069774085
0
1069678848
2147483648
1069683779
0
1071742841
3758096384
1070787882
2147483648
1069619216
0
1071992134
536870912
1070738139
1073741824
1072467474
2147483648
1069864562
2147483648
1071552065
2147483648
1071527454
3221225472
1072218094
2684354560
1070470682
2147483648
1070753034
0
1072379336
0
1069918171
0
1071765904
2147483648
1071010265
0
1071135400
2147483648
1068689393
0
1071166605
0
1072568888
536870912
1070255838
0
1069966912
2147483648
1072396475
2147483648
1070870378
3221225472
1072362904
1073741824
1072253754
0
1069800008
0
1071764350
3221225472
1072618049
3758096384
1072687500
2147483648
1072544337
3221225472
1071768452
2684354560
1069520666
0
1071364024
0
1070420966
0
1068580259
0
1071802341
3221225472
1070662606
2147483648
1069348309
0
1071307272
0
1070890009
3221225472
1071325681
1073741824
1072568105
2147483648
1072325955
3758096384
1070793746
1073741824
1070610834
3221225472
1072473848
2684354560
1071708507
3758096384
1071713112
536870912
1071461100
1073741824
1072693247
2684354560
69
