Uvec
2226355706
1069209040
0
1070354634
0
1072277328
2684354560
1072692456
2684354560
1072565229
0
1072154064
2147483648
1069838679
2147483648
1071142337
2147483648
1069858370
2147483648
1070696399
1073741824
1072073954
0
1071184159
3221225472
1071815542
3221225472
1069860701
2147483648
1072624921
3758096384
1071721822
3221225472
1072034310
2684354560
1071988089
3758096384
1072262110
2147483648
1071576216
0
1072142711
3758096384
1072131584
1073741824
1070127891
0
1069935500
2147483648
1071972202
3758096384
1067583466
0
1070882061
3221225472
1072028803
1610612736
1072352764
2147483648
1069891760
2147483648
1069588767
2147483648
1071263625
2147483648
1071751547
3221225472
1072644253
1073741824
1072500531
0
1071964997
536870912
1071645726
1610612736
1071455741
1073741824
1071664811
3221225472
1071823232
3758096384
1071883373
2684354560
1072667947
2684354560
1068093938
0
1072384652
2684354560
1072457558
2147483648
1072314010
536870912
1072414193
3758096384
1072509974
2147483648
1070105190
2147483648
1071860193
1610612736
1072298104
536870912
1070938093
2147483648
1070828618
0
1072009274
0
1072327612
536870912
1072085585
536870912
1071516696
2147483648
1071276567
1073741824
1072415347
3221225472
1070585778
0
1071579655
1073741824
1070704316
3221225472
1070484178
2147483648
1070797147
1073741824
1070346125
0
1070132914
0
1069331106
0
1072010192
1610612736
1069244843
0
1070750196
2147483648
1072600856
1073741824
1070696068
1073741824
1072660923
1073741824
1072106243
2147483648
1071283998
1073741824
1072669662
3221225472
1071506242
1073741824
1071623523
2147483648
1070214913
0
1069122586
0
1070823614
3221225472
1069551208
2147483648
1069893714
0
1067096720
0
1071702599
0
1072234408
1610612736
1069924645
2147483648
1069999621
0
1072550889
3758096384
1068002424
0
1072121491
3758096384
1070992360
0
1072272424
3758096384
1072043823
0
1072672570
2684354560
1070350871
0
1072345620
3221225472
1072594427
1073741824
1071461100
1073741824
1072693247
2684354560
91
