Uvec
2226355706
1072223645
3221225472
1071002295
3221225472
1069499767
0
1072664811
1610612736
1067513798
0
1070041258
2147483648
1071210910
3221225472
1072048275
2684354560
1071888546
3758096384
1072167111
2684354560
1070487984
2147483648
1072158863
1073741824
1071748225
3221225472
1071515176
1073741824
1070911662
0
1069251640
0
1071025461
1073741824
1071025632
0
1071745567
3758096384
1072638261
0
1072416325
3221225472
1071769053
2147483648
1071500190
0
1070691973
2147483648
1072511553
3758096384
1072462459
2684354560
1070759869
3221225472
1070984455
2147483648
1072577283
3221225472
1072686369
1073741824
1068580471
0
1070673011
2147483648
1072445743
1073741824
1072196012
3758096384
1071475930
1073741824
1072272809
1073741824
1072508520
2147483648
1070625582
0
1069607875
0
1071884920
3221225472
1071941726
2684354560
1068828320
0
1072232618
536870912
1071937204
3758096384
1071763513
1073741824
1071818606
536870912
1072380887
3221225472
1072148525
1610612736
1070609757
1073741824
1070645419
3221225472
1068770168
0
1068177348
0
1072370889
3221225472
1070934580
3221225472
1070983871
2147483648
1072099661
2147483648
1072666987
1610612736
1071180659
3221225472
1072307773
3221225472
1071312968
0
1072246545
3221225472
1070924524
3221225472
1071125617
1073741824
1071737437
2684354560
1072159801
3221225472
1070798860
3221225472
1069994512
2147483648
1071559290
2147483648
1071460380
3221225472
1071362731
3221225472
1067737690
0
1069639815
0
1068722324
0
1071804034
3758096384
1070085923
2147483648
1071214642
1073741824
1070623804
2147483648
1070828133
1073741824
1072188669
2684354560
1072125801
0
1070095624
2147483648
1068834290
0
1071856021
1073741824
1072595068
2147483648
1071843863
2684354560
1071501354
0
1065526056
0
1071921096
3221225472
1072423419
0
1070840186
0
1070764335
0
1070981052
1073741824
1072249488
536870912
1071730612
536870912
1072260096
536870912
1070586151
2147483648
1069980725
0
1070438595
0
1071461100
1073741824
1072693247
2684354560
4
