Uvec
2226355706
1072355178
1610612736
1072592100
3758096384
1071470363
2147483648
1065470928
0
1072218020
536870912
1071287810
2147483648
1071352313
0
1065918744
0
1071610815
2147483648
1070699728
0
1072383455
536870912
1071668319
2684354560
1072324288
1610612736
1070801179
3221225472
1069729675
0
1071168244
2147483648
1072129035
0
1070159484
0
1071130439
3221225472
1071752719
0
1066550388
0
1070214019
0
1072039023
536870912
1067583500
0
1071650955
2684354560
1068828595
0
1071852184
3221225472
1071277483
0
1068805197
0
1070157356
0
1071215339
3221225472
1069659368
2147483648
1068069206
0
1072610374
536870912
1069371618
0
1072454786
1073741824
1069683318
0
1071708947
3758096384
1072221568
1073741824
1072352564
3758096384
1072191965
0
1072543382
3221225472
1071914039
536870912
1071475197
2147483648
1070851843
0
1071806274
536870912
1072391029
0
1071342730
3221225472
1072417494
3758096384
1071295796
1073741824
1069202149
0
1071246705
1073741824
1072381948
3758096384
1071813583
536870912
1071337834
1073741824
1069114012
0
1071481671
3221225472
1071241920
1073741824
1071149148
1073741824
1070082962
2147483648
1072335928
3758096384
1072605044
2684354560
1067140152
0
1072058029
2684354560
1071837512
536870912
1071724634
536870912
1072544456
2147483648
1071439914
2147483648
1072126836
2684354560
1072410044
3758096384
1070867076
2147483648
1071417011
3221225472
1071687615
2684354560
1068300998
0
1072338786
536870912
1072177935
0
1068002358
0
1070589984
0
1069450670
0
1071792672
1073741824
1071533902
0
1068694588
0
1069483460
0
1071030380
1073741824
1072538557
536870912
1072575966
2684354560
1064906480
0
1071644038
0
1071681263
2147483648
1072204979
3758096384
1072688110
0
1071996306
3221225472
1072668680
3221225472
1071258872
3221225472
1071908157
1073741824
1071386741
1073741824
1071796409
2684354560
1072168860
2684354560
1071461100
1073741824
1072693247
2684354560
20
