Uvec
2226355706
1072004114
1073741824
1072235445
0
1072479685
2684354560
1072374887
2147483648
1072320603
2147483648
1070021906
2147483648
1069852164
2147483648
1071826677
0
1071301347
0
1069987769
0
1072023895
1610612736
1066386456
0
1070042066
2147483648
1071883399
0
1069644988
0
1072563481
3221225472
1069065597
0
1066676692
0
1072227940
2147483648
1072384939
1073741824
1072618640
3758096384
1072630093
1073741824
1069558311
2147483648
1072452221
2147483648
1072415853
0
1067228944
0
1071567422
1073741824
1072550247
536870912
1071912927
2684354560
1070764198
3221225472
1071218130
0
1072135509
1073741824
1070228916
0
1071172902
3221225472
1070042730
2147483648
1071421665
3221225472
1072112766
3758096384
1068832188
0
1071685412
536870912
1072046796
1073741824
1072430615
1073741824
1071483564
1073741824
1071765008
3221225472
1072133222
536870912
1072275039
536870912
1068257906
0
1072448411
0
1070810111
1073741824
1072581825
2684354560
1071567639
3221225472
1072133237
2147483648
1070043102
2147483648
1071629453
2147483648
1069812313
2147483648
1064497248
0
1071960413
536870912
1072036264
1073741824
1069824666
2147483648
1070850863
0
1072216389
536870912
1070237559
0
1071068962
3221225472
1072548441
0
1070082822
2147483648
1070856404
2147483648
1068625584
0
1072506303
536870912
1071651392
1073741824
1069969903
0
1070654357
0
1069092621
0
1072499913
0
1072586442
3758096384
1065390184
0
1071421599
1073741824
1072650411
0
1072610099
3758096384
1070118148
2147483648
1070851008
2147483648
1072547444
1073741824
1072361822
536870912
1071907888
2684354560
1070875212
2147483648
1071977953
3221225472
1072106164
1610612736
1072473712
3221225472
1072151096
1073741824
1071159519
2147483648
1072492641
3221225472
1071826362
2684354560
1072348646
0
1071589544
0
1071783567
0
1069425501
0
1072417225
0
1071511053
2147483648
1071947160
3758096384
1069626883
2147483648
1071461100
1073741824
1072693247
2684354560
25
