Uvec
2226355706
1071351926
2147483648
1072414992
0
1070773192
0
1070580063
2147483648
1071794712
2147483648
1070787514
1073741824
1069166802
0
1072444201
1610612736
1070965684
1073741824
1069398469
0
1070615035
2147483648
1071895945
1610612736
1071813529
2684354560
1067963724
0
1072586454
536870912
1072414971
536870912
1072459232
1073741824
1072084302
3221225472
1070321966
0
1070809702
1073741824
1072368899
2684354560
1067699272
0
1072425547
1610612736
1072441378
1073741824
1071508999
1073741824
1071751649
3758096384
1072127600
536870912
1072046103
1610612736
1071814316
536870912
1066017504
0
1072328811
0
1071963201
0
1072574128
0
1071526980
2147483648
1069799319
0
1069578555
0
1071450417
1073741824
1072217671
536870912
1072166865
1073741824
1071691677
3758096384
1071741575
1073741824
1070871597
1073741824
1070931554
1073741824
1071635332
1073741824
1072460649
1610612736
1070791402
1073741824
1072553516
1610612736
1072268087
3221225472
1071142213
0
1071673372
536870912
1066524812
0
1071584982
1073741824
1070660948
3221225472
1072643068
2147483648
1071082391
1073741824
1070367093
0
1070790639
2147483648
1070077916
2147483648
1072226681
3221225472
1066906096
0
1072039078
2147483648
1072430049
536870912
1069165076
0
1072582450
536870912
1071905557
1610612736
1072111202
0
1072399894
3758096384
1072267424
536870912
1070701870
0
1072086870
2684354560
1070922165
2147483648
1071263622
0
1072301373
3221225472
1071217466
2147483648
1068983384
0
1071288237
3221225472
1072006117
3221225472
1072176333
3221225472
1067140116
0
1072032509
2684354560
1072302366
2147483648
1071903330
3221225472
1070638635
0
1071911273
2147483648
1072109332
3758096384
1070183494
0
1072420113
3221225472
1070263644
2147483648
1072213506
3221225472
1068622762
0
1071986630
3758096384
1071930067
3758096384
1071809468
1073741824
1072022164
1610612736
1071287431
1073741824
1071396279
1073741824
1072349020
3758096384
1072651742
3221225472
1071461100
1073741824
1072693247
2684354560
19
