Uvec
2226355706
1070914240
2147483648
1070647308
3221225472
1070324454
2147483648
1071780603
0
1072441651
3221225472
1071872981
1073741824
1070320613
2147483648
1072676303
2147483648
1071356426
3221225472
1071778537
2147483648
1071809273
2147483648
1071730113
536870912
1070841840
1073741824
1065283824
0
1071675479
2147483648
1072565824
3221225472
1072411139
1610612736
1072051994
2147483648
1071848947
0
1072423784
3221225472
1071896020
3758096384
1069047142
0
1072317249
0
1072375650
3221225472
1071657120
2684354560
1072435580
536870912
1071663638
2684354560
1069918776
0
1072546397
2147483648
1072663536
2684354560
1071770845
2147483648
1071693947
1073741824
1069305555
0
1072359930
3221225472
1072244473
2147483648
1069611038
0
1072320880
0
1070252197
2147483648
1072376617
3221225472
1071822186
2147483648
1072484361
2684354560
1071978210
1073741824
1071923878
536870912
1072160389
0
1068915986
0
1072467560
2684354560
1071545471
3221225472
1072034038
1610612736
1071442544
2147483648
1072265058
2147483648
1071449620
1073741824
1072313512
1073741824
1071733528
2684354560
1071793096
1610612736
1072435319
2684354560
1072517604
1073741824
1071035488
1073741824
1071315056
1073741824
1071568227
2147483648
1072391256
0
1072337432
2684354560
1071601956
3221225472
1072277281
1073741824
1070928612
2147483648
1070857948
0
1071651223
0
1069951511
0
1071936473
3221225472
1071336691
1073741824
1070715242
1073741824
1071964447
536870912
1072256892
0
1072536015
2684354560
1071661411
2684354560
1071847551
2147483648
1072693063
2684354560
1072028371
3221225472
1071733358
2147483648
1071746227
3221225472
1071856891
536870912
1072469651
0
1071928587
1610612736
1070233165
2147483648
1070042858
0
1071971617
2684354560
1071754094
3758096384
1071838948
2684354560
1072327912
2684354560
1071352890
2147483648
1072117642
3758096384
1071768108
536870912
1071374665
1073741824
1071882859
3758096384
1070924464
2147483648
1072048276
536870912
1071875944
3758096384
1071735664
3758096384
1062603904
0
1071461100
1073741824
1072693247
2684354560
80
