Uvec
2226355706
1072422670
1610612736
1072389452
1610612736
1072330399
3221225472
1072196664
2684354560
1071004319
3221225472
1072551849
536870912
1069825616
2147483648
1072165582
3758096384
1072009097
1073741824
1072584797
3221225472
1072304827
2684354560
1072247818
1610612736
1072450823
2147483648
1072185482
3758096384
1070659952
1073741824
1069541433
0
1067738786
0
1070743200
3221225472
1067733744
0
1069659638
2147483648
1072680812
3758096384
1072527398
536870912
1072467780
3221225472
1071799493
2147483648
1071963971
2147483648
1072400902
1610612736
1071910253
1610612736
1072235316
3758096384
1072510976
3758096384
1072692407
2147483648
1065702056
0
1071682151
2147483648
1072093946
1073741824
1071655157
536870912
1070664840
1073741824
1071066620
2147483648
1071056112
1073741824
1070225681
0
1071705476
1073741824
1069765646
0
1072035744
1610612736
1071884042
3221225472
1069789509
0
1071886725
536870912
1071949739
3221225472
1071834069
1073741824
1071432917
2147483648
1068991734
0
1071357869
3221225472
1072203141
3758096384
1069655262
0
1072551648
536870912
1071186267
3221225472
1070960276
2147483648
1069463648
0
1071014847
2147483648
1069725319
2147483648
1072311428
1073741824
1071628914
3221225472
1071743455
3758096384
1071731496
2684354560
1069494562
0
1070771255
2147483648
1072121266
2147483648
1071194786
1073741824
1071734714
3758096384
1071449189
2147483648
1071341672
0
1067743810
0
1071790142
1073741824
1072125547
2684354560
1072265721
0
1072388907
3221225472
1072247615
2147483648
1068449100
0
1072009249
0
1070699934
3221225472
1071663057
536870912
1070639009
1073741824
1068401110
0
1070167592
2147483648
1071247048
0
1070151402
0
1071716258
2684354560
1072627527
0
1070188820
0
1071291488
0
1072473514
1610612736
1072177176
2147483648
1072295842
3221225472
1072014395
1073741824
1072022047
0
1071471324
0
1071757946
2684354560
1070757533
3221225472
1071774260
3221225472
1071787612
2684354560
1071437466
1073741824
1071461100
1073741824
1072693247
2684354560
8
