Uvec
2226355706
1071207252
1073741824
1072210351
0
1072370242
1610612736
1072060652
2684354560
1071331708
2147483648
1069595039
0
1072542289
1610612736
1070993267
0
1068201804
0
1069108588
0
1071461772
3221225472
1070210244
0
1072583481
3758096384
1071719944
2684354560
1069590427
2147483648
1070891854
1073741824
1072185420
536870912
1068900847
0
1069680135
2147483648
1072450817
1610612736
1072055215
1610612736
1071723109
2684354560
1072225260
3758096384
1072207239
0
1071924316
3221225472
1071203662
2147483648
1072644525
536870912
1069874633
0
1071048027
2147483648
1071823409
536870912
1072637602
0
1070793701
1073741824
1072335092
3221225472
1072504940
0
1070146476
0
1071588653
2147483648
1070927751
3221225472
1072123511
1610612736
1068602617
0
1072120792
1610612736
1069996789
0
1071379212
3221225472
1069489309
0
1069552296
0
1068929392
0
1071760691
2684354560
1072081664
0
1072605786
2684354560
1071337898
3221225472
1072396394
2147483648
1071721470
3758096384
1072327416
1610612736
1072525785
1073741824
1071711027
1610612736
1069458359
0
1070794465
3221225472
1071106376
3221225472
1071986358
2684354560
1071698193
2147483648
1072425827
2684354560
1071227415
3221225472
1066827744
0
1071334570
2147483648
1071113327
2147483648
1072560666
2684354560
1071804019
1073741824
1071480103
2147483648
1067471876
0
1067498560
0
1071991194
536870912
1072147618
3221225472
1071083623
2147483648
1069852589
0
1069056623
0
1070695692
2147483648
1070724207
2147483648
1070706254
0
1071926192
2684354560
1072635565
2684354560
1071932250
536870912
1071115397
2147483648
1071751270
1610612736
1072116628
2147483648
1071922344
0
1071044342
1073741824
1069748799
0
1072208351
3221225472
1072073699
0
1070742345
0
1066708044
0
1071098433
1073741824
1072665110
1610612736
1071519405
1073741824
1069201910
0
1068831131
0
1069604576
2147483648
1071347098
1073741824
1071933136
2147483648
1071461100
1073741824
1072693247
2684354560
9
