Uvec
2226355706
1069575751
2147483648
1071836897
536870912
1070504100
2147483648
1072049613
2147483648
1070317950
2147483648
1072273028
3221225472
1071581422
3221225472
1072397212
536870912
1070655339
0
1072582861
3221225472
1071457159
2147483648
1069720715
0
1072262076
1610612736
1072074905
2147483648
1070964774
0
1072431250
0
1071983747
3221225472
1072618166
1610612736
1072523217
1610612736
1072548986
2684354560
1068939759
0
1071997599
2147483648
1071261859
0
1072168771
0
1069924910
2147483648
1070749271
3221225472
1070950875
3221225472
1072609825
3758096384
1072443707
1073741824
1069828046
0
1072549839
1073741824
1069577913
0
1072563210
1073741824
1070265728
0
1070430652
2147483648
1072079577
2147483648
1071172771
1073741824
1071699086
1073741824
1071828899
1073741824
1072091327
2147483648
1071292681
3221225472
1072230296
1073741824
1070842546
1073741824
1071367510
1073741824
1072131089
3221225472
1070955407
2147483648
1070900266
1073741824
1068724302
0
1071794489
3758096384
1072376305
2147483648
1072026006
536870912
1072020900
3758096384
1069856343
2147483648
1072530560
1073741824
1072026336
0
1072268788
1610612736
1071782148
0
1068767897
0
1071524492
3221225472
1070944868
1073741824
1069082144
0
1071990080
1610612736
1067472940
0
1071253036
3221225472
1071717511
1610612736
1071946227
3221225472
1072528001
536870912
1072422227
2147483648
1069948343
2147483648
1070620742
2147483648
1072079319
2684354560
1072520830
1610612736
1069644774
2147483648
1071691525
536870912
1072284376
536870912
1069900093
2147483648
1072035808
3221225472
1068782150
0
1070840063
1073741824
1072105360
3221225472
1072172473
2147483648
1072466631
536870912
1071997069
0
1071601221
3221225472
1068852167
0
1072090416
3758096384
1072073190
3221225472
1072164490
1073741824
1068014922
0
1068942641
0
1069172943
0
1071624976
3221225472
1068901004
0
1071646972
0
1069674595
2147483648
1070187091
0
1071618235
3221225472
1072316146
1073741824
1071461100
1073741824
1072693247
2684354560
28
