Uvec
2226355706
1072270633
1073741824
1066892344
0
1071776648
2684354560
1067040540
0
1071850265
2684354560
1072294750
2684354560
1071616977
3221225472
1071365318
3221225472
1069628588
0
1071986896
2147483648
1066184568
0
1072634021
2684354560
1069783135
0
1072574259
0
1071224059
2147483648
1071142548
2147483648
1070421827
0
1071925153
2147483648
1070838790
2147483648
1072522821
2147483648
1071815713
2684354560
1071658197
0
1071780613
2147483648
1071119838
1073741824
1067589564
0
1064513728
0
1072455522
3221225472
1070642600
1073741824
1068045160
0
1062405952
0
1071097537
1073741824
1068501087
0
1070207842
2147483648
1070612899
0
1066460612
0
1070229379
2147483648
1071103269
3221225472
1072037782
2684354560
1071708968
2684354560
1071601168
1073741824
1072397063
1073741824
1068136050
0
1065701368
0
1072098593
1073741824
1072194399
3221225472
1072558015
536870912
1067677144
0
1071253917
2147483648
1072346694
0
1069039282
0
1070379007
0
1070137736
2147483648
1069579855
2147483648
1071259740
3221225472
1072120420
0
1072495427
2684354560
1065031216
0
1071676936
536870912
1071995587
2684354560
1071040142
0
1072531905
0
1069782652
0
1071393006
0
1072314875
3758096384
1071139637
0
1067657178
0
1070664965
3221225472
1072162282
3221225472
1072015549
1610612736
1072508215
2147483648
1071983048
536870912
1071844603
3758096384
1068184092
0
1072403436
1610612736
1070823430
3221225472
1072675954
3758096384
1071860624
536870912
1071871912
536870912
1072350511
1610612736
1070965257
3221225472
1071886771
2684354560
1072639512
3221225472
1072029202
0
1071719581
536870912
1072392668
2147483648
1071320980
0
1071944357
3221225472
1071671516
1073741824
1071192526
1073741824
1072105469
1073741824
1071314184
0
1071174612
3221225472
1072457718
1610612736
1072347093
2147483648
1070717482
3221225472
1068370440
0
1072101044
3758096384
1070618348
0
1071461100
1073741824
1072693247
2684354560
65
