Uvec
2226355706
1069563552
2147483648
1072571481
3758096384
1067880048
0
1070974139
2147483648
1071067172
0
1070727826
3221225472
1072366051
2684354560
1072433477
1610612736
1071683533
2684354560
1072196247
536870912
1072227701
2147483648
1069732348
2147483648
1068275950
0
1070940342
2147483648
1070822623
0
1071058934
0
1071765114
3758096384
1070615025
3221225472
1072384156
3221225472
1071021222
2147483648
1070630387
2147483648
1069031567
0
1072174601
3221225472
1072352131
2147483648
1071506900
1073741824
1070220044
2147483648
1072432593
1610612736
1070250650
2147483648
1069660315
0
1072123062
2147483648
1071053402
0
1072538928
1073741824
1067727386
0
1071417248
1073741824
1072521020
1610612736
1071727924
2147483648
1072315528
3758096384
1070927573
2147483648
1068749096
0
1072674476
1073741824
1071701719
536870912
1071534911
0
1068832117
0
1071137042
2147483648
1071288640
0
1072216741
2684354560
1071950658
3221225472
1071258373
2147483648
1071206679
3221225472
1072457939
0
1068966001
0
1070855160
3221225472
1071735200
536870912
1070250073
2147483648
1071109433
2147483648
1070811181
1073741824
1072433114
2684354560
1072269582
2147483648
1072273718
3758096384
1072381103
3221225472
1071497068
1073741824
1071769860
1073741824
1070206799
2147483648
1072151583
536870912
1071818260
2147483648
1072169967
2684354560
1071417623
1073741824
1072075166
1610612736
1069650809
2147483648
1071875403
536870912
1072514016
2147483648
1071753489
3221225472
1072645663
536870912
1071524330
2147483648
1072479055
3221225472
1072498304
1073741824
1072411556
2684354560
1071491407
2147483648
1070935569
1073741824
1071522568
3221225472
1069525698
0
1072653751
536870912
1072259604
536870912
1072180579
2147483648
1071691357
3758096384
1071704227
2684354560
1072638565
3221225472
1072111031
536870912
1070794495
2147483648
1069560803
0
1069800725
2147483648
1070793240
1073741824
1072628466
3758096384
1071804031
0
1071208285
1073741824
1071396929
0
1070701733
1073741824
1071659530
0
1071461100
1073741824
1072693247
2684354560
74
