Uvec
2226355706
1072531174
1073741824
1072635505
2684354560
1071999418
1073741824
1072563704
2147483648
1071332884
3221225472
1068941526
0
1072043140
3758096384
1072501539
1610612736
1070688959
0
1072323337
1073741824
1071857669
1073741824
1070926376
0
1072508264
2684354560
1071555993
3221225472
1071774715
536870912
1072650814
3758096384
1071770341
3221225472
1071881337
2147483648
1071778009
0
1071594461
2147483648
1070716169
2147483648
1070773355
0
1072416592
3221225472
1071430557
3221225472
1072466105
0
1072675537
0
1070593268
0
1070755879
0
1072266822
1073741824
1071547711
1073741824
1072585455
1073741824
1071737611
0
1071273197
0
1070501023
0
1071602647
3221225472
1072526413
1073741824
1072516773
3221225472
1071725082
2147483648
1072530884
536870912
1071948292
0
1071766625
1610612736
1067187108
0
1071943446
2684354560
1071213094
2147483648
1069995679
2147483648
1072507555
2684354560
1072451825
3221225472
1072205071
3221225472
1072476055
2147483648
1071982609
1073741824
1068619659
0
1071869459
1610612736
1071508650
0
1072360725
0
1071789348
1073741824
1072291151
2147483648
1066172448
0
1071856792
1073741824
1069772520
2147483648
1070478015
2147483648
1069667096
0
1072113361
1610612736
1069900960
0
1072618961
1073741824
1071975155
3758096384
1071692484
2147483648
1072491384
1073741824
1071917411
1610612736
1070679118
3221225472
1072373775
3221225472
1066477860
0
1066686856
0
1072580618
1073741824
1072198088
0
1068736615
0
1070892261
3221225472
1071222815
3221225472
1071090222
2147483648
1071392897
1073741824
1071928480
1073741824
1071662124
3758096384
1072337117
2147483648
1072070198
2147483648
1069826567
2147483648
1072002932
1073741824
1068591626
0
1072539602
1610612736
1070792415
0
1070285590
2147483648
1072635806
536870912
1069055714
0
1070050639
0
1070950226
2147483648
1072570081
3758096384
1070605916
1073741824
1070334051
2147483648
1071877854
0
1072005464
3758096384
1071461100
1073741824
1072693247
2684354560
41
