Uvec
2226355706
1069385964
0
1068836618
0
1071266511
2147483648
1070568311
2147483648
1072452714
1073741824
1072302979
1073741824
1068925083
0
1072325761
2684354560
1071778877
2147483648
1070808178
1073741824
1072321998
536870912
1072220249
1610612736
1071413106
3221225472
1072681396
0
1071762631
3221225472
1071603575
3221225472
1070093288
0
1068586201
0
1071733369
0
1072364733
2147483648
1071524653
0
1072273717
1073741824
1070639963
2147483648
1072130328
1073741824
1071652596
3221225472
1072398772
3758096384
1071874080
1610612736
1070363297
0
1071617699
0
1071393177
3221225472
1072092633
3758096384
1072033003
2684354560
1071351691
3221225472
1068802143
0
1069049838
0
1069058610
0
1070814671
2147483648
1071465051
0
1072513351
536870912
1071792816
1610612736
1072160845
3221225472
1072613895
3758096384
1071568520
0
1072499558
2147483648
1072080547
536870912
1072225182
536870912
1072347068
1610612736
1071528726
2147483648
1072583648
1610612736
1071450236
2147483648
1072137465
3221225472
1067408364
0
1069953525
0
1071192042
3221225472
1071931287
2684354560
1069960993
2147483648
1071941373
2147483648
1065241136
0
1071726745
2684354560
1071233184
2147483648
1068971695
0
1070286626
0
1070530939
0
1072116350
0
1070935275
0
1072289923
1610612736
1070929150
1073741824
1070040501
0
1070711565
1073741824
1072626953
536870912
1068539195
0
1070743775
2147483648
1071462298
0
1071560337
3221225472
1072246192
3758096384
1072479763
3221225472
1072552205
2147483648
1071540624
0
1070912435
3221225472
1071798713
0
1072460312
3221225472
1070517631
2147483648
1072237521
3758096384
1070197262
2147483648
1069187771
0
1072199326
0
1071265321
1073741824
1070625497
1073741824
1069792484
2147483648
1071844265
1610612736
1072654754
2684354560
1071521197
1073741824
1069158873
0
1068544413
0
1072378705
0
1071968150
0
1072598800
1610612736
1072635688
3221225472
1071461100
1073741824
1072693247
2684354560
78
