Uvec
2226355706
1069981194
0
1072264333
1610612736
1069337081
0
1069943907
2147483648
1070929746
0
1071207717
1073741824
1070589184
0
1070328841
0
1069890472
0
1071881552
2684354560
1071430955
0
1072146496
0
1071594307
0
1068550429
0
1071738874
2684354560
1071973089
536870912
1071994244
2684354560
1069843029
0
1072488600
3221225472
1071911028
0
1069518706
0
1069812213
2147483648
1069781857
0
1071902416
1073741824
1071625900
0
1070621983
3221225472
1072136384
2147483648
1068757185
0
1072569942
536870912
1072679874
1073741824
1070788302
3221225472
1071501543
3221225472
1069778865
0
1072533969
536870912
1071692889
3758096384
1070920147
0
1071657774
0
1070604762
1073741824
1070934958
2147483648
1072390395
3758096384
1062935040
0
1070470102
0
1072486801
3221225472
1072404580
0
1071084936
1073741824
1072342782
1610612736
1071578450
0
1070793234
1073741824
1071527807
3221225472
1072179025
2147483648
1072491571
536870912
1070666043
2147483648
1070727277
1073741824
1071663887
2684354560
1071541153
0
1070124920
2147483648
1070032854
2147483648
1071860769
3221225472
1070190621
0
1072658069
536870912
1071080357
1073741824
1072489648
3221225472
1072453791
536870912
1072475903
0
1072125323
2147483648
1072083520
0
1072402645
2684354560
1071139944
1073741824
1069492051
0
1070649161
1073741824
1070151911
0
1071687698
3758096384
1070412470
2147483648
1069826478
0
1071050141
2147483648
1071735028
0
1071230774
3221225472
1071120893
2147483648
1070816932
3221225472
1071682799
1073741824
1068201492
0
1072551825
2147483648
1065405576
0
1071346233
0
1072002031
3221225472
1067549684
0
1071128989
0
1069219007
0
1067474630
0
1063629568
0
1069853914
0
1070796799
0
1072194124
2684354560
1069403240
0
1068467364
0
1071935612
2684354560
1072658949
1073741824
1071454159
1073741824
1071461100
1073741824
1072693247
2684354560
88
