Uvec
2226355706
1071792126
1610612736
1070195286
2147483648
1071872532
1073741824
1072531176
1610612736
1071468731
1073741824
1072269954
3758096384
1072422465
536870912
1072598622
2684354560
1061186048
0
1072591242
2147483648
1071786287
3758096384
1072630374
1610612736
1067358120
0
1072524797
2147483648
1071691888
2684354560
1072165929
2684354560
1072534734
3221225472
1070541766
0
1072056047
2147483648
1071832801
536870912
1072666518
3758096384
1067254652
0
1069269503
0
1072119724
3758096384
1069839627
2147483648
1071990521
1073741824
1071318259
0
1071901132
3221225472
1072481074
536870912
1069893012
2147483648
1066843356
0
1069463854
0
1070853674
2147483648
1066219480
0
1069377278
0
1068452166
0
1070754707
1073741824
1072356469
1073741824
1072391491
3221225472
1066080152
0
1071754125
536870912
1071514813
1073741824
1071123226
1073741824
1070210194
2147483648
1071122760
0
1071780086
1073741824
1071677230
1610612736
1072130230
2147483648
1072434028
1610612736
1070664122
3221225472
1067315704
0
1067896916
0
1070636936
2147483648
1071131798
0
1070756696
0
1072310962
536870912
1064636480
0
1069949319
0
1072465577
3221225472
1069334760
0
1069384648
0
1072562675
3221225472
1072033044
2147483648
1070637007
1073741824
1072121887
2147483648
1072366445
536870912
1068004154
0
1065751440
0
1071866982
1610612736
1071717877
1610612736
1070893753
2147483648
1071454721
0
1070811207
0
1072198612
2684354560
1070336999
0
1068819595
0
1072632211
2147483648
1071793455
1073741824
1072647040
1610612736
1072104308
0
1071502378
2147483648
1072139122
536870912
1072028767
536870912
1072317991
0
1071158769
3221225472
1070163206
2147483648
1068500307
0
1069933543
0
1072500014
0
1071179625
0
1069243410
0
1070979827
0
1069701736
2147483648
1072186639
536870912
1070494155
0
1069048091
0
1072184477
1610612736
1071982263
3758096384
1071461100
1073741824
1072693247
2684354560
6
