Uvec
2226355706
1071942254
1073741824
1070788252
3221225472
1072486313
536870912
1070726170
0
1072186256
1073741824
1071202863
0
1067634150
0
1072061123
1610612736
1072339033
1610612736
1071656346
2147483648
1072505226
2147483648
1072287734
1610612736
1070640891
3221225472
1069631447
0
1071768701
1610612736
1066870540
0
1071659711
2684354560
1069659639
0
1071249394
3221225472
1068863671
0
1070099276
0
1072191784
1073741824
1069959552
2147483648
1070116996
2147483648
1071645926
2147483648
1072610005
3758096384
1072113374
2684354560
1071983015
0
1071852298
2147483648
1070760172
0
1072643066
1073741824
1071035262
3221225472
1072557100
2147483648
1071028114
1073741824
1069337266
0
1072088380
536870912
1067324912
0
1070204004
0
1072191164
1073741824
1069622007
2147483648
1070072998
0
1072385180
2684354560
1071183110
1073741824
1070469884
2147483648
1070590157
0
1072394627
1610612736
1066126152
0
1069302729
0
1069821893
2147483648
1070933844
0
1071977091
3221225472
1070881589
3221225472
1069951019
0
1070161258
2147483648
1072175521
1073741824
1064762800
0
1071873992
536870912
1072606948
3221225472
1072426526
1610612736
1071953201
1073741824
1071817047
1610612736
1071126814
3221225472
1071113938
2147483648
1072305260
1610612736
1071974689
3221225472
1071068926
0
1071690609
536870912
1071106369
0
1072540770
1610612736
1071791819
0
1066575344
0
1068533690
0
1071492290
2147483648
1071365816
3221225472
1072193838
3758096384
1071671290
3758096384
1070099025
2147483648
1072432515
536870912
1067826450
0
1066925156
0
1072181339
3758096384
1070724033
3221225472
1066120528
0
1070837832
3221225472
1071007219
1073741824
1071976111
3758096384
1071281092
1073741824
1070468714
0
1072314291
0
1071156464
0
1071615347
1073741824
1069856538
0
1069154494
0
1072506162
2684354560
1071672473
536870912
1069794946
0
1072608473
1610612736
1072022144
2147483648
1071461100
1073741824
1072693247
2684354560
65
