Uvec
2226355706
1067457192
0
1067142392
0
1071656038
3758096384
1072067451
2684354560
1072677418
1610612736
1072528599
3758096384
1072247804
1073741824
1071787697
2147483648
1071621982
1073741824
1072360625
1073741824
1072038821
1610612736
1071635208
1073741824
1068129960
0
1071821103
3758096384
1071778897
1610612736
1071822850
1073741824
1070064917
0
1072081349
2684354560
1071653290
1073741824
1072235149
536870912
1072457800
3758096384
1070622224
2147483648
1070785995
1073741824
1069113704
0
1070731660
2147483648
1069910539
2147483648
1070814379
1073741824
1071180554
1073741824
1072629028
2684354560
1071369861
1073741824
1070601835
0
1072095327
3758096384
1072255267
3221225472
1072355856
3758096384
1072601282
536870912
1071956888
536870912
1072036862
536870912
1068751599
0
1072622840
2684354560
1070834890
1073741824
1070204040
0
1070257936
2147483648
1071318311
3221225472
1072135651
536870912
1071738300
1073741824
1072627245
536870912
1070680657
3221225472
1071559911
0
1070794048
1073741824
1071406356
0
1072333387
1073741824
1071083983
1073741824
1071815983
536870912
1071981263
1073741824
1068872617
0
1071977990
1610612736
1072174754
2684354560
1072639145
1073741824
1069340854
0
1071163115
2147483648
1072289894
2684354560
1072656987
2684354560
1072129851
536870912
1072689235
2684354560
1072273747
1610612736
1069919091
0
1072183370
2684354560
1070526605
2147483648
1071558330
3221225472
1065610816
0
1072625273
0
1072089860
0
1066927636
0
1071520285
1073741824
1069873356
0
1071725303
3758096384
1072418754
536870912
1072664696
536870912
1072341622
2147483648
1071990267
0
1072063297
2147483648
1069017274
0
1072273754
2684354560
1071746405
3221225472
1072557327
1610612736
1071892022
3221225472
1071823215
3758096384
1069870667
0
1070094060
2147483648
1069111189
0
1072623196
3221225472
1067875702
0
1072677009
1073741824
1068416500
0
1072224183
1610612736
1072156228
2684354560
1071061462
0
1072178666
0
1071461100
1073741824
1072693247
2684354560
20
