Uvec
2226355706
1072159979
0
1071571567
0
1071825557
1610612736
1069595437
0
1071772270
3758096384
1070194224
0
1071809658
3221225472
1072217680
536870912
1070829601
2147483648
1068653337
0
1070687103
1073741824
1071959160
0
1067518742
0
1071412889
1073741824
1070992394
2147483648
1071674423
3221225472
1072404922
2147483648
1072310255
1610612736
1071567245
1073741824
1071905971
2684354560
1072313357
2147483648
1070144485
0
1072040351
536870912
1067985866
0
1071724474
0
1070775374
1073741824
1072299725
2684354560
1070898336
0
1066678916
0
1072405569
0
1072173435
2147483648
1072639749
536870912
1070766314
3221225472
1071937172
0
1072006704
1610612736
1072305160
2684354560
1071969424
0
1071280966
3221225472
1071362233
2147483648
1071780051
2684354560
1066777804
0
1072384083
3221225472
1071770738
2684354560
1069002302
0
1071835804
2684354560
1071717187
3758096384
1072505038
0
1072164463
0
1071809209
1073741824
1071273520
1073741824
1072423117
0
1071993798
2147483648
1072236852
1073741824
1069229051
0
1069837323
0
1071910858
0
1071396254
2147483648
1070863329
0
1071774421
1610612736
1070812036
3221225472
1070758618
3221225472
1072217264
1073741824
1072185958
2684354560
1071925314
0
1070938931
2147483648
1068601636
0
1069133038
0
1067185392
0
1068840131
0
1072568222
0
1072309933
2684354560
1072247464
2147483648
1069721266
2147483648
1071540206
3221225472
1072113198
536870912
1072127270
3221225472
1072172380
3758096384
1072141260
1610612736
1072567553
1073741824
1068294482
0
1072191174
1610612736
1071133374
0
1071745516
2147483648
1072050805
2684354560
1071930189
2147483648
1072016049
2684354560
1068784887
0
1072241866
2684354560
1070130857
0
1072271600
1073741824
1070960776
3221225472
1071641657
2147483648
1070246983
2147483648
1069459066
0
1071749180
1610612736
1070152635
2147483648
1071341402
0
1070921849
1073741824
1071461100
1073741824
1072693247
2684354560
22
