Uvec
2226355706
1072027842
1610612736
1071957761
3221225472
1069098236
0
1071748353
536870912
1066655672
0
1066945668
0
1070873289
0
1066596012
0
1071727376
0
1072631196
1073741824
1064361088
0
1072489976
2684354560
1070987980
3221225472
1072526945
1610612736
1071453117
3221225472
1068897357
0
1064305008
0
1072482903
2684354560
1072008940
3221225472
1071130230
0
1072489023
2147483648
1071670817
2147483648
1068903270
0
1071693334
2147483648
1068854127
0
1071632361
1073741824
1072404576
2684354560
1071664432
536870912
1072020457
536870912
1071952712
2684354560
1072153192
2147483648
1071701630
536870912
1070698164
3221225472
1071837938
3221225472
1072332184
3221225472
1068840321
0
1071413674
0
1071419078
3221225472
1071880295
1073741824
1069736590
2147483648
1071052157
1073741824
1072309887
3758096384
1072132891
1073741824
1069181877
0
1072128803
1073741824
1070586850
2147483648
1071117524
1073741824
1072067134
3221225472
1071150111
0
1072547348
0
1069603149
0
1072400567
2684354560
1069197381
0
1069210169
0
1071048249
1073741824
1072217466
1610612736
1071019035
1073741824
1071559471
1073741824
1072081921
2684354560
1068729169
0
1071640443
2147483648
1070784118
0
1070721895
2147483648
1068998098
0
1071908787
2147483648
1070828707
1073741824
1072655206
1610612736
1072446681
3221225472
1071800613
2684354560
1069849131
2147483648
1071743427
2684354560
1069933791
0
1072502156
536870912
1071385365
3221225472
1072058903
536870912
1070436619
0
1070826234
1073741824
1072332477
1073741824
1071676318
0
1067513244
0
1071571328
3221225472
1070668653
1073741824
1072009341
3758096384
1072310699
0
1071477452
2147483648
1072663856
3758096384
1071716612
2147483648
1069594331
2147483648
1072285055
3221225472
1071743594
3221225472
1072341976
536870912
1071656734
0
1070692698
1073741824
1069570717
0
1070623485
2147483648
1072031609
536870912
1071703092
1073741824
1071166739
2147483648
1071461100
1073741824
1072693247
2684354560
79
