Uvec
2226355706
1069732745
2147483648
1068582672
0
1071220259
1073741824
1070696385
0
1070836174
3221225472
1071115459
0
1072488232
2684354560
1070198763
0
1071246201
2147483648
1069026055
0
1071779004
2684354560
1072689289
1073741824
1072258482
0
1072548622
0
1071534476
3221225472
1069858001
0
1071762108
3221225472
1071952180
3221225472
1071473844
2147483648
1072380561
3221225472
1072111901
3758096384
1069898741
0
1072692670
2147483648
1072285689
1073741824
1070314912
2147483648
1070034799
0
1071080945
2147483648
1068206628
0
1072513742
2147483648
1072378757
2684354560
1071391481
1073741824
1072148246
0
1071898060
536870912
1071766327
1073741824
1072515928
1073741824
1071387578
1073741824
1069592833
0
1070127857
0
1071056405
2147483648
1072182782
1610612736
1072309020
1610612736
1070269334
0
1070478993
2147483648
1072516682
0
1072031715
3758096384
1072191737
0
1071655495
2684354560
1072414233
1073741824
1072030570
3221225472
1071631925
3221225472
1071743531
536870912
1071677126
1610612736
1068490186
0
1070437528
2147483648
1071890854
1073741824
1069073837
0
1072684801
3758096384
1072002879
3758096384
1072432591
1073741824
1071729001
536870912
1072273664
3758096384
1072180645
1073741824
1071671667
3221225472
1071293429
2147483648
1072644019
2147483648
1071970928
0
1070233749
0
1072121975
1610612736
1071521191
1073741824
1072384840
2147483648
1072010108
2684354560
1071869325
0
1072026703
1073741824
1069976576
0
1072499271
2684354560
1072376652
536870912
1069690034
0
1072173348
536870912
1069672424
0
1071815655
536870912
1072047973
2684354560
1072434587
3221225472
1071794256
3221225472
1072127510
2147483648
1072254602
2684354560
1072471054
2147483648
1072175016
2684354560
1069557956
0
1071791463
3221225472
1071922429
536870912
1070205225
0
1072311421
0
1070179309
0
1071064752
3221225472
1069821430
0
1072465146
3758096384
1071722658
2684354560
1072255439
2147483648
1071461100
1073741824
1072693247
2684354560
52
