Uvec
2226355706
1071908763
2684354560
1070852876
0
1070393843
0
1071677430
3758096384
1068208818
0
1071699652
1073741824
1072197252
0
1071967746
1073741824
1072376159
1073741824
1072443024
2684354560
1071707955
3221225472
1070025074
2147483648
1072343895
1610612736
1071665940
0
1071180019
1073741824
1072115743
3758096384
1069000915
0
1072277699
3758096384
1072601099
2147483648
1071134392
2147483648
1071804929
0
1070591692
0
1070910443
2147483648
1070056449
2147483648
1072409492
536870912
1071797342
2684354560
1069483863
0
1071511946
3221225472
1069788042
2147483648
1069546111
0
1071419990
2147483648
1068060416
0
1072683620
2147483648
1072331431
1073741824
1071246686
0
1071564081
2147483648
1071985560
536870912
1072166792
3758096384
1072506591
3758096384
1070598445
3221225472
1072205925
1073741824
1072600731
2147483648
1072679266
1610612736
1071687606
3758096384
1069359135
0
1071843901
1610612736
1072414739
2147483648
1070245499
0
1072391869
1610612736
1072567532
3758096384
1069794115
0
1071445498
0
1071244582
0
1072242570
1073741824
1072511031
3221225472
1072042416
536870912
1072529485
0
1070989133
2147483648
1071675919
2684354560
1070960619
3221225472
1067878750
0
1072428608
1610612736
1069652475
2147483648
1071652739
3221225472
1071132632
1073741824
1070626732
1073741824
1070882495
1073741824
1071871007
2684354560
1071170885
2147483648
1072027202
1610612736
1071770063
1610612736
1069345528
0
1071849489
1610612736
1065669464
0
1072240826
1610612736
1071020564
2147483648
1072396599
3221225472
1072589199
536870912
1072406771
1073741824
1072590217
0
1070829105
2147483648
1070110852
0
1072043983
1610612736
1069557972
2147483648
1072348656
1073741824
1072524304
536870912
1071741896
3221225472
1069676122
0
1072530281
2147483648
1072299918
2147483648
1072213227
1073741824
1068697881
0
1070490594
0
1070075568
2147483648
1072261732
1610612736
1070162506
2147483648
1069658575
2147483648
1072350560
1073741824
1071461100
1073741824
1072693247
2684354560
34
