Uvec
2226355706
1071778264
1073741824
1072561497
3758096384
1068592302
0
1071529310
0
1067118196
0
1072275002
3221225472
1071819349
536870912
1069093094
0
1072684155
536870912
1072539073
3758096384
1071008937
2147483648
1072401401
0
1070677039
3221225472
1071586809
2147483648
1070836763
1073741824
1070949323
0
1068186470
0
1072475125
2147483648
1070741318
3221225472
1070643607
0
1071983389
2147483648
1071359230
3221225472
1067541100
0
1072503634
3221225472
1071116112
1073741824
1071965380
3221225472
1072252130
3758096384
1069851899
0
1070407703
2147483648
1070596227
3221225472
1068552549
0
1068837874
0
1069083779
0
1069766191
0
1068781848
0
1071424967
3221225472
1070981313
2147483648
1071627157
3221225472
1071097619
1073741824
1071354234
2147483648
1072356089
1073741824
1070935510
3221225472
1072009267
3221225472
1069902322
2147483648
1070268219
2147483648
1072297498
536870912
1070952880
3221225472
1070844867
1073741824
1071938059
1073741824
1070457289
0
1071795866
1073741824
1071654770
2684354560
1070817699
1073741824
1071977982
1073741824
1072241171
2684354560
1069959124
0
1071599511
1073741824
1072312407
0
1072329607
536870912
1070736679
1073741824
1071433628
0
1065877520
0
1070580454
2147483648
1072093458
0
1071813397
1073741824
1072435539
1610612736
1070472402
0
1071859684
3758096384
1071001989
3221225472
1071208423
2147483648
1071790924
2147483648
1069869089
2147483648
1069812561
0
1070351669
2147483648
1072323781
2684354560
1072680311
2147483648
1071754338
536870912
1070795773
1073741824
1070028321
2147483648
1072056090
2147483648
1072174335
3758096384
1070787497
3221225472
1072234496
536870912
1068723582
0
1072376674
0
1070400970
0
1072374464
0
1070601144
2147483648
1072117878
1073741824
1070319657
2147483648
1069865973
0
1072094053
0
1066086808
0
1070656011
2147483648
1071640441
3221225472
1071962384
2684354560
1072261191
0
1070741028
0
1071461100
1073741824
1072693247
2684354560
74
