Uvec
2226355706
1071733288
3758096384
1071928293
1610612736
1071857370
2147483648
1072637771
536870912
1072594823
3758096384
1072255553
536870912
1071626596
1073741824
1072273199
2684354560
1071436855
1073741824
1071945486
2684354560
1071612731
2147483648
1071239619
0
1069438560
0
1072667778
3221225472
1071092562
3221225472
1072125842
3221225472
1070216037
0
1072155036
3758096384
1071882619
1073741824
1072147837
2684354560
1071130732
3221225472
1070615336
2147483648
1068703060
0
1069099325
0
1072441944
1610612736
1072431787
0
1071501144
2147483648
1072253291
0
1071927001
2684354560
1071819846
2147483648
1072327354
2684354560
1071642690
3221225472
1069730702
0
1067082280
0
1070766309
3221225472
1071147142
2147483648
1069559010
2147483648
1071667279
3221225472
1072486612
2684354560
1068595729
0
1071256430
2147483648
1072108549
1610612736
1071438876
2147483648
1068794590
0
1070968121
2147483648
1072201522
0
1068183788
0
1072613786
536870912
1070325351
0
1072367360
3221225472
1071980775
536870912
1072081878
3758096384
1069834014
0
1068420626
0
1070949524
2147483648
1070438588
0
1072478288
0
1072310916
0
1069069680
0
1072006561
1610612736
1070446162
0
1067808618
0
1072457462
2147483648
1072248703
3221225472
1068490768
0
1071145699
2147483648
1070925405
0
1071747321
1073741824
1068890349
0
1071459642
3221225472
1072562498
3758096384
1072281183
536870912
1071792756
1610612736
1070589043
0
1071795721
1073741824
1069063170
0
1070252368
2147483648
1071585892
2147483648
1071817416
2684354560
1070924542
3221225472
1069477257
0
1071177501
0
1069441625
0
1071886325
3758096384
1071901475
3221225472
1070109575
0
1072311746
1610612736
1070848950
1073741824
1071885515
2147483648
1071806906
0
1070695504
2147483648
1072382842
2684354560
1071478554
1073741824
1072219747
3221225472
1071895389
3758096384
1072272623
536870912
1072033000
1610612736
1070665586
1073741824
1071461100
1073741824
1072693247
2684354560
20
