Uvec
2226355706
1071702803
536870912
1071753446
1073741824
1071649886
3758096384
1071265331
3221225472
1070730114
2147483648
1068004868
0
1070197518
0
1072051921
0
1071166307
1073741824
1071109255
0
1072563404
0
1070983682
2147483648
1071377830
0
1072621228
3758096384
1072127116
2684354560
1071789858
2684354560
1072525788
536870912
1068741949
0
1071915521
2684354560
1072045428
3758096384
1071463357
1073741824
1071949673
3758096384
1071149051
0
1069300980
0
1071922712
0
1069962497
2147483648
1071767571
1073741824
1069809013
2147483648
1071807941
1073741824
1070609092
1073741824
1072319158
0
1068040534
0
1072029360
1610612736
1072057311
2684354560
1070994428
0
1072606175
0
1072411370
1073741824
1066537420
0
1068935639
0
1072609095
2684354560
1071781357
2684354560
1070635778
3221225472
1070957971
0
1070955076
2147483648
1071639745
1073741824
1071191949
1073741824
1068811999
0
1070852026
3221225472
1070963845
0
1072295017
536870912
1072513634
536870912
1072192896
1073741824
1072586479
1073741824
1072520025
0
1072181447
0
1071526892
3221225472
1070933562
2147483648
1071764305
536870912
1066272176
0
1066970016
0
1071607828
1073741824
1072465792
0
1072288722
2147483648
1072050640
2147483648
1072552778
1610612736
1071025206
1073741824
1072186255
536870912
1071760242
536870912
1071067493
1073741824
1068857364
0
1072472484
2147483648
1069697496
0
1071941378
2147483648
1071920682
1610612736
1072411701
2684354560
1067963392
0
1072544604
0
1072030888
1610612736
1070811538
3221225472
1072079920
3758096384
1070970423
0
1069443222
0
1072302710
1073741824
1072515411
1610612736
1072004785
536870912
1068783238
0
1071581789
1073741824
1072213052
3221225472
1071724591
2147483648
1072579626
1610612736
1071898041
0
1071123833
3221225472
1072421896
2684354560
1071855604
2684354560
1072347461
536870912
1072412703
2147483648
1068185714
0
1072213114
1610612736
1071461100
1073741824
1072693247
2684354560
93
