Uvec
2226355706
1068680232
0
1071759456
3758096384
1072125419
2147483648
1070368554
0
1065652640
0
1072632434
2147483648
1070192126
0
1068708259
0
1072448989
3758096384
1071436323
3221225472
1070080968
2147483648
1072578825
2684354560
1071574526
2147483648
1071647905
0
1070868590
3221225472
1072180725
0
1069150247
0
1071987413
536870912
1072391446
1073741824
1068642671
0
1066832108
0
1071471411
3221225472
1072443844
1610612736
1069228898
0
1071204867
1073741824
1071962125
3221225472
1071780088
1610612736
1070834737
2147483648
1072664944
3221225472
1070710950
3221225472
1070283576
0
1072021387
3758096384
1071616033
2147483648
1072599569
3221225472
1071954203
536870912
1072516110
2684354560
1072126292
2147483648
1070600438
3221225472
1071374726
0
1072323492
1073741824
1071831646
2147483648
1066110048
0
1072073636
1073741824
1072195502
0
1072344257
536870912
1067758094
0
1067653868
0
1070032117
0
1070387568
0
1072616553
3221225472
1072448897
1073741824
1072312020
3221225472
1072285128
1610612736
1071865326
536870912
1072428625
2684354560
1071181451
2147483648
1068603501
0
1072188543
1610612736
1072457143
1610612736
1071411308
1073741824
1072037957
3221225472
1072250497
2147483648
1069975613
2147483648
1072101686
2684354560
1068776588
0
1071432168
1073741824
1072399989
3758096384
1072079745
3221225472
1072356151
3221225472
1069411503
0
1071569592
1073741824
1071084827
1073741824
1070324952
2147483648
1071736265
3758096384
1072051052
1073741824
1070118300
0
1072277835
536870912
1070738999
2147483648
1072266949
2147483648
1069739045
0
1071979845
1610612736
1069637449
0
1071126268
3221225472
1072564375
1073741824
1072589008
2684354560
1072509753
536870912
1069795112
2147483648
1072200606
2684354560
1071626944
0
1072642208
3758096384
1071946794
0
1070711182
1073741824
1069795598
0
1072271448
2147483648
1071687016
536870912
1071652012
1610612736
1072076779
3221225472
1072368923
1610612736
1071461100
1073741824
1072693247
2684354560
77
