Uvec
2226355706
1065556304
0
1069846255
2147483648
1070166757
0
1072099477
3758096384
1066736500
0
1072299148
1073741824
1070783055
3221225472
1072291577
2684354560
1070948586
0
1070191562
0
1070215709
2147483648
1071710899
3221225472
1071628778
2147483648
1070716167
0
1072340994
2147483648
1072174577
3221225472
1072171070
2147483648
1070383475
2147483648
1071432405
0
1071020522
2147483648
1070819199
2147483648
1071563530
1073741824
1069966408
0
1072158104
0
1071782494
1610612736
1071843080
3221225472
1071973977
1073741824
1071514716
0
1072130729
3221225472
1069783484
2147483648
1071442137
0
1071313480
2147483648
1065229200
0
1070622022
0
1069799879
2147483648
1072347504
1610612736
1065109360
0
1072684309
536870912
1070009439
2147483648
1072530134
1073741824
1070453669
0
1071606474
1073741824
1072060933
2684354560
1071978641
2147483648
1069968771
0
1072076975
3221225472
1072353151
0
1072376398
2147483648
1071958785
1610612736
1071809138
1073741824
1072395384
536870912
1068534892
0
1071036132
0
1070825111
3221225472
1071493291
2147483648
1072161910
3758096384
1072158528
3221225472
1071222815
0
1071123214
1073741824
1070296269
0
1072455304
1610612736
1071155473
3221225472
1072104563
2147483648
1072659012
0
1071988223
536870912
1070095941
2147483648
1071236769
0
1071854657
0
1072458463
2147483648
1071705245
1610612736
1069098303
0
1072681520
2684354560
1070935409
0
1072393683
0
1071877290
0
1072120583
0
1071097932
1073741824
1072059146
2684354560
1071814775
1073741824
1071269005
3221225472
1071969697
1073741824
1070571661
2147483648
1072055160
1610612736
1071711085
2684354560
1071490208
1073741824
1072180075
2147483648
1072230587
3221225472
1070977282
1073741824
1071537003
2147483648
1072559182
3221225472
1071553287
3221225472
1072323285
2684354560
1071016794
2147483648
1070178294
2147483648
1072314993
3758096384
1070381930
0
1072394718
0
1071697851
2684354560
1071461100
1073741824
1072693247
2684354560
5
