Uvec
2226355706
1070437616
0
1072224877
0
1072111085
1073741824
1070729664
2147483648
1072327407
3758096384
1071824527
1610612736
1072294439
3758096384
1072374795
536870912
1072168720
1610612736
1071769360
0
1065982464
0
1072101823
1610612736
1071416369
2147483648
1070744708
0
1070993614
3221225472
1070901164
3221225472
1071030413
0
1072410263
3221225472
1071637734
2147483648
1071798318
2684354560
1070812397
3221225472
1070941129
2147483648
1072072325
0
1071456666
1073741824
1071988484
0
1071828706
3758096384
1070281130
0
1070287276
2147483648
1072014710
1610612736
1071117851
0
1072258981
3221225472
1071080701
0
1072341799
0
1072303599
1610612736
1069444564
0
1070767730
0
1072439754
2684354560
1070866620
1073741824
1071261452
0
1071038304
0
1069651822
2147483648
1070986221
2147483648
1066801516
0
1065203760
0
1071823366
0
1072466553
2147483648
1071064283
3221225472
1069684172
2147483648
1072634178
2684354560
1071787610
3221225472
1072186357
2684354560
1070009390
0
1070693107
2147483648
1070600998
2147483648
1071748843
1073741824
1071812472
2147483648
1072535568
2684354560
1072509571
3221225472
1072315769
3758096384
1072639164
536870912
1071766764
3758096384
1070604236
0
1071784976
1610612736
1068392014
0
1071037218
2147483648
1070300660
2147483648
1064623104
0
1070222139
2147483648
1070807713
2147483648
1071521011
2147483648
1072055537
536870912
1071973043
3221225472
1071941604
2147483648
1070097801
2147483648
1070041583
0
1071695680
2147483648
1069907345
0
1071711108
3758096384
1070049208
0
1072481800
3221225472
1070757048
3221225472
1072540506
2684354560
1070903336
2147483648
1070851482
0
1072110331
0
1071941429
1073741824
1071221970
2147483648
1071996045
2684354560
1072388957
536870912
1072284693
1073741824
1072209638
1610612736
1070035675
0
1071665429
0
1071702328
2147483648
1069970182
2147483648
1072518346
3758096384
1071962939
3221225472
1071900605
3758096384
1071461100
1073741824
1072693247
2684354560
93
