Uvec
2226355706
1071342093
1073741824
1070822280
1073741824
1072538382
3758096384
1071280540
3221225472
1071680651
536870912
1064778656
0
1069366144
0
1072510022
0
1066571272
0
1070748753
3221225472
1068341234
0
1072432356
3758096384
1072477138
1073741824
1072572179
2147483648
1070660153
2147483648
1068091378
0
1068560909
0
1070829126
0
1072503603
2684354560
1072081022
2684354560
1071538827
3221225472
1071409140
3221225472
1072028923
2684354560
1070705765
2147483648
1071938031
3221225472
1069961539
2147483648
1072543633
1073741824
1071951281
3758096384
1072137085
536870912
1071857364
0
1070293496
0
1068752319
0
1072245042
2684354560
1072057419
1610612736
1071916711
1610612736
1072384455
2147483648
1070941441
0
1071220573
2147483648
1072291118
536870912
1071920226
3221225472
1071778771
3221225472
1072132104
2684354560
1072491800
536870912
1071687585
0
1071867075
1073741824
1072333364
536870912
1072329797
2684354560
1070069125
2147483648
1070244095
2147483648
1072294165
0
1071686623
1073741824
1067816356
0
1071275080
0
1072034748
1073741824
1071932162
3758096384
1071744000
536870912
1072477920
2147483648
1072400764
3221225472
1070819420
0
1068830252
0
1071426022
2147483648
1072113726
0
1072468286
2684354560
1072567772
536870912
1070633761
2147483648
1071999011
536870912
1072024896
2684354560
1071151685
1073741824
1071865318
1073741824
1072654682
3221225472
1072315149
1610612736
1071636057
3221225472
1069672091
0
1071901340
2684354560
1071761045
2147483648
1069887750
0
1071731462
2684354560
1071028820
3221225472
1072641969
1073741824
1070971112
0
1070533538
2147483648
1072646643
3221225472
1072340180
3221225472
1071939842
3221225472
1072207650
0
1071034426
0
1071592847
1073741824
1072648392
536870912
1072237372
1073741824
1071367952
2147483648
1072350787
1610612736
1068857617
0
1066998960
0
1072604403
536870912
1071852139
536870912
1070920522
0
1071885842
536870912
1068690378
0
1071461100
1073741824
1072693247
2684354560
59
