Uvec
2226355706
1071236414
3221225472
1071949768
3758096384
1068778256
0
1071519310
1073741824
1070497774
0
1068060742
0
1071018669
0
1070244239
2147483648
1066561480
0
1072558543
2684354560
1072456402
1073741824
1069948648
2147483648
1071813983
0
1071488346
1073741824
1072032575
536870912
1071388618
3221225472
1069973790
2147483648
1071012682
3221225472
1071410354
1073741824
1071768840
3758096384
1071087770
2147483648
1070846253
2147483648
1072423002
0
1068984622
0
1071088517
2147483648
1072589743
3758096384
1071413234
3221225472
1072588476
536870912
1071897438
536870912
1069804652
0
1070555664
0
1070340909
2147483648
1071092990
0
1069368305
0
1072487123
2684354560
1071847859
3221225472
1072310891
536870912
1071407006
1073741824
1071837417
3221225472
1070598440
2147483648
1072171631
0
1069424299
0
1068807028
0
1072521137
0
1072389523
3758096384
1070660604
1073741824
1071709819
536870912
1068200008
0
1070714194
0
1070340448
0
1070497416
2147483648
1071715680
536870912
1071222387
0
1069985122
0
1071766045
3221225472
1069853369
0
1070500953
2147483648
1071689103
1073741824
1072151512
1073741824
1071707309
3758096384
1069682403
2147483648
1072208914
536870912
1072509069
2684354560
1072555685
536870912
1072354913
1073741824
1071257178
0
1072248788
536870912
1068863036
0
1069338967
0
1068707772
0
1068606383
0
1069558160
2147483648
1072442441
3221225472
1072152865
1610612736
1072641774
1073741824
1072403965
1610612736
1071735326
3758096384
1070814023
0
1070117273
0
1072149242
1073741824
1071680034
1073741824
1072525818
3758096384
1071883317
1610612736
1072682875
0
1072376926
3221225472
1071506547
2147483648
1071962475
3221225472
1071593385
0
1072112047
536870912
1072435154
3221225472
1072131653
3221225472
1070940136
1073741824
1072145025
1073741824
1072452150
2147483648
1071974233
2147483648
1069939321
0
1071062837
1073741824
1072425301
536870912
1071461100
1073741824
1072693247
2684354560
36
