Uvec
2226355706
1072292144
0
1071991563
3221225472
1072406042
536870912
1071841824
1073741824
1069076963
0
1071881049
2147483648
1072225517
1073741824
1070764323
2147483648
1071703062
1610612736
1071877775
1610612736
1071722767
0
1071746212
2147483648
1071702935
3758096384
1071990801
1073741824
1067761454
0
1070946394
1073741824
1072060594
2147483648
1070811947
2147483648
1071845862
2684354560
1071918114
3758096384
1072440593
536870912
1068031696
0
1072344400
3221225472
1067802006
0
1070013400
2147483648
1070948799
3221225472
1071045540
1073741824
1071754405
2147483648
1072133725
536870912
1068505794
0
1072328934
3758096384
1066254208
0
1072419132
1073741824
1072447201
0
1070497249
0
1068857982
0
1072157933
3221225472
1069653665
2147483648
1071569719
3221225472
1072377131
0
1072213731
2684354560
1071902955
1073741824
1071748476
2147483648
1069156999
0
1072606590
2684354560
1071408069
3221225472
1072639278
1610612736
1071300532
1073741824
1072287335
1073741824
1072411044
1073741824
1072514824
1610612736
1071084053
1073741824
1072096276
3221225472
1071268029
2147483648
1071573690
0
1072399475
1610612736
1069770013
2147483648
1072173971
3221225472
1071252090
0
1070937193
1073741824
1069441952
0
1072605545
2147483648
1071394328
0
1072347462
3758096384
1072027342
3758096384
1072043972
3221225472
1065907760
0
1069985728
2147483648
1072172316
1073741824
1069879596
2147483648
1071372285
1073741824
1072634436
3221225472
1072172548
2684354560
1069581548
0
1071315944
0
1071819910
536870912
1072555247
3758096384
1069849116
0
1072666741
2684354560
1071823543
1610612736
1071300077
3221225472
1072385399
2147483648
1072634359
3221225472
1072080467
2684354560
1072132598
1073741824
1071082291
3221225472
1069441542
0
1071643973
1073741824
1071112872
0
1071546416
0
1072499718
2147483648
1072525041
2684354560
1069295697
0
1072504802
1610612736
1070606054
1073741824
1072683411
2147483648
1068811074
0
1071618639
3221225472
1071461100
1073741824
1072693247
2684354560
71
