Uvec
2226355706
1069423100
0
1069262374
0
1072548551
3221225472
1072529208
3221225472
1071850735
1073741824
1072424845
3758096384
1070475325
0
1072400480
3758096384
1071626056
2147483648
1071600201
1073741824
1072067846
1610612736
1071408660
1073741824
1071880280
1073741824
1071631957
2147483648
1070959874
3221225472
1068589011
0
1071727385
3758096384
1071396231
1073741824
1072022701
1610612736
1071914469
1073741824
1070910717
0
1071545562
1073741824
1070710523
0
1067791440
0
1072619324
3758096384
1067205496
0
1071088344
3221225472
1072340723
2684354560
1071448661
1073741824
1072439366
536870912
1070161026
0
1069690026
0
1067645972
0
1071002932
3221225472
1068689874
0
1069489906
0
1070661200
2147483648
1069599021
2147483648
1071582552
1073741824
1064782672
0
1071190108
3221225472
1072029757
1073741824
1071687049
2147483648
1070307779
0
1072542025
1073741824
1072206694
2147483648
1071485495
1073741824
1070150685
0
1072352187
3758096384
1072091950
3758096384
1070909345
0
1070513958
2147483648
1070934985
3221225472
1067089072
0
1070644136
1073741824
1071094430
3221225472
1071822602
2684354560
1071238698
3221225472
1072240770
3221225472
1072690000
2684354560
1071883892
1610612736
1070233554
0
1071682698
1073741824
1070789218
0
1071234616
3221225472
1068774293
0
1072063716
0
1071186479
3221225472
1070870929
0
1071747739
536870912
1072594889
3221225472
1072313181
1610612736
1069080210
0
1072016607
536870912
1072620719
1610612736
1072185189
2147483648
1069787415
2147483648
1071776906
1610612736
1071752673
536870912
1070181755
2147483648
1072202958
3758096384
1070531000
2147483648
1072664441
3221225472
1071978406
1610612736
1072362205
2147483648
1071429904
1073741824
1071416425
2147483648
1071258011
3221225472
1072260754
0
1072250418
2684354560
1072132656
0
1071044453
2147483648
1071517048
0
1070210332
0
1072332975
2147483648
1069982740
0
1072022099
0
1072422854
536870912
1071461100
1073741824
1072693247
2684354560
25
