Uvec
2226355706
1071104908
1073741824
1068831096
0
1072141534
3221225472
1072229312
2684354560
1071778787
2684354560
1072131025
0
1072496932
2147483648
1065629624
0
1070612611
1073741824
1071154656
2147483648
1071288509
0
1072647048
3758096384
1071561748
1073741824
1071492056
0
1072461391
3758096384
1070718166
2147483648
1072445922
1073741824
1071267562
3221225472
1071759137
0
1071222498
2147483648
1070204224
0
1072568171
3758096384
1070788428
3221225472
1072685537
1610612736
1070995954
1073741824
1070415246
0
1072263457
1610612736
1072015974
2147483648
1072390685
3758096384
1072093593
3221225472
1069035240
0
1069210891
0
1071934572
1073741824
1072037109
3221225472
1072098048
2684354560
1068975180
0
1071605926
2147483648
1072689305
1610612736
1066456320
0
1071890512
3221225472
1071828577
1073741824
1071907149
1073741824
1069982493
0
1072606628
2147483648
1071791039
2147483648
1071756806
3221225472
1071869906
0
1071292270
1073741824
1071045986
1073741824
1070874663
1073741824
1070692611
3221225472
1070570378
0
1071662241
2684354560
1071613694
3221225472
1071335935
3221225472
1071019344
0
1072070737
1610612736
1072472894
2684354560
1068875544
0
1072436482
3221225472
1071784189
2684354560
1072602651
3221225472
1072279856
3758096384
1071270959
0
1071956939
3758096384
1072414727
1610612736
1072415641
0
1071954807
3221225472
1072261646
0
1071751714
1610612736
1072674451
1073741824
1070612154
3221225472
1071682397
1610612736
1069726844
0
1072361919
536870912
1072357726
2684354560
1072628040
3758096384
1065640040
0
1072365013
2147483648
1072101097
1610612736
1071315297
2147483648
1068591516
0
1071682090
1073741824
1070390118
2147483648
1069454091
0
1072307646
0
1071286380
2147483648
1072279890
2684354560
1072455865
1610612736
1072245309
2684354560
1071844815
2684354560
1067388420
0
1072285125
2147483648
1072609932
536870912
1070638925
0
1072122007
2147483648
1071948700
1073741824
1071302818
2147483648
1071461100
1073741824
1072693247
2684354560
14
