Uvec
2226355706
1072164367
2684354560
1070255329
0
1072298774
2147483648
1071255975
3221225472
1071489545
1073741824
1071279712
2147483648
1072318644
0
1071977803
536870912
1070829521
1073741824
1071861996
3221225472
1067889760
0
1072680209
0
1071985947
2147483648
1070899415
1073741824
1071081314
3221225472
1069286360
0
1071898072
3221225472
1071796065
3758096384
1064704000
0
1071336816
3221225472
1070745642
1073741824
1071677063
3758096384
1071491347
0
1072496511
3221225472
1072039654
2684354560
1069259612
0
1072569064
1073741824
1070247381
0
1071616128
2147483648
1071504844
2147483648
1067372736
0
1070222632
0
1072572643
536870912
1072575798
3758096384
1071930105
3758096384
1071176732
3221225472
1071800930
2684354560
1069873857
0
1070620920
2147483648
1069741834
0
1069945242
2147483648
1071758199
1073741824
1069566136
2147483648
1071370039
2147483648
1071711648
2684354560
1071683838
1073741824
1069151545
0
1072540365
1073741824
1071978729
3221225472
1070518096
2147483648
1071977677
3758096384
1071670592
2684354560
1069721787
2147483648
1072148057
3758096384
1067729202
0
1071791077
536870912
1072661379
0
1070759934
2147483648
1071333127
1073741824
1072303148
2147483648
1071845309
2147483648
1071503235
3221225472
1072114606
3221225472
1072044105
2684354560
1070808073
3221225472
1067828682
0
1068138786
0
1071101475
2147483648
1072327744
1610612736
1072353210
0
1071868917
1073741824
1071598258
3221225472
1070255711
0
1072120755
2684354560
1069880330
2147483648
1071848122
0
1072090259
536870912
1072441865
1610612736
1069014615
0
1071913005
2684354560
1064333488
0
1072155021
1073741824
1071170017
3221225472
1072474333
3221225472
1068678999
0
1072502831
2684354560
1069361197
0
1070634827
3221225472
1072367971
536870912
1070802205
2147483648
1072145380
3758096384
1071780812
2147483648
1071682319
1610612736
1071606243
3221225472
1069231690
0
1070803897
1073741824
1071207946
3221225472
1072677591
3758096384
1071461100
1073741824
1072693247
2684354560
81
