Uvec
2226355706
1070261848
2147483648
1071664113
1073741824
1071647814
2684354560
1072004178
3221225472
1071063557
1073741824
1070697713
0
1072291943
3221225472
1070198433
2147483648
1071599444
1073741824
1071666791
2147483648
1072031019
3758096384
1072444489
1610612736
1072040265
0
1069274093
0
1070984785
0
1069940177
2147483648
1070088134
2147483648
1072239538
3758096384
1070678856
2147483648
1072023934
1610612736
1071712367
3221225472
1072401976
1610612736
1066439360
0
1069014359
0
1072121402
0
1072515379
2684354560
1071720864
2147483648
1070808161
0
1064451536
0
1070652860
2147483648
1072283846
0
1071033554
3221225472
1069849201
0
1071737851
1610612736
1069685236
0
1071419102
0
1072355784
2684354560
1071031753
1073741824
1071941755
0
1070871402
3221225472
1072608917
2147483648
1072127727
0
1072625498
2684354560
1069971810
2147483648
1071974189
536870912
1070297752
0
1071964085
1073741824
1072684892
1610612736
1072662942
0
1070964247
2147483648
1070873947
0
1072402769
0
1070484270
0
1072355213
2147483648
1072609524
2147483648
1072139099
3221225472
1069516365
0
1070860193
1073741824
1072626386
2147483648
1072136179
2684354560
1072334218
1610612736
1071769419
1610612736
1071829441
536870912
1070716585
2147483648
1071491315
0
1072507718
1610612736
1070922167
1073741824
1072237404
1073741824
1070468350
2147483648
1070838069
0
1071483850
2147483648
1070646965
3221225472
1071649952
2147483648
1072510058
3221225472
1070668554
0
1071975161
0
1072153849
2147483648
1068864184
0
1071873945
536870912
1071735828
1073741824
1071351435
0
1070750458
1073741824
1067779530
0
1071884677
3758096384
1071441909
3221225472
1071003092
0
1070394988
0
1072462356
1073741824
1070020242
0
1070794010
2147483648
1070542866
2147483648
1069955819
0
1068033784
0
1072380944
536870912
1071731430
3758096384
1072469013
536870912
1072668336
0
1072051428
1073741824
1071461100
1073741824
1072693247
2684354560
76
