Uvec
2226355706
1069255505
0
1071627777
3221225472
1071716516
2147483648
1072663875
2684354560
1072292577
536870912
1072643087
0
1069484248
0
1072331612
1073741824
1072020354
0
1072494435
1610612736
1070416422
2147483648
1071070765
1073741824
1072121882
3221225472
1069188590
0
1071252453
0
1071815287
1073741824
1071864044
3221225472
1069304798
0
1070761415
2147483648
1065326480
0
1071689330
2147483648
1071862009
1610612736
1068902229
0
1065807416
0
1066028872
0
1072415249
1610612736
1068572147
0
1071821041
2684354560
1071874766
1610612736
1071864408
0
1070711680
2147483648
1069820595
2147483648
1070547631
2147483648
1072357952
3221225472
1071261821
3221225472
1071664715
1610612736
1067174076
0
1070640356
3221225472
1071651525
2147483648
1069666032
2147483648
1071839068
0
1071982747
2684354560
1071455212
0
1072011822
1073741824
1069217718
0
1071413997
1073741824
1071845784
536870912
1071837403
1610612736
1068287792
0
1072402458
1073741824
1071993322
1610612736
1069607080
2147483648
1072504797
536870912
1068507792
0
1067640834
0
1071453419
1073741824
1071207826
3221225472
1071451553
0
1071454065
0
1067268344
0
1072576770
2684354560
1070764928
2147483648
1071850928
536870912
1072477019
2684354560
1069098311
0
1071535377
0
1071609882
0
1070854937
0
1072439414
3758096384
1072231118
3758096384
1069185752
0
1072366595
2147483648
1070076139
2147483648
1072248272
1610612736
1072247799
2147483648
1071831606
1073741824
1071167403
0
1069213240
0
1064071840
0
1071099231
1073741824
1071706384
1073741824
1072056363
3758096384
1072186403
2684354560
1071324071
3221225472
1072367545
3758096384
1070796390
2147483648
1072211714
0
1071678334
2147483648
1071886080
1610612736
1071077725
1073741824
1072535557
3758096384
1072363864
3221225472
1072292256
2684354560
1072012255
1073741824
1062761408
0
1071163739
2147483648
1070327154
2147483648
1066894644
0
1071461100
1073741824
1072693247
2684354560
81
