Uvec
2226355706
1071737597
2147483648
1065443968
0
1070889016
0
1070956457
2147483648
1072206247
3758096384
1071055280
3221225472
1068122482
0
1070150023
2147483648
1069929098
2147483648
1071970366
536870912
1072091228
1073741824
1071147100
2147483648
1070966772
0
1068718165
0
1072210855
2147483648
1069481057
0
1071419046
1073741824
1071082902
0
1069910769
2147483648
1072544616
2684354560
1072319328
3758096384
1071425810
3221225472
1071992200
1073741824
1072012690
1610612736
1068795018
0
1071192393
2147483648
1072449420
3221225472
1069630042
0
1072227355
1610612736
1071893472
2684354560
1072475959
3221225472
1072427092
3758096384
1067933318
0
1071897663
0
1072191517
2684354560
1072674529
3221225472
1070676359
2147483648
1070623890
2147483648
1072400372
536870912
1071503831
1073741824
1070995999
2147483648
1071758515
2147483648
1070672484
2147483648
1071836981
0
1069355287
0
1072664602
2147483648
1070275362
0
1069835011
2147483648
1070869396
3221225472
1072144570
2684354560
1071134628
1073741824
1071963729
536870912
1072121938
1610612736
1072325862
2147483648
1070655875
1073741824
1072591041
3758096384
1066949228
0
1072360348
2684354560
1071057217
1073741824
1070412970
0
1071539173
3221225472
1068778258
0
1071418960
3221225472
1068285638
0
1072386355
1073741824
1069623754
2147483648
1071033189
3221225472
1072133558
3221225472
1072323423
3758096384
1072239204
2147483648
1070636171
3221225472
1069937687
2147483648
1072218972
1073741824
1071348194
1073741824
1071896823
536870912
1070319332
0
1072611046
3221225472
1071858724
1610612736
1071988924
1073741824
1072551494
1073741824
1066624136
0
1072196503
2147483648
1072280115
0
1072420964
2147483648
1072385472
2147483648
1068428006
0
1072386066
0
1071415503
0
1071776328
1610612736
1072047737
2684354560
1069806530
2147483648
1071344582
3221225472
1069860929
2147483648
1069880328
0
1071702406
3221225472
1072101298
1073741824
1072518664
1073741824
1072442743
2684354560
1071461100
1073741824
1072693247
2684354560
16
