Uvec
2226355706
1071956745
0
1070939526
0
1069966929
0
1072119671
1610612736
1070939493
1073741824
1072611291
536870912
1071858271
3221225472
1067038760
0
1069105683
0
1071897026
0
1067841090
0
1072003797
1073741824
1072274131
1073741824
1072183737
3758096384
1072637914
2147483648
1072614298
1610612736
1072414135
1073741824
1071948726
2684354560
1072588908
536870912
1065185088
0
1071387105
1073741824
1069084241
0
1071151477
2147483648
1071020544
3221225472
1071372045
0
1072665334
1073741824
1072094912
1610612736
1071061995
3221225472
1071007543
0
1071140509
2147483648
1071722080
0
1072387492
3221225472
1070135783
0
1070905588
1073741824
1072389833
0
1070960615
3221225472
1066950312
0
1072297429
2684354560
1071945663
0
1072642678
536870912
1070571809
2147483648
1071714476
3221225472
1072601622
0
1071171835
2147483648
1070598620
3221225472
1069119119
0
1071299291
3221225472
1070793624
3221225472
1071312432
0
1072289005
1073741824
1068556657
0
1072571493
1610612736
1071194628
3221225472
1072036198
2684354560
1070762516
2147483648
1072479578
3758096384
1072120137
0
1072485398
1610612736
1071241039
0
1070281553
0
1071125387
0
1071845597
536870912
1071326185
3221225472
1071703454
2147483648
1070227773
2147483648
1071723968
3221225472
1071766903
2147483648
1072379495
1610612736
1071699104
0
1072348544
3758096384
1071546282
2147483648
1072341875
3221225472
1070438254
2147483648
1071154325
0
1072406732
1610612736
1070607559
1073741824
1072100718
3221225472
1071915162
3221225472
1071055832
3221225472
1070733220
3221225472
1072359669
1610612736
1072394832
536870912
1069799972
2147483648
1070921056
1073741824
1071480881
0
1070380766
2147483648
1072525852
3758096384
1070813096
3221225472
1072080692
1610612736
1072267027
2147483648
1070933201
0
1070637071
3221225472
1070562011
0
1072566119
3221225472
1070806035
1073741824
1071742106
2684354560
1072254893
2147483648
1064728480
0
1071461100
1073741824
1072693247
2684354560
22
