Uvec
2226355706
1071958239
2684354560
1065069056
0
1072187809
1610612736
1067040420
0
1071886240
2684354560
1067165308
0
1072091146
1073741824
1070624861
2147483648
1069967679
2147483648
1070802557
3221225472
1071613318
1073741824
1072180553
3758096384
1070435820
0
1067784852
0
1071851086
1073741824
1072077975
0
1070658088
0
1071565630
3221225472
1072312720
3221225472
1069636734
2147483648
1072394850
2684354560
1072104184
1073741824
1071407978
0
1071553078
3221225472
1071960155
3221225472
1072166146
2684354560
1071780014
2684354560
1070342874
2147483648
1072677483
0
1071284398
1073741824
1071432543
0
1071348919
2147483648
1071899398
3221225472
1066674988
0
1069574938
0
1072252374
1610612736
1071186229
3221225472
1071944362
1073741824
1069359984
0
1072241280
1610612736
1068350864
0
1068322110
0
1072004225
1073741824
1072124737
1610612736
1071269245
0
1071704910
3221225472
1070506169
0
1071610062
2147483648
1069895008
0
1072681378
1073741824
1072671688
536870912
1071578946
3221225472
1071439943
1073741824
1071891110
0
1071940358
3221225472
1072305959
0
1072480127
536870912
1070084445
0
1072126082
0
1070852795
3221225472
1072605803
0
1070604362
1073741824
1068791689
0
1071745435
536870912
1072463700
0
1072513840
1073741824
1070644529
0
1072266374
536870912
1071323538
1073741824
1071565221
0
1072555959
2147483648
1071077277
0
1069724811
0
1072152426
1073741824
1071749181
1073741824
1072133739
536870912
1069618490
2147483648
1070277869
0
1072140892
1610612736
1072000638
2147483648
1072619008
1073741824
1069281101
0
1072176859
1073741824
1070624515
3221225472
1070980545
0
1070757152
2147483648
1072071049
3758096384
1072594166
3221225472
1072416882
1073741824
1067915838
0
1069691523
0
1071352254
1073741824
1071719089
1073741824
1071602337
0
1072592009
2684354560
1072185392
0
1071875315
2147483648
1072070358
1073741824
1071461100
1073741824
1072693247
2684354560
68
