Uvec
2226355706
1071940431
536870912
1067041076
0
1072416541
2147483648
1071412274
2147483648
1071811399
3758096384
1071943956
2684354560
1072277208
0
1072600823
536870912
1071462139
0
1072607658
2684354560
1072204662
0
1071423047
2147483648
1071671145
536870912
1072326283
0
1071598322
0
1071846570
0
1071979759
1073741824
1069088404
0
1071752446
2684354560
1071664609
2147483648
1071949765
1610612736
1070153059
0
1072595699
3221225472
1069782888
0
1072072293
0
1071829143
0
1072136856
536870912
1069786687
2147483648
1068684110
0
1072155839
3221225472
1071663308
3758096384
1067890290
0
1070927122
1073741824
1072099948
2684354560
1072442289
2684354560
1071833400
1610612736
1072672762
3758096384
1072055373
3221225472
1072672453
3221225472
1072147997
1610612736
1071826513
1610612736
1070623979
3221225472
1072378407
536870912
1072239833
536870912
1072143779
2684354560
1072111233
3758096384
1071873162
3221225472
1069574302
2147483648
1072556319
2147483648
1067524402
0
1070039188
0
1069867145
0
1071927487
1610612736
1069974039
0
1070981676
0
1072345137
2147483648
1071842382
0
1071846964
1073741824
1072303948
2684354560
1070887930
3221225472
1072587080
1610612736
1070352062
2147483648
1068992385
0
1071904288
1073741824
1072341422
3221225472
1071672606
3758096384
1070460627
2147483648
1071959663
0
1068013256
0
1071385802
3221225472
1071335024
1073741824
1070206378
2147483648
1072101707
2147483648
1072532097
3221225472
1071311797
1073741824
1072503812
1610612736
1071631040
2147483648
1070069855
0
1071794105
3221225472
1071795856
0
1067980114
0
1072152232
1610612736
1071148059
3221225472
1071929702
1610612736
1071231441
2147483648
1070418943
0
1071263708
3221225472
1069159678
0
1072681936
1610612736
1072126179
2684354560
1069359034
0
1070241663
0
1071540043
3221225472
1072303242
3221225472
1070922656
2147483648
1070902012
1073741824
1070752615
1073741824
1072356634
2684354560
1071461100
1073741824
1072693247
2684354560
33
