Uvec
2226355706
1071099521
2147483648
1069773028
2147483648
1072537824
3221225472
1067711418
0
1068304276
0
1071282744
1073741824
1070036944
2147483648
1071912142
536870912
1070219029
0
1069666520
2147483648
1069990658
0
1071364094
3221225472
1069902644
0
1070784975
1073741824
1071723193
1073741824
1072043486
2147483648
1071698672
536870912
1071741723
3758096384
1072420971
2147483648
1071763873
1073741824
1072343430
1073741824
1070693566
3221225472
1071824602
2147483648
1072315288
2147483648
1070335019
2147483648
1071523230
0
1067657078
0
1072553736
2684354560
1071700313
0
1068868772
0
1071366098
0
1071779105
1073741824
1071655536
3758096384
1072339247
2147483648
1064784096
0
1072574020
1610612736
1069269368
0
1067603406
0
1072091999
2147483648
1069397267
0
1069523356
0
1068821804
0
1071844862
2684354560
1072564182
1073741824
1071874803
3758096384
1071677218
0
1072566774
1610612736
1071804643
1073741824
1072289331
3758096384
1071245123
3221225472
1071885786
1073741824
1072157235
536870912
1072364306
536870912
1070785952
2147483648
1072370969
536870912
1071520606
2147483648
1071757362
0
1072561583
3758096384
1072172593
3758096384
1072634195
2147483648
1069984665
0
1071763869
3758096384
1069813447
0
1071058118
0
1071099202
2147483648
1072454585
1073741824
1072402538
2684354560
1072104129
1073741824
1072609807
1073741824
1071498273
3221225472
1071791705
3221225472
1072129279
1073741824
1071641717
1073741824
1071887186
2684354560
1068702188
0
1067367660
0
1071948735
0
1071682586
2684354560
1071673918
1073741824
1072629403
2684354560
1072653043
1610612736
1071051156
1073741824
1071447016
0
1071928665
1610612736
1070195371
0
1071858826
536870912
1072317749
2684354560
1071318861
1073741824
1072415113
536870912
1072427637
0
1071377774
2147483648
1072683132
2684354560
1070590220
0
1070901989
2147483648
1069601897
0
1072081584
2147483648
1072512227
3758096384
1072367508
0
1071461100
1073741824
1072693247
2684354560
89
