Uvec
2226355706
1071930198
536870912
1070892557
0
1071668969
1610612736
1069455049
0
1068382408
0
1072553406
3221225472
1072645631
1073741824
1070102884
0
1071862886
536870912
1071636799
1073741824
1072674933
1073741824
1072069329
536870912
1070084317
2147483648
1072087583
3221225472
1072488124
0
1072676129
0
1070677999
0
1071472013
0
1071369966
0
1071063354
0
1072061595
2684354560
1072609158
2147483648
1072190299
0
1072543084
1073741824
1071926680
3758096384
1072001929
3758096384
1072412479
536870912
1072355832
3221225472
1071515019
0
1071625518
1073741824
1071045113
0
1072492324
536870912
1071702841
1610612736
1072653988
3221225472
1071804294
3221225472
1070140926
2147483648
1071906200
3758096384
1071074486
2147483648
1070433789
2147483648
1072607002
1610612736
1070919697
0
1069478952
0
1071177432
2147483648
1072009412
1610612736
1070583313
2147483648
1071035183
1073741824
1069042040
0
1071787897
536870912
1071697232
3758096384
1070953553
2147483648
1071445462
1073741824
1072031940
1073741824
1071848765
536870912
1072577463
0
1072348253
0
1069930320
0
1069700144
0
1069971215
0
1071191027
3221225472
1070635159
3221225472
1068033292
0
1072289374
1073741824
1072043060
3221225472
1071977361
3758096384
1072457433
3221225472
1071845843
0
1072542565
2147483648
1071984576
1073741824
1070705945
3221225472
1070031143
0
1071175293
0
1071095393
2147483648
1070852265
2147483648
1072308896
3758096384
1070026888
2147483648
1070912768
3221225472
1071797891
0
1072174622
0
1070888116
3221225472
1070350784
0
1071840702
3758096384
1070239203
2147483648
1070913453
3221225472
1072237284
3758096384
1071702341
0
1071679064
1610612736
1071178829
0
1069157024
0
1072089278
0
1071256946
0
1071320027
2147483648
1071630762
2147483648
1071529739
3221225472
1070476981
0
1072307313
0
1072417135
0
1071413815
3221225472
1072624386
1610612736
1071461100
1073741824
1072693247
2684354560
64
