Uvec
2226355706
1067753070
0
1071257579
0
1072146979
536870912
1072042418
2684354560
1072440140
1073741824
1070918565
1073741824
1071179930
1073741824
1072050107
1610612736
1072548362
3221225472
1070901435
3221225472
1068575510
0
1070121488
0
1071082634
3221225472
1071489908
3221225472
1070235929
0
1070770329
3221225472
1072649341
2147483648
1067888572
0
1072514265
1610612736
1071019457
3221225472
1070691494
3221225472
1071664510
2684354560
1070829087
2147483648
1072557301
1610612736
1069855882
2147483648
1071917745
0
1071679415
3221225472
1072521505
1610612736
1072283676
1610612736
1064733728
0
1071127587
0
1072153417
1073741824
1071384872
2147483648
1067426712
0
1072160211
2684354560
1072177080
1610612736
1070818179
3221225472
1072420261
2147483648
1069930205
0
1070592965
0
1072641486
3221225472
1071318041
2147483648
1071281972
1073741824
1071895439
3758096384
1071249950
3221225472
1071275074
0
1067826714
0
1072339507
2147483648
1071241252
1073741824
1067009936
0
1070823731
0
1072081743
3221225472
1072264551
1610612736
1071840114
1073741824
1069730282
2147483648
1068395936
0
1071271713
2147483648
1064140480
0
1072499024
3758096384
1071715943
2684354560
1072578186
1610612736
1070433680
2147483648
1071048079
1073741824
1071620002
3221225472
1071149284
3221225472
1070387048
0
1068942900
0
1072310554
3221225472
1071108934
0
1070744438
3221225472
1069631479
2147483648
1071817124
0
1072624829
2684354560
1071030942
3221225472
1072455314
3758096384
1071896625
3221225472
1070859478
0
1071197835
2147483648
1070234325
0
1071689024
2684354560
1070857265
1073741824
1071576436
3221225472
1072656416
1610612736
1071928679
536870912
1068626931
0
1069573004
0
1071828719
536870912
1072326644
3758096384
1072615219
3758096384
1070926114
3221225472
1071010912
3221225472
1069206676
0
1071120424
3221225472
1072626881
0
1072129972
536870912
1069168520
0
1071776577
1073741824
1068905312
0
1071461100
1073741824
1072693247
2684354560
78
