Uvec
2226355706
1069258055
0
1070039259
0
1072459741
0
1070601878
3221225472
1072115555
2147483648
1072225494
2684354560
1072521451
1610612736
1072263654
3758096384
1071895522
536870912
1070697618
2147483648
1070789386
1073741824
1069173916
0
1071709454
1610612736
1072360241
1610612736
1069782849
0
1071464322
3221225472
1069961007
2147483648
1070281897
0
1071924912
536870912
1067904570
0
1072409952
2147483648
1072298303
3758096384
1072034005
2684354560
1071104544
2147483648
1071749259
2147483648
1071619754
2147483648
1071752040
2684354560
1070813288
0
1072049734
536870912
1072489057
2684354560
1072204010
1073741824
1068805096
0
1070840330
1073741824
1071200263
0
1072263731
2147483648
1072203578
3758096384
1072086956
3221225472
1068696188
0
1072615646
0
1070862940
0
1072293127
1610612736
1071298743
1073741824
1070801206
1073741824
1072490939
536870912
1072623732
1610612736
1071224122
0
1072244308
2684354560
1072608850
1610612736
1071037716
1073741824
1068920801
0
1069636891
0
1071945533
1610612736
1072267006
1610612736
1070811731
0
1071859376
1610612736
1071681092
3221225472
1070843566
3221225472
1072025018
2147483648
1071326680
2147483648
1070332858
2147483648
1072021934
0
1068667390
0
1072483065
3758096384
1070644715
3221225472
1069606051
2147483648
1072602651
3758096384
1071825296
1610612736
1071997955
3221225472
1072005271
3758096384
1067603942
0
1072648030
1073741824
1071724998
1610612736
1071760304
0
1071571729
3221225472
1072454092
3758096384
1072400724
1073741824
1065535312
0
1071699411
536870912
1070933536
2147483648
1070291063
2147483648
1072422002
0
1064847200
0
1071898769
536870912
1071687095
1073741824
1071667657
536870912
1068514054
0
1066355648
0
1071759980
1073741824
1070901906
2147483648
1071367681
0
1068545682
0
1070449244
2147483648
1072509412
2147483648
1072607470
2147483648
1069550657
0
1071306637
2147483648
1071281883
1073741824
1072150747
536870912
1071461100
1073741824
1072693247
2684354560
5
