Uvec
2226355706
1071718337
536870912
1071754448
2684354560
1072165909
0
1070689973
3221225472
1072005489
536870912
1071121473
2147483648
1072659632
3221225472
1071933947
1073741824
1072651645
2147483648
1071934809
1610612736
1070590217
2147483648
1070800109
1073741824
1070004070
0
1068593997
0
1070495105
0
1071559501
1073741824
1071923447
536870912
1071772400
536870912
1071837062
1073741824
1072412227
2684354560
1072435214
2147483648
1072544198
3221225472
1069703036
0
1069949541
0
1069961971
0
1072355147
1610612736
1072218096
1610612736
1072010602
1610612736
1067379988
0
1072341176
0
1072612680
2684354560
1070905742
3221225472
1072334818
0
1070167256
2147483648
1072485674
0
1072665275
536870912
1070998714
3221225472
1071408980
1073741824
1069851893
0
1069761655
0
1070340646
0
1072026590
0
1071960026
2684354560
1072637712
1610612736
1071577376
1073741824
1069866720
2147483648
1072142244
1073741824
1072482198
536870912
1072101362
1610612736
1070666442
2147483648
1072398811
1073741824
1072016221
3221225472
1068740154
0
1066446612
0
1064927760
0
1072390310
0
1069936447
2147483648
1071053601
1073741824
1071785964
3221225472
1071857414
1073741824
1071942188
0
1070683468
3221225472
1071202456
2147483648
1071737228
2147483648
1072177270
3758096384
1068071050
0
1071845551
3758096384
1069806722
0
1069896472
2147483648
1070998821
0
1072299926
1610612736
1069764708
2147483648
1071881147
0
1070905070
0
1068931408
0
1072011733
3221225472
1068991806
0
1072172985
1073741824
1070615875
1073741824
1071944085
536870912
1070487177
2147483648
1071462706
1073741824
1071904083
2147483648
1071456804
0
1072146852
1610612736
1068354026
0
1072460618
1610612736
1068545987
0
1063074944
0
1072452567
1610612736
1071088298
2147483648
1071350574
3221225472
1072344769
0
1071977138
3758096384
1072351828
3221225472
1072105256
536870912
1072683471
3758096384
1069616567
0
1071461100
1073741824
1072693247
2684354560
28
