Uvec
2226355706
1071357441
1073741824
1072052125
2684354560
1072137529
3221225472
1072311662
3758096384
1071954764
1610612736
1072314687
2684354560
1072048573
3221225472
1072566303
2147483648
1070338994
2147483648
1069869592
2147483648
1068857572
0
1067942596
0
1070608265
0
1072415428
0
1071669943
3221225472
1072308338
0
1072143000
3758096384
1072073427
2147483648
1068569956
0
1066514956
0
1068122728
0
1072105409
0
1072626996
3221225472
1070151388
2147483648
1066228272
0
1070278563
0
1072270580
1610612736
1071589551
0
1072551262
2684354560
1072032117
0
1072238086
3758096384
1071193765
2147483648
1071115517
2147483648
1071335121
2147483648
1069327276
0
1070921793
2147483648
1071510330
0
1069535880
0
1071931808
3221225472
1072422546
1610612736
1072556033
1610612736
1068654908
0
1067953738
0
1071338685
1073741824
1072646320
536870912
1072038264
1073741824
1066422808
0
1071886689
3758096384
1071616317
3221225472
1069324861
0
1071830018
1073741824
1072572333
1073741824
1071006482
3221225472
1072175420
3221225472
1071229145
3221225472
1071072849
0
1070493466
0
1070841930
1073741824
1072380995
0
1072610079
1610612736
1068353396
0
1071251115
2147483648
1072351474
2147483648
1071318214
0
1068230090
0
1068671726
0
1071279428
1073741824
1070553563
2147483648
1071542144
2147483648
1071810884
1610612736
1072097604
536870912
1070456415
2147483648
1069914092
0
1070681369
2147483648
1070942737
1073741824
1068157000
0
1069311590
0
1070270925
0
1071382746
0
1071368605
3221225472
1072021220
2684354560
1072212737
2147483648
1070631943
2147483648
1071484122
3221225472
1070381525
0
1071186554
3221225472
1071126947
1073741824
1070689604
1073741824
1070625894
1073741824
1072690472
2684354560
1071864044
3758096384
1070090184
2147483648
1071926628
536870912
1072109964
1610612736
1072064769
1073741824
1072254031
1610612736
1071767616
3221225472
1069349306
0
1071461100
1073741824
1072693247
2684354560
28
