Uvec
2226355706
1072521744
2147483648
1072465392
2147483648
1070881288
0
1071597776
2147483648
1070828874
0
1071744339
2684354560
1072106956
3758096384
1071992307
2684354560
1071929547
2147483648
1069086512
0
1072336552
0
1070763149
2147483648
1071885413
536870912
1070746308
2147483648
1071852204
1073741824
1071814233
3758096384
1072614651
3221225472
1065659200
0
1072495459
3758096384
1071908030
536870912
1069072557
0
1069827634
2147483648
1071291899
2147483648
1072299818
1073741824
1072567606
536870912
1072635827
3758096384
1071628771
1073741824
1072114391
2684354560
1071712626
3221225472
1070601826
1073741824
1069635317
0
1072186244
1610612736
1072210484
1073741824
1071048593
1073741824
1069453319
0
1072256778
1073741824
1070763442
3221225472
1069019615
0
1071224843
0
1071308559
1073741824
1072329622
1610612736
1071972556
2684354560
1072345584
3221225472
1071880059
0
1070392388
2147483648
1072529309
536870912
1072576870
3758096384
1071872032
1610612736
1071897862
1073741824
1068815705
0
1071617618
1073741824
1071976391
1610612736
1071214650
0
1072611155
2147483648
1071640031
3221225472
1068104410
0
1071884843
3221225472
1072269509
3221225472
1071033704
0
1071766250
2684354560
1072304867
3758096384
1072556212
0
1072629589
1610612736
1070239203
0
1070397405
2147483648
1071670795
1610612736
1069298343
0
1070300195
2147483648
1070693904
2147483648
1071867155
1610612736
1070193234
2147483648
1071791127
3221225472
1071482477
1073741824
1071673951
2147483648
1072166246
2147483648
1070795238
3221225472
1071786190
2684354560
1071993845
2147483648
1072201224
2684354560
1072597814
2147483648
1072292781
2684354560
1072436726
1610612736
1071060249
2147483648
1069505560
0
1069751854
2147483648
1071660537
1610612736
1072551101
2147483648
1070994591
1073741824
1072150555
1073741824
1071929031
3758096384
1071696852
536870912
1071972097
1610612736
1071655168
0
1072237987
2684354560
1071708308
0
1071883202
2684354560
1069560873
0
1072518650
1073741824
1071461100
1073741824
1072693247
2684354560
19
