Uvec
2226355706
1071145229
3221225472
1071936969
2147483648
1071453923
2147483648
1072509566
3221225472
1071133827
2147483648
1071720560
0
1068571935
0
1072185067
536870912
1070101103
2147483648
1071840450
3221225472
1071750581
3758096384
1069766422
2147483648
1071916725
3221225472
1072130544
2684354560
1072265680
0
1071777150
0
1072125834
3758096384
1068545723
0
1071963891
3758096384
1072428247
2147483648
1070922778
0
1069649101
0
1071742308
1610612736
1072000252
1610612736
1071782941
3221225472
1071083456
1073741824
1072279384
3758096384
1070351485
0
1070783903
3221225472
1072342224
1073741824
1072010235
536870912
1069975165
2147483648
1071136579
0
1071647979
1073741824
1068955300
0
1070674520
3221225472
1070867144
1073741824
1071491854
0
1071226161
1073741824
1071665315
2147483648
1069977422
0
1071783229
0
1071826529
1073741824
1070099128
2147483648
1072150373
2147483648
1071996615
3221225472
1071518132
2147483648
1068060584
0
1070860397
2147483648
1072293651
2684354560
1071148588
1073741824
1072428406
1073741824
1070813480
1073741824
1072403613
2684354560
1071355694
2147483648
1072355808
1610612736
1071944792
3758096384
1072377671
3221225472
1072345947
2684354560
1070988292
2147483648
1071886241
1073741824
1072599490
3758096384
1072390856
0
1072144913
3758096384
1071716838
3221225472
1071065466
1073741824
1070131554
2147483648
1069657410
2147483648
1071900251
3221225472
1072279326
0
1070974520
3221225472
1071535583
3221225472
1071884397
3221225472
1069913387
2147483648
1071132240
3221225472
1070759308
1073741824
1071403656
3221225472
1068762888
0
1071453394
2147483648
1070598307
3221225472
1071975112
3758096384
1072238569
1073741824
1071659533
1610612736
1071736089
3221225472
1068971019
0
1072042829
2684354560
1072669752
2147483648
1072310832
536870912
1071822514
536870912
1072153978
536870912
1071196808
1073741824
1072566420
3758096384
1071885367
3221225472
1071129391
1073741824
1072626154
2147483648
1072477088
536870912
1072585669
3221225472
1072619401
3221225472
1071461100
1073741824
1072693247
2684354560
51
