Uvec
2226355706
1070089216
0
1071976173
0
1071919470
3221225472
1069766449
2147483648
1071992634
3221225472
1071884657
536870912
1071877420
1073741824
1070929202
0
1070528779
0
1071809684
536870912
1070021814
2147483648
1072518215
2147483648
1070937211
2147483648
1068437154
0
1072416876
1073741824
1071425285
3221225472
1070933188
2147483648
1068842200
0
1071942570
1073741824
1070037503
2147483648
1071897694
536870912
1072190489
2147483648
1072011234
1073741824
1070610119
0
1071798099
2147483648
1071743795
536870912
1071701750
3758096384
1071638120
1073741824
1069751481
2147483648
1070355399
0
1064016416
0
1070462229
2147483648
1070494185
0
1070869926
1073741824
1070117317
2147483648
1072192666
3221225472
1072099213
2684354560
1071818445
1610612736
1072376498
1073741824
1072234703
2147483648
1071768725
1073741824
1069857315
2147483648
1071802922
3758096384
1072476494
536870912
1072199327
0
1072400202
3221225472
1069720628
0
1068742636
0
1071848024
0
1072281614
0
1069468870
0
1072455112
1610612736
1071907230
3758096384
1072137763
536870912
1071818571
1610612736
1071177806
0
1071866913
0
1072158972
1073741824
1071824402
536870912
1069080341
0
1070994473
3221225472
1071700227
1610612736
1072484944
2684354560
1070869992
3221225472
1070613407
0
1072218041
2147483648
1072322782
2147483648
1070956348
1073741824
1070007951
0
1068557209
0
1072449236
3221225472
1072498216
536870912
1072347350
3221225472
1072561733
3758096384
1070114638
0
1072184513
2684354560
1072176492
0
1070756059
1073741824
1072440491
2147483648
1072417594
1073741824
1070798556
3221225472
1072164497
3758096384
1072212993
1610612736
1071744068
3758096384
1069406931
0
1069296615
0
1071912858
1073741824
1071334711
2147483648
1072161642
3221225472
1071790536
536870912
1071679632
1610612736
1071018664
2147483648
1071887324
2684354560
1072122667
0
1072079130
3221225472
1072438598
0
1070520146
0
1070513901
2147483648
1071461100
1073741824
1072693247
2684354560
80
