Uvec
2226355706
1072578021
1610612736
1071494989
1073741824
1072046406
536870912
1072192247
1610612736
1072641031
1073741824
1069608588
0
1070518507
0
1072546328
2147483648
1070859361
0
1071867653
1073741824
1071974494
3758096384
1071236224
0
1070088382
2147483648
1068976672
0
1070644114
0
1069878371
2147483648
1070313508
2147483648
1072109099
1610612736
1071937202
3221225472
1069458233
0
1071767417
1610612736
1069561259
2147483648
1071982084
1610612736
1072610581
2684354560
1069778090
2147483648
1072339271
1610612736
1072206330
536870912
1071978596
536870912
1070053453
0
1071421349
2147483648
1070867700
0
1070556254
0
1071487489
2147483648
1071028943
1073741824
1071708719
0
1072208265
536870912
1071187031
0
1071943261
3758096384
1072646671
3221225472
1065592656
0
1070189704
2147483648
1071736169
1610612736
1071311828
0
1071645720
0
1072234433
2684354560
1070554014
0
1070861460
2147483648
1070483182
0
1072341924
536870912
1071314453
0
1071917448
2147483648
1071655097
3758096384
1071376249
0
1068969311
0
1070319923
2147483648
1071979725
2684354560
1072496267
1610612736
1072619283
2684354560
1070548645
2147483648
1070448541
0
1071832335
1073741824
1072522067
2147483648
1071060273
1073741824
1072403295
2684354560
1070489891
0
1072363442
3758096384
1072031520
1610612736
1071307532
1073741824
1071493776
3221225472
1063951648
0
1071920873
536870912
1071579249
3221225472
1070040870
0
1071927951
536870912
1070958799
2147483648
1070728303
3221225472
1070675777
2147483648
1072428544
2147483648
1072692930
536870912
1068558707
0
1072417420
1073741824
1070945532
1073741824
1070802130
2147483648
1070453585
0
1068981721
0
1071266613
3221225472
1071079363
3221225472
1072498519
3221225472
1072686012
0
1071897056
3221225472
1069114366
0
1070616385
2147483648
1071675279
1073741824
1071703053
1610612736
1072488424
3758096384
1069888792
0
1070958977
0
1071014137
1073741824
1071461100
1073741824
1072693247
2684354560
32
