Uvec
2226355706
1072499893
2147483648
1071904301
3758096384
1071548207
0
1070127856
2147483648
1071911723
1610612736
1072525637
1073741824
1071759127
2684354560
1070039718
0
1072159434
1073741824
1072438699
2684354560
1072322439
2147483648
1072324840
536870912
1071543037
0
1070598258
2147483648
1069939037
0
1068441926
0
1070740745
1073741824
1069966573
0
1072512574
536870912
1069626317
0
1072537255
2684354560
1071436709
0
1071485235
1073741824
1071232417
2147483648
1071262734
0
1070235932
2147483648
1071728320
2684354560
1072560599
2684354560
1071940646
1610612736
1072031454
0
1069938419
2147483648
1072017322
536870912
1072148954
0
1072436216
536870912
1071898441
536870912
1071373858
1073741824
1071736007
1610612736
1072350239
536870912
1071310033
0
1071060450
2147483648
1068959568
0
1071656426
1073741824
1071623931
1073741824
1067747466
0
1070602204
0
1071844848
0
1070751895
2147483648
1072352578
2684354560
1072674516
2684354560
1069070511
0
1070348423
2147483648
1071657295
1610612736
1072189568
2684354560
1071665303
0
1070397328
0
1072553389
2147483648
1071292983
1073741824
1071555053
1073741824
1071776559
1610612736
1069733651
2147483648
1068058114
0
1070193137
2147483648
1071909516
0
1071273358
3221225472
1071910214
536870912
1070958398
1073741824
1067580424
0
1072691351
0
1072638574
2684354560
1072554691
2147483648
1069660636
0
1069734787
0
1072383781
2684354560
1072459233
3221225472
1069487739
0
1072126445
1073741824
1068606079
0
1072499689
2684354560
1071973963
536870912
1070305383
2147483648
1072592562
2147483648
1072688340
1610612736
1070870070
0
1066160264
0
1072460650
2684354560
1071016407
1073741824
1070752033
3221225472
1072580000
1610612736
1071307047
0
1071205558
2147483648
1071592671
3221225472
1067166912
0
1069696540
2147483648
1071873384
0
1068341144
0
1069855422
2147483648
1071638413
1073741824
1071824931
2684354560
1071461100
1073741824
1072693247
2684354560
73
