Uvec
2226355706
1070379042
2147483648
1068514633
0
1071976472
2147483648
1072292466
536870912
1070962907
0
1072361287
0
1070907007
2147483648
1068577772
0
1070841168
3221225472
1071888147
3758096384
1071383793
1073741824
1069830297
2147483648
1070773478
1073741824
1071862466
1073741824
1072217291
1610612736
1072152210
3221225472
1067074780
0
1069710060
2147483648
1071724694
3221225472
1068751424
0
1072051995
3221225472
1072581370
536870912
1072296318
3758096384
1070659345
0
1070278204
0
1072120943
3221225472
1072282476
3221225472
1069565032
2147483648
1072305401
0
1071669958
536870912
1072404631
1610612736
1068760192
0
1071736482
3221225472
1071185669
0
1072096034
536870912
1068497058
0
1070657590
3221225472
1071725261
3758096384
1063317536
0
1072647880
2147483648
1072141861
3758096384
1072055591
3758096384
1071878669
2147483648
1071949371
3221225472
1072250506
3221225472
1069844471
2147483648
1071648091
1610612736
1067730472
0
1071567121
2147483648
1071949080
3758096384
1071374044
1073741824
1069689035
0
1066550448
0
1072555902
2684354560
1071458958
1073741824
1071308374
3221225472
1070859250
0
1072507168
2684354560
1069385558
0
1071636683
2147483648
1065904488
0
1070100753
2147483648
1070693819
2147483648
1071481554
3221225472
1070800791
3221225472
1072366807
2147483648
1072075813
2147483648
1072438085
1610612736
1069380544
0
1071031714
0
1072491127
2147483648
1070399626
2147483648
1071653581
1610612736
1072593459
3221225472
1072014784
3221225472
1072196485
1073741824
1072637949
0
1070746798
1073741824
1071987789
2684354560
1072223551
0
1069902393
0
1068542840
0
1072304472
1073741824
1072375867
536870912
1072435255
2147483648
1070793539
1073741824
1070395739
0
1066584056
0
1071188078
1073741824
1071815479
3221225472
1071255821
3221225472
1070310671
2147483648
1067761652
0
1072179466
2147483648
1072074629
1610612736
1070989384
1073741824
1070539570
0
1067359628
0
1071461100
1073741824
1072693247
2684354560
90
