Uvec
2226355706
1070868513
2147483648
1068824190
0
1070980185
3221225472
1072509921
2147483648
1069564661
2147483648
1071698595
2147483648
1070233882
0
1071041142
0
1068906066
0
1072155084
3221225472
1071483878
0
1072472096
2147483648
1070115213
0
1072131660
536870912
1072298737
1073741824
1072253160
0
1069651619
0
1070538848
0
1065835592
0
1068055352
0
1072326906
1073741824
1072371439
2684354560
1072056582
2147483648
1070602406
0
1072067361
3758096384
1070589973
0
1070962141
2147483648
1070330604
2147483648
1072551909
3221225472
1071093392
2147483648
1070845190
3221225472
1068099070
0
1072308401
3221225472
1072257944
1610612736
1072644585
0
1071857190
536870912
1072197085
536870912
1067784540
0
1072557022
2684354560
1071037021
2147483648
1072137602
536870912
1072514847
2684354560
1070668923
3221225472
1068069062
0
1071690227
0
1071305238
0
1067738480
0
1071340974
2147483648
1072025573
1073741824
1068178098
0
1072173535
1073741824
1069509024
0
1072110417
1610612736
1071752673
1073741824
1072156150
3758096384
1065408752
0
1071652987
1073741824
1068247198
0
1071951102
2684354560
1072098557
2147483648
1068694783
0
1072654404
0
1070935361
0
1069613495
2147483648
1072162134
536870912
1067361204
0
1071381864
1073741824
1072158770
2147483648
1071972217
536870912
1069305270
0
1070326697
2147483648
1071719712
1610612736
1069243605
0
1071336822
1073741824
1070091991
2147483648
1072573835
1610612736
1069404242
0
1071881963
3221225472
1071946821
536870912
1071471057
2147483648
1072017025
1073741824
1067494714
0
1072687091
3758096384
1067803556
0
1072638650
536870912
1070677952
0
1072066669
0
1071464506
2147483648
1072208809
536870912
1070077868
2147483648
1071308175
0
1071739749
536870912
1070948356
1073741824
1072283513
3758096384
1071113646
1073741824
1071584840
1073741824
1071073627
3221225472
1071736329
536870912
1071461100
1073741824
1072693247
2684354560
23
