Uvec
2226355706
1072259227
2147483648
1071947150
3758096384
1072653974
536870912
1070882982
2147483648
1072187058
1073741824
1069896504
2147483648
1071760325
3221225472
1071909103
3221225472
1072131026
2147483648
1071827222
0
1069305419
0
1072083565
0
1071213935
1073741824
1068532558
0
1072331861
1610612736
1070617694
0
1072226214
0
1069919768
2147483648
1071995602
3758096384
1072324523
3758096384
1070277290
0
1070522623
2147483648
1069735465
0
1072040095
2684354560
1071663067
2147483648
1071004045
0
1071993401
536870912
1072132074
3758096384
1070352126
2147483648
1072296867
536870912
1071693910
1073741824
1072532546
0
1071229101
1073741824
1071999829
2684354560
1070710295
0
1071499756
3221225472
1071531669
0
1072474957
1073741824
1072075514
1073741824
1071931844
1610612736
1071116241
0
1068616515
0
1069127395
0
1071408093
2147483648
1071614033
1073741824
1070138851
2147483648
1070387576
0
1071842002
0
1071354817
0
1069833005
0
1070792082
3221225472
1072451140
1610612736
1067518364
0
1072161640
2684354560
1072547452
0
1070015149
0
1071730150
1610612736
1072411367
536870912
1072671630
3221225472
1072107529
0
1070592354
2147483648
1070602312
3221225472
1072116011
1073741824
1071767553
536870912
1071679119
2147483648
1071810511
536870912
1072156788
3758096384
1071994835
1073741824
1070858149
0
1071765006
2147483648
1072508444
3758096384
1071829925
536870912
1072106942
1610612736
1071953895
2147483648
1071411635
0
1070617957
1073741824
1071956832
2147483648
1070165303
2147483648
1071816754
0
1072581805
536870912
1072323071
536870912
1070901393
2147483648
1071633589
0
1071392233
2147483648
1071831552
1610612736
1072356511
3758096384
1070381070
0
1072315117
2684354560
1072277067
1073741824
1072662767
536870912
1071032534
3221225472
1071491227
2147483648
1071456485
3221225472
1072503843
536870912
1070525663
0
1071326447
1073741824
1072016387
2684354560
1069806487
2147483648
1071461100
1073741824
1072693247
2684354560
19
