Uvec
2226355706
1071908465
3221225472
1071687751
1073741824
1072678360
1610612736
1069543776
0
1070301913
2147483648
1070936648
2147483648
1067498376
0
1069462755
0
1070973234
2147483648
1071085866
3221225472
1068711124
0
1071742703
2147483648
1071089023
3221225472
1068991512
0
1071025690
1073741824
1071874598
0
1072522136
536870912
1072158538
2684354560
1071356652
1073741824
1070773211
0
1067403848
0
1069888496
2147483648
1069012815
0
1066544036
0
1071192082
3221225472
1071823963
0
1070778353
1073741824
1069933941
2147483648
1071328700
0
1069929845
0
1072499174
2684354560
1072669628
536870912
1072461404
2684354560
1071779627
1073741824
1072496459
3758096384
1070982991
2147483648
1072175287
536870912
1072493728
3221225472
1068139614
0
1071905883
0
1072177312
2684354560
1068585652
0
1071897408
3758096384
1070044840
2147483648
1070938950
3221225472
1071689633
1073741824
1071069309
1073741824
1072219977
1073741824
1065145792
0
1072118790
3758096384
1071628012
2147483648
1071498798
3221225472
1070695594
2147483648
1072195823
0
1072178059
3221225472
1070701213
1073741824
1072324057
536870912
1067489134
0
1071455602
3221225472
1071687196
2684354560
1070886112
2147483648
1067367524
0
1072203996
536870912
1069828982
0
1069441840
0
1068240618
0
1072199106
3221225472
1072042367
3221225472
1070984360
0
1072077015
1610612736
1071963646
3758096384
1072103314
2147483648
1071348086
3221225472
1069745960
2147483648
1072581852
1610612736
1069222765
0
1071803023
2684354560
1071951826
1610612736
1071438388
0
1071883621
1610612736
1065521320
0
1071772072
3758096384
1071856037
536870912
1072684245
3758096384
1072126274
2147483648
1071187762
3221225472
1072368139
1073741824
1071893310
2684354560
1071311983
3221225472
1069886774
2147483648
1071066867
1073741824
1070530292
0
1070302849
2147483648
1072280903
3221225472
1071879545
3758096384
1072543865
3221225472
1072328460
3221225472
1070017977
0
1071461100
1073741824
1072693247
2684354560
41
