Uvec
2226355706
1070824508
1073741824
1067747734
0
1071250883
1073741824
1071871022
536870912
1072595994
2684354560
1071358010
0
1071962870
3221225472
1070270460
0
1072622668
2684354560
1071957402
536870912
1070882025
3221225472
1068186038
0
1072323329
536870912
1069885096
2147483648
1071758939
0
1072089942
3221225472
1072264440
1073741824
1071581014
2147483648
1072388246
0
1068213162
0
1071904613
2147483648
1072387611
536870912
1071418709
2147483648
1067571662
0
1071948838
0
1071721420
536870912
1071733102
3221225472
1072632864
2684354560
1072331592
2147483648
1071674428
3221225472
1066502084
0
1071411816
2147483648
1070636141
2147483648
1071107647
0
1072047055
536870912
1069571047
2147483648
1072045162
536870912
1069917442
0
1070618062
1073741824
1072664041
0
1069718626
0
1071733810
1610612736
1064953152
0
1072377025
1610612736
1071846160
2147483648
1072392171
1610612736
1070719437
3221225472
1071717429
3758096384
1070616166
1073741824
1071095640
2147483648
1072623706
2147483648
1071541139
1073741824
1072459724
2147483648
1068838245
0
1071380075
0
1072642861
1610612736
1072401608
536870912
1072583556
3221225472
1071851291
1610612736
1071601429
2147483648
1071241000
0
1068754493
0
1071390438
3221225472
1071500732
1073741824
1066033792
0
1072080630
2147483648
1071872414
3758096384
1070027928
2147483648
1071909570
3221225472
1072477731
2147483648
1071794821
1610612736
1070865236
1073741824
1072180646
1073741824
1071834801
2684354560
1072080275
2147483648
1072653813
1073741824
1071647820
1073741824
1071706271
2147483648
1072653983
2684354560
1067633416
0
1072674814
2684354560
1072192360
1073741824
1072601546
0
1072081382
2147483648
1072188749
1073741824
1072602255
3758096384
1072256299
2147483648
1070747110
3221225472
1071973801
3221225472
1071730997
1610612736
1071666637
3758096384
1071232811
1073741824
1070847702
1073741824
1069639586
0
1070512571
2147483648
1072684008
536870912
1072334536
1610612736
1072613286
1610612736
1071461100
1073741824
1072693247
2684354560
35
