Uvec
2226355706
1071585586
0
1071542768
3221225472
1072040471
2147483648
1072588420
3221225472
1067903966
0
1071680707
2684354560
1071688811
2684354560
1072251032
2147483648
1071360400
3221225472
1070154090
2147483648
1072307735
1610612736
1070722516
1073741824
1069632129
0
1072635272
2684354560
1071318566
2147483648
1072304928
2147483648
1070741941
0
1068922330
0
1072230976
1073741824
1070783697
3221225472
1072207602
3221225472
1072273648
1610612736
1068377890
0
1072376828
1610612736
1072342831
536870912
1072176614
536870912
1072591480
3221225472
1071093616
1073741824
1072252549
2684354560
1068890156
0
1071761268
3758096384
1069215510
0
1066334192
0
1072454235
2684354560
1071293132
3221225472
1071580568
1073741824
1068777954
0
1072079389
3758096384
1070816574
0
1071259648
3221225472
1072342614
3221225472
1071658990
3221225472
1069644723
0
1068520850
0
1072141548
1610612736
1072020758
2684354560
1071951419
3758096384
1070967772
0
1072041668
2684354560
1069888412
0
1072371096
3758096384
1072642836
1610612736
1072517215
0
1072199500
536870912
1072357681
1610612736
1072516934
3758096384
1071831119
3758096384
1069075751
0
1063547840
0
1072416772
3221225472
1070430066
2147483648
1070725256
1073741824
1068704454
0
1071637077
2147483648
1071817725
536870912
1071341375
2147483648
1072393291
0
1072171110
3221225472
1072116980
2147483648
1068668076
0
1071180847
1073741824
1072114791
3221225472
1071650925
536870912
1072393477
536870912
1071896195
3221225472
1072310725
536870912
1071786859
3758096384
1072542725
1073741824
1070614862
2147483648
1071787516
0
1070605288
3221225472
1072613896
3221225472
1069664274
0
1072095564
3221225472
1072498477
0
1072329512
2147483648
1069439065
0
1064764544
0
1070814078
0
1069168924
0
1071257619
0
1069580351
0
1070166490
2147483648
1071404585
0
1071313237
0
1072236020
1073741824
1071997465
2684354560
1071259472
0
1071461100
1073741824
1072693247
2684354560
31
