Uvec
2226355706
1070618908
1073741824
1071284695
2147483648
1067957256
0
1072619799
1610612736
1071863568
3758096384
1071424596
1073741824
1071019980
2147483648
1071936230
0
1071917084
3758096384
1071854169
1610612736
1072325171
536870912
1072541808
3221225472
1072425101
2147483648
1070596622
1073741824
1072351895
0
1067809760
0
1072396185
0
1072116582
1610612736
1072545569
0
1069774763
2147483648
1072027645
2684354560
1072238169
1073741824
1072495662
536870912
1072481427
536870912
1071418675
1073741824
1068049734
0
1072052155
1610612736
1072672333
3758096384
1071965432
2684354560
1072687171
3758096384
1071292734
2147483648
1071930351
536870912
1072250180
3221225472
1070682801
1073741824
1070615557
0
1071903110
1610612736
1072118872
2684354560
1072485337
2684354560
1071872559
2684354560
1071597652
0
1063035392
0
1071926707
1610612736
1071808583
3758096384
1070869375
1073741824
1070331728
2147483648
1072668721
0
1069741973
2147483648
1071270204
2147483648
1070501832
2147483648
1071436183
0
1072012182
1610612736
1072277382
1610612736
1070691080
2147483648
1072653981
2684354560
1068661370
0
1070172767
2147483648
1071797710
2684354560
1070712683
2147483648
1070981169
3221225472
1069531821
0
1072113371
536870912
1070837815
2147483648
1071908605
2684354560
1072468224
0
1066964860
0
1071398888
2147483648
1072235871
0
1070712587
2147483648
1069655556
2147483648
1069941155
0
1072071330
3221225472
1072015596
1610612736
1072317014
3221225472
1071231574
2147483648
1071953031
3758096384
1070422646
0
1071899421
1073741824
1072664178
3221225472
1072145776
1073741824
1072398934
3221225472
1071853698
2147483648
1072344007
1610612736
1069179060
0
1072370135
1610612736
1069567431
2147483648
1072679879
2147483648
1072232398
0
1072593471
536870912
1071492084
0
1071791251
2684354560
1069813644
0
1070477499
0
1072325899
3758096384
1071014792
0
1072144859
1073741824
1071857735
2147483648
1067396168
0
1070745249
1073741824
1071461100
1073741824
1072693247
2684354560
2
