Uvec
2226355706
1071799397
2684354560
1072317616
2147483648
1067503106
0
1072115857
3758096384
1070795125
2147483648
1072060682
1610612736
1071046208
3221225472
1072176869
536870912
1072587945
0
1072045202
3221225472
1071195248
0
1071604981
3221225472
1072256619
0
1072640864
1073741824
1069763196
2147483648
1071934655
536870912
1070549385
2147483648
1070980986
3221225472
1070702485
2147483648
1072301439
536870912
1072461891
1610612736
1071403414
3221225472
1068371202
0
1071715155
2147483648
1071147417
2147483648
1072676485
2684354560
1072418161
1073741824
1072541461
536870912
1071801289
2147483648
1067707046
0
1066673232
0
1071358056
1073741824
1071887517
2684354560
1066971704
0
1072383847
536870912
1072142558
3221225472
1069477544
0
1072168991
536870912
1072478623
2684354560
1072063947
2684354560
1070946748
0
1072410762
1610612736
1071733142
536870912
1071765849
0
1072360121
0
1070965450
1073741824
1072528642
1073741824
1072344979
2147483648
1066109384
0
1069742201
0
1071178395
3221225472
1072429328
1610612736
1072583861
536870912
1071915120
2684354560
1072234803
1610612736
1072087866
1073741824
1072545698
1610612736
1072299423
2684354560
1072163563
1073741824
1071038749
3221225472
1072686630
3758096384
1070657094
0
1070152182
2147483648
1072294828
3758096384
1072691617
536870912
1072143404
1073741824
1072254205
0
1071157681
0
1069818749
0
1071479851
0
1070637738
2147483648
1071280936
1073741824
1072391445
1610612736
1071418136
0
1069078233
0
1071117775
1073741824
1072648844
1073741824
1069671289
0
1072204303
3221225472
1072222360
3221225472
1072487520
1610612736
1072349198
3221225472
1072217792
1610612736
1069411312
0
1070836773
1073741824
1072481356
3758096384
1068119426
0
1071972456
536870912
1069636256
0
1071683622
536870912
1070753488
3221225472
1072389074
1610612736
1070197903
2147483648
1072227893
2684354560
1069001706
0
1068812859
0
1070476839
2147483648
1071870065
536870912
1071461100
1073741824
1072693247
2684354560
86
