Uvec
2226355706
1071690962
3758096384
1071789613
0
1071882387
2147483648
1068356282
0
1072082210
1610612736
1070949604
0
1070634664
0
1068830799
0
1063475968
0
1071396425
2147483648
1072228183
0
1072094517
3221225472
1072231644
0
1070023190
0
1070725713
0
1071073891
2147483648
1071958132
1610612736
1072659708
3758096384
1069415343
0
1072428108
2147483648
1071181943
2147483648
1072202273
1610612736
1070856712
1073741824
1072584207
1073741824
1071160081
2147483648
1072546962
2147483648
1071531944
3221225472
1070114589
0
1072352921
1610612736
1072594730
536870912
1069596234
0
1072446076
3221225472
1072181539
2684354560
1072384613
3221225472
1070931486
3221225472
1067803836
0
1071251837
3221225472
1072355016
2147483648
1072117698
1073741824
1072446597
2147483648
1071073434
2147483648
1072678344
1073741824
1071629900
1073741824
1072034819
3758096384
1071813188
0
1071992568
1073741824
1069690988
2147483648
1072465683
0
1072011115
1073741824
1071649991
3221225472
1072370215
1073741824
1071628134
3221225472
1072325566
1610612736
1072377751
3758096384
1070974393
2147483648
1071081511
3221225472
1070614906
3221225472
1071642797
2147483648
1071859155
1073741824
1070150380
2147483648
1069138322
0
1071132555
2147483648
1072207159
1610612736
1071620641
1073741824
1070986593
0
1071158286
2147483648
1071750063
0
1071723025
2684354560
1070421956
2147483648
1072630087
1610612736
1069336396
0
1072137653
0
1072442745
1610612736
1071682717
2147483648
1072297480
3758096384
1071725791
0
1069503950
0
1070667950
1073741824
1071442842
1073741824
1072632510
1610612736
1071895102
536870912
1072114634
3221225472
1071922185
3221225472
1068569056
0
1071829030
2684354560
1068750374
0
1070674936
2147483648
1070828094
3221225472
1071915821
0
1071673764
3758096384
1072541546
1610612736
1072450270
536870912
1071937755
1610612736
1071148795
0
1071337313
3221225472
1071528435
3221225472
1069306259
0
1070881398
2147483648
1071461100
1073741824
1072693247
2684354560
76
