Uvec
2226355706
1071961660
0
1070800508
1073741824
1071923628
1073741824
1071818900
2147483648
1071924753
2684354560
1071940315
1073741824
1071688793
536870912
1069756709
0
1071756683
2147483648
1070782803
1073741824
1071007745
0
1067062444
0
1071836970
536870912
1071723622
2147483648
1072461106
3221225472
1071035820
0
1072303271
536870912
1072521326
2684354560
1070760948
2147483648
1072247510
2147483648
1072186583
3221225472
1072458807
2147483648
1072606529
1610612736
1068808323
0
1071057573
3221225472
1069939930
0
1071902604
3758096384
1069122643
0
1071736373
536870912
1071434558
1073741824
1071509177
0
1070315928
2147483648
1071959718
1610612736
1070785343
1073741824
1072523200
536870912
1072123997
2684354560
1072556626
0
1072508735
2147483648
1069087594
0
1070479311
0
1071853887
3758096384
1071612675
3221225472
1068854568
0
1072002976
2147483648
1072470079
536870912
1071662263
1610612736
1071810970
3758096384
1071796145
2147483648
1072099797
536870912
1071909690
0
1071214317
0
1071162598
0
1072643850
3758096384
1070961972
3221225472
1072282027
536870912
1069858143
2147483648
1072141715
1610612736
1068259198
0
1070274473
0
1072512727
0
1071719399
3221225472
1068871098
0
1071012805
3221225472
1070943760
0
1072314395
3758096384
1072538470
2684354560
1071661757
0
1072500580
1610612736
1071987296
2147483648
1067880354
0
1069882727
2147483648
1071755036
3221225472
1069849165
2147483648
1070716879
2147483648
1072099107
2684354560
1071239350
3221225472
1069197747
0
1071948576
2147483648
1072355374
3221225472
1070374625
2147483648
1068239362
0
1071160328
3221225472
1072400468
2147483648
1070743415
1073741824
1067790678
0
1071547119
3221225472
1071002217
3221225472
1070341823
2147483648
1069818438
0
1071737506
3758096384
1070827945
1073741824
1070017633
0
1067458498
0
1072241516
1610612736
1068762491
0
1071792122
2147483648
1071849713
2147483648
1072138877
1073741824
1071461100
1073741824
1072693247
2684354560
58
