Uvec
2226355706
1069108611
0
1072036911
536870912
1072456966
1610612736
1072446573
2684354560
1072634669
3758096384
1069780972
2147483648
1072165492
2684354560
1072244877
0
1071052753
0
1071836486
1073741824
1072118295
2684354560
1070993882
3221225472
1072409703
1073741824
1071012714
1073741824
1065042192
0
1072019891
1610612736
1070673137
0
1070934092
1073741824
1071952633
1073741824
1072121586
3221225472
1071864710
2684354560
1072569575
2147483648
1072473590
0
1068958299
0
1071919789
1073741824
1071564639
3221225472
1072524979
0
1072354865
1073741824
1071948484
2147483648
1072058510
2147483648
1072395064
3758096384
1071642670
0
1071356174
3221225472
1071449707
0
1070131227
0
1071449525
2147483648
1071439613
2147483648
1072082560
0
1069261338
0
1072433453
2147483648
1071208174
0
1072118228
2684354560
1072399101
0
1072110956
1610612736
1071042699
1073741824
1069667803
0
1071667438
3758096384
1071966508
3758096384
1072424444
1073741824
1071882380
0
1069603992
2147483648
1071982320
3758096384
1069439209
0
1071256238
2147483648
1071420580
2147483648
1071771164
2147483648
1072674426
0
1070733956
0
1071862933
1073741824
1071916211
2684354560
1071915621
2684354560
1072426717
2147483648
1070616828
0
1072132840
0
1067088728
0
1070839775
3221225472
1066743572
0
1072046088
3221225472
1071876840
1610612736
1071648906
3758096384
1071960223
0
1071718074
536870912
1070673474
0
1069878570
2147483648
1069956856
2147483648
1072539843
536870912
1070394954
0
1071938176
3221225472
1070186526
2147483648
1071930289
0
1068702487
0
1071876291
1073741824
1070210655
0
1071846642
1610612736
1071748058
2147483648
1070675047
3221225472
1072099953
0
1071761798
536870912
1070862905
2147483648
1072063922
0
1072319000
536870912
1071008376
2147483648
1072661070
0
1072495774
3221225472
1071782431
2147483648
1064454960
0
1071087066
1073741824
1069644644
0
1071461100
1073741824
1072693247
2684354560
93
