Uvec
2226355706
1071978128
536870912
1071938480
1610612736
1071415423
1073741824
1071916167
1610612736
1071314905
2147483648
1069819765
0
1070665283
1073741824
1066237312
0
1069299137
0
1071553048
3221225472
1069892310
2147483648
1068798546
0
1068808369
0
1072238602
0
1072103462
2684354560
1069582455
2147483648
1067989644
0
1067460896
0
1072408542
2147483648
1072256548
536870912
1072378217
2684354560
1072490380
1610612736
1071413965
3221225472
1067884050
0
1072058157
2684354560
1070166156
2147483648
1070382024
0
1071061405
2147483648
1072026030
1610612736
1069759675
2147483648
1071451417
2147483648
1071418905
2147483648
1069470666
0
1067116808
0
1072657340
536870912
1072200858
1610612736
1072615584
2684354560
1070719297
1073741824
1069418829
0
1071208374
0
1069382981
0
1070661502
0
1071941146
2147483648
1068545520
0
1072306729
2684354560
1072660354
1073741824
1070658676
0
1071845656
1610612736
1069646572
0
1071421557
2147483648
1071522511
2147483648
1072345256
2684354560
1071900054
0
1072464958
536870912
1071246448
0
1068709344
0
1065979728
0
1071747133
2684354560
1070786341
0
1069657944
2147483648
1072224534
536870912
1068533627
0
1071928953
536870912
1072579567
1610612736
1071529269
2147483648
1072640170
0
1072642922
3758096384
1072621121
2684354560
1072030915
2147483648
1069203241
0
1071898020
0
1072657252
0
1072207512
3758096384
1071397140
0
1071898358
2147483648
1069412532
0
1072141133
3758096384
1072306620
2147483648
1072403759
3221225472
1072052485
2684354560
1071044249
0
1071823573
3758096384
1071343060
0
1070079900
2147483648
1072042915
1073741824
1072158948
1073741824
1071642465
1073741824
1071508672
1073741824
1070162209
2147483648
1071809476
0
1072461512
2147483648
1069830918
0
1071469139
0
1069752985
0
1071962426
3221225472
1071866439
1073741824
1072577776
3221225472
1072166925
0
1071461100
1073741824
1072693247
2684354560
52
