Uvec
2226355706
1071869620
3758096384
1072128444
3758096384
1069795112
2147483648
1068531943
0
1070398020
2147483648
1072088828
2684354560
1069874409
0
1070666126
1073741824
1072065608
0
1071173772
1073741824
1071965254
536870912
1071083287
1073741824
1071013820
1073741824
1071751522
3221225472
1071399786
3221225472
1071260936
3221225472
1071345695
3221225472
1070662493
0
1072488012
1073741824
1072189984
2147483648
1072304017
0
1070728525
3221225472
1072413316
3221225472
1068736722
0
1071741685
2147483648
1072677533
2684354560
1072159996
3758096384
1072161420
3221225472
1072172214
2684354560
1067823936
0
1071436467
0
1072122944
0
1071362108
1073741824
1072265473
2684354560
1068373750
0
1072594854
2684354560
1069728243
0
1072121324
536870912
1071887177
1073741824
1071349238
1073741824
1072288003
3221225472
1072137129
2147483648
1072116830
3758096384
1071099262
0
1072593377
3221225472
1072419637
1610612736
1071759960
1073741824
1069708078
0
1072245948
0
1069857865
0
1071934360
2147483648
1070853661
1073741824
1067788310
0
1065837208
0
1071474060
0
1071074326
0
1071742691
536870912
1072096246
3758096384
1070747834
0
1072065209
3758096384
1068337254
0
1071791497
0
1070522855
2147483648
1071838613
3221225472
1072472950
2147483648
1072069471
1073741824
1068046794
0
1071977763
3221225472
1071654889
3221225472
1072121847
3758096384
1071034817
0
1071699719
1610612736
1071860809
1073741824
1066652432
0
1069343728
0
1071035465
3221225472
1072575995
3758096384
1071709256
0
1071665027
1073741824
1071506058
2147483648
1072159526
536870912
1067951118
0
1069918753
2147483648
1070363773
2147483648
1071674813
1073741824
1070379942
0
1071092924
0
1072623183
3758096384
1069357543
0
1070858948
2147483648
1071152671
0
1072661402
536870912
1071188953
2147483648
1067693136
0
1072627908
2147483648
1070964377
2147483648
1072480728
536870912
1070619243
0
1071461100
1073741824
1072693247
2684354560
24
