Uvec
2226355706
1069876990
2147483648
1072546466
2684354560
1069525131
0
1070899004
1073741824
1070924228
2147483648
1069228897
0
1068982948
0
1071732668
1073741824
1069225181
0
1070833795
1073741824
1069358313
0
1070727258
0
1070472480
0
1071844508
2147483648
1071177529
3221225472
1069756148
0
1065634504
0
1066671020
0
1071819821
0
1071183744
1073741824
1071912760
2684354560
1071055078
1073741824
1070981462
1073741824
1072614113
2147483648
1072141893
0
1070871642
0
1072097691
1610612736
1072522465
1610612736
1071968607
1073741824
1071846391
2684354560
1072342467
1610612736
1070464883
0
1068104606
0
1070015163
2147483648
1072298478
2147483648
1072244736
536870912
1071096610
1073741824
1070861713
1073741824
1070731557
0
1072270114
1610612736
1072110975
536870912
1070148426
2147483648
1070831525
3221225472
1071551109
3221225472
1071404269
2147483648
1072552953
1073741824
1069145549
0
1067648864
0
1070886629
2147483648
1070702140
2147483648
1068850287
0
1069699010
0
1067595658
0
1069625898
0
1072054409
1073741824
1072136869
3221225472
1072210717
1073741824
1067500960
0
1071254916
1073741824
1072236725
536870912
1071252932
3221225472
1071921268
3221225472
1069636673
0
1072291781
0
1070352132
2147483648
1071445602
2147483648
1072610598
1610612736
1071480714
0
1070291506
0
1071914413
3221225472
1071764121
1073741824
1069945149
0
1072328853
3758096384
1072126559
0
1071479596
0
1072529148
3221225472
1070655427
1073741824
1070920026
3221225472
1071265571
3221225472
1070680903
3221225472
1071700792
3758096384
1072573182
2147483648
1072340918
1073741824
1071679947
1610612736
1071168785
2147483648
1072574711
536870912
1070347343
0
1070970052
1073741824
1072103208
0
1072457036
3758096384
1072227028
536870912
1072630151
536870912
1071726034
2684354560
1071155827
1073741824
1071807295
536870912
1069535503
0
1071261765
2147483648
1071779147
0
1071461100
1073741824
1072693247
2684354560
42
