Uvec
2226355706
1070622898
0
1072528914
1073741824
1072236840
2147483648
1069430817
0
1071553011
3221225472
1072221950
1073741824
1071927041
1610612736
1072548175
0
1072472943
2147483648
1071283006
2147483648
1071711888
2147483648
1071275887
2147483648
1072624184
2147483648
1071482938
0
1069700633
0
1071524420
1073741824
1070256850
0
1070968148
3221225472
1071417270
2147483648
1071183534
3221225472
1071521594
1073741824
1072593660
3221225472
1069524041
0
1069995283
0
1067481498
0
1070642484
2147483648
1069950980
0
1071472554
2147483648
1068716005
0
1072272485
3221225472
1069843189
0
1072441956
0
1071940040
2147483648
1070448933
2147483648
1071042333
0
1072287643
1073741824
1072400484
1610612736
1071949233
3221225472
1070642206
1073741824
1071288287
0
1072059331
1610612736
1071841448
2684354560
1071653718
1073741824
1071093540
3221225472
1072166319
0
1072552593
3221225472
1072480394
536870912
1072578530
2147483648
1070945210
1073741824
1069717256
0
1072165340
2684354560
1070163373
2147483648
1071873933
1073741824
1071949528
536870912
1071614868
2147483648
1072576615
3758096384
1070457087
2147483648
1069486568
0
1067934958
0
1069380298
0
1070401426
2147483648
1071616260
3221225472
1072245089
536870912
1071423763
3221225472
1072306746
1610612736
1065466416
0
1072643637
3221225472
1070974698
3221225472
1072242033
0
1071845366
0
1072481031
1610612736
1072146392
2684354560
1072302336
2684354560
1072667691
536870912
1070003325
0
1068643108
0
1072103519
2147483648
1072661287
2147483648
1072169886
536870912
1069362919
0
1070638993
1073741824
1068640322
0
1071669572
2684354560
1071066646
2147483648
1071110481
2147483648
1069590015
0
1067520174
0
1072163836
536870912
1070779055
1073741824
1070354667
2147483648
1072035682
3221225472
1070898852
0
1071411106
3221225472
1071886088
0
1072549995
2147483648
1067852278
0
1069106580
0
1071250335
0
1071461100
1073741824
1072693247
2684354560
48
