Uvec
2226355706
1065245808
0
1072164423
1073741824
1070467879
2147483648
1069715823
0
1072664960
1610612736
1069297325
0
1072444357
2147483648
1072514089
3221225472
1067549820
0
1071555582
0
1071578117
3221225472
1071032594
2147483648
1068674084
0
1070579455
0
1069598679
2147483648
1071317906
2147483648
1072451310
2684354560
1070028528
2147483648
1072343776
3758096384
1071268947
1073741824
1071684154
536870912
1070671842
0
1072535782
3221225472
1067524866
0
1070338741
0
1072058774
2684354560
1071815767
536870912
1072215464
3221225472
1071247617
0
1069761693
0
1072572846
536870912
1072640020
2147483648
1071926843
1610612736
1071690530
2684354560
1071896450
1073741824
1071613696
2147483648
1072558956
3758096384
1071901223
3221225472
1069272190
0
1072632170
0
1072308252
2684354560
1069718869
0
1069832519
0
1072441055
2684354560
1071829184
2684354560
1072548126
3758096384
1072640690
1073741824
1071598993
1073741824
1072529444
0
1069968154
2147483648
1072413890
536870912
1072111722
2147483648
1069718378
2147483648
1070436025
0
1072255512
1073741824
1072575453
2684354560
1072230013
3758096384
1071237424
3221225472
1072386288
0
1072136674
0
1066369144
0
1068893981
0
1071691958
3758096384
1070625447
1073741824
1071482407
0
1068136346
0
1068642545
0
1069567755
0
1068965305
0
1072691704
1610612736
1072269833
0
1070828758
0
1072287682
3221225472
1069283212
0
1070762111
3221225472
1072358700
0
1072298060
0
1072494455
3758096384
1069655337
2147483648
1071849760
2147483648
1072287519
1073741824
1070729569
0
1071393774
1073741824
1071910485
1610612736
1068603877
0
1071369069
0
1072346454
0
1072127042
1610612736
1072173427
3758096384
1070169283
2147483648
1071818861
3758096384
1072071606
536870912
1069630456
0
1072031098
2147483648
1071919414
3221225472
1071173279
2147483648
1072664826
1073741824
1071027635
3221225472
1071461100
1073741824
1072693247
2684354560
9
