Uvec
2226355706
1072370512
2684354560
1072658588
0
1071164327
3221225472
1072426001
0
1071708010
1073741824
1072423503
3758096384
1071868664
1073741824
1070152083
2147483648
1071489097
3221225472
1072557563
2147483648
1072239117
2147483648
1069955583
0
1071711909
3758096384
1072633560
3758096384
1072597687
1610612736
1072493423
536870912
1072151580
2147483648
1072309960
3221225472
1068166024
0
1069453516
0
1071594624
2147483648
1071173960
2147483648
1071908786
1610612736
1071788904
1073741824
1071041559
2147483648
1071972185
1610612736
1072048384
3221225472
1072217938
536870912
1070409813
2147483648
1071648446
2147483648
1070941086
0
1071852321
536870912
1072510341
2147483648
1066834176
0
1072451635
1073741824
1069802371
0
1072169307
2147483648
1070457823
0
1068586054
0
1072366569
2684354560
1066300912
0
1071750127
2684354560
1072108479
536870912
1070866143
3221225472
1071520857
3221225472
1071926906
2147483648
1071834763
1610612736
1070589849
0
1072195207
3758096384
1072675512
3221225472
1071727259
536870912
1072614865
1610612736
1072006632
3758096384
1072454151
3758096384
1070352113
2147483648
1071346223
3221225472
1072026744
1073741824
1071662741
2684354560
1072262837
1073741824
1071707994
3758096384
1068746337
0
1066618424
0
1071097329
1073741824
1072044877
1073741824
1069724831
0
1070806274
1073741824
1066838980
0
1069775088
0
1070733222
2147483648
1071778394
2147483648
1072269477
1073741824
1071935307
2147483648
1071925698
3221225472
1070925737
1073741824
1071936608
3221225472
1072681109
1073741824
1068156244
0
1070534457
0
1072583018
2147483648
1068666977
0
1072334059
2684354560
1070026463
0
1070804561
0
1069773395
0
1072081598
2684354560
1070779092
3221225472
1072369320
1610612736
1072551983
3221225472
1072593026
3758096384
1067011684
0
1072628757
536870912
1068428534
0
1070736794
3221225472
1072468669
2684354560
1071779659
3221225472
1070227222
0
1070139646
2147483648
1071777787
536870912
1071461100
1073741824
1072693247
2684354560
58
