Uvec
2226355706
1069371468
0
1072027632
2684354560
1071858669
1073741824
1070315354
2147483648
1071918769
3758096384
1069269282
0
1070040425
0
1071779616
3758096384
1069241720
0
1070625690
0
1071806024
0
1071647768
1073741824
1072256499
3758096384
1072565313
3758096384
1072304058
1073741824
1072449155
0
1068248798
0
1072544236
536870912
1071000589
0
1071997145
1610612736
1072310397
2147483648
1069613318
2147483648
1069090568
0
1072195858
2684354560
1070904370
0
1071077746
2147483648
1072381984
2147483648
1071465283
1073741824
1071707872
0
1067981816
0
1071810586
2684354560
1069928182
2147483648
1068724533
0
1071759524
1610612736
1071148338
0
1071776801
1073741824
1071796523
2147483648
1066674796
0
1071497857
1073741824
1071107133
0
1071763651
1073741824
1071942025
1610612736
1070638540
2147483648
1071578659
3221225472
1071846035
2684354560
1072254148
0
1072596665
2684354560
1069733643
0
1071971982
3758096384
1072024362
0
1071972715
2147483648
1072073055
2684354560
1069763594
0
1071977106
3221225472
1071908492
3758096384
1070320098
0
1072219540
3221225472
1070400828
0
1071611290
0
1072543769
2684354560
1071619416
3221225472
1071982113
1073741824
1071427121
2147483648
1071775658
2147483648
1072222618
3221225472
1060653056
0
1070941278
1073741824
1069369009
0
1071494428
3221225472
1071587364
2147483648
1072105687
536870912
1072426371
1610612736
1071654401
1073741824
1071986915
2147483648
1070143313
0
1069120167
0
1070706838
3221225472
1063927104
0
1070837498
2147483648
1071314271
3221225472
1070479752
2147483648
1068466082
0
1068573353
0
1070282873
2147483648
1071355453
2147483648
1071171335
0
1072596071
0
1072580993
3758096384
1071161121
3221225472
1071844119
2684354560
1071776173
0
1072442070
2147483648
1072482757
3221225472
1070234997
2147483648
1070229408
0
1072669046
1610612736
1072290349
3758096384
1070134522
0
1071461100
1073741824
1072693247
2684354560
86
