Uvec
2226355706
1072649041
1073741824
1070580140
2147483648
1068366294
0
1070277791
0
1072108504
3758096384
1070256876
2147483648
1071208405
1073741824
1071029523
3221225472
1071423612
2147483648
1070861622
3221225472
1068178294
0
1070845773
3221225472
1072525782
1073741824
1070951851
0
1069720992
0
1072377766
3221225472
1072055009
536870912
1071908218
2684354560
1071974619
3221225472
1072523777
0
1070408357
2147483648
1070749624
3221225472
1068715690
0
1072310522
1073741824
1070908493
1073741824
1071546763
3221225472
1072026612
1073741824
1072691739
3221225472
1069479821
0
1071837450
0
1071408290
3221225472
1071496693
1073741824
1072470853
2684354560
1071997548
536870912
1072179849
2684354560
1070993488
3221225472
1070879500
2147483648
1071698155
1610612736
1072385675
3221225472
1068366198
0
1070822212
0
1071343198
0
1071963755
2684354560
1072485303
0
1072118613
1073741824
1066334976
0
1066100880
0
1071705568
2147483648
1072573299
1073741824
1064093664
0
1071116742
0
1069567801
0
1070159833
2147483648
1071851904
3758096384
1072524828
536870912
1072009608
3758096384
1071770994
536870912
1071815135
3758096384
1072459511
1610612736
1072678848
2147483648
1070687010
1073741824
1070461131
0
1071481041
1073741824
1072609305
3221225472
1070890290
1073741824
1071004687
1073741824
1067732314
0
1071987936
2147483648
1072093511
2147483648
1072446060
3758096384
1071344882
2147483648
1070044793
2147483648
1072599748
0
1072647221
2147483648
1070771187
0
1071316122
0
1071842657
536870912
1072691315
3221225472
1069831165
0
1068871125
0
1072133508
0
1072625851
2684354560
1069665439
2147483648
1071663014
3758096384
1068984675
0
1072128246
3758096384
1071837087
536870912
1070876839
3221225472
1068700933
0
1070627523
0
1071055477
1073741824
1072037215
536870912
1072522966
3221225472
1070346537
0
1072068675
536870912
1070286706
0
1070851096
1073741824
1062206720
0
1071461100
1073741824
1072693247
2684354560
14
