Uvec
2226355706
1068930812
0
1072469480
1610612736
1072027424
3758096384
1071201164
3221225472
1072550522
536870912
1070862696
2147483648
1072099036
3221225472
1070560891
2147483648
1071897810
1610612736
1071776523
3221225472
1072220698
0
1072589243
3221225472
1070858969
2147483648
1063885760
0
1070988899
3221225472
1071668986
3221225472
1071956576
2684354560
1069602419
0
1070818372
1073741824
1072121400
1073741824
1072332531
2684354560
1070642642
0
1071304351
1073741824
1072217822
1610612736
1071767429
1610612736
1071659202
536870912
1071864934
536870912
1072208436
536870912
1071965541
536870912
1072219892
2147483648
1071111493
3221225472
1072203214
0
1064417104
0
1070698606
2147483648
1070011848
2147483648
1072302745
3221225472
1068583594
0
1071313839
1073741824
1068857798
0
1071685177
2684354560
1072545168
2147483648
1072285962
0
1072047777
2147483648
1072516552
2147483648
1072278862
3221225472
1071494012
0
1070809194
1073741824
1072292813
2147483648
1072073796
1073741824
1071593574
1073741824
1071887495
1610612736
1071743658
2147483648
1069072686
0
1071929032
3221225472
1072188642
1610612736
1071681516
2147483648
1071687846
2147483648
1072195669
2684354560
1069713141
0
1069729556
0
1072398815
0
1068360010
0
1072640954
3221225472
1070010959
0
1070989326
0
1070271706
2147483648
1072186330
0
1071319922
2147483648
1067567552
0
1071770851
1610612736
1072511783
1073741824
1070360731
0
1071009609
1073741824
1071464096
0
1071009194
3221225472
1068631892
0
1071660789
1610612736
1069266039
0
1072692080
1610612736
1071867337
3758096384
1072098648
2147483648
1071418848
3221225472
1070293206
2147483648
1071800134
1073741824
1072051717
0
1072683509
2147483648
1072199489
1073741824
1071846837
1073741824
1071731570
3221225472
1072104519
2684354560
1069227149
0
1069067936
0
1071839776
2147483648
1072624022
2147483648
1072060411
2684354560
1072310340
1610612736
1070880083
0
1070333569
2147483648
1071461100
1073741824
1072693247
2684354560
18
