Uvec
2226355706
1068852628
0
1071413890
1073741824
1068048868
0
1070818820
3221225472
1071534056
3221225472
1071918091
1073741824
1072440011
1610612736
1071866190
1073741824
1065587432
0
1071671840
2147483648
1072143565
3758096384
1072082073
1610612736
1072111881
1073741824
1071265664
0
1069909540
0
1072556894
1073741824
1071617442
1073741824
1072099597
1073741824
1068862713
0
1069910969
0
1070904665
0
1071562769
3221225472
1071416237
0
1071670275
1610612736
1072386195
1073741824
1069087827
0
1071850146
0
1068972380
0
1071777837
1610612736
1072217517
3758096384
1072634507
3758096384
1070555259
0
1072227973
2684354560
1071039664
1073741824
1072488022
1073741824
1068691057
0
1072350799
1073741824
1071654665
1073741824
1071270105
3221225472
1070862732
0
1070280114
2147483648
1072422637
1073741824
1070416477
2147483648
1071849055
2684354560
1072054304
1610612736
1072288783
3758096384
1070913193
2147483648
1070203272
0
1070795202
0
1071125419
1073741824
1069937645
2147483648
1072475467
3221225472
1070791411
1073741824
1071973216
3758096384
1071853521
2147483648
1070947483
0
1071830533
536870912
1070578215
0
1071102483
0
1069569502
2147483648
1070800659
2147483648
1070740300
3221225472
1063256480
0
1072218699
3221225472
1072576735
1073741824
1072128320
536870912
1071646261
3758096384
1068842321
0
1072218812
2684354560
1065725016
0
1069343294
0
1068448864
0
1069419791
0
1069262571
0
1071980877
536870912
1069757481
2147483648
1070928326
1073741824
1070493920
2147483648
1071098929
3221225472
1072273859
3758096384
1067508374
0
1072319317
2147483648
1070504320
0
1071726418
1610612736
1072151098
536870912
1069914413
2147483648
1071827794
2684354560
1069512576
0
1072408646
1610612736
1067812794
0
1063428032
0
1072073725
1073741824
1072382603
0
1071755354
3758096384
1069914309
2147483648
1070663548
0
1070146746
2147483648
1072588144
0
1071461100
1073741824
1072693247
2684354560
96
