Uvec
2226355706
1072574511
0
1072497884
3221225472
1072135104
0
1072407288
2684354560
1071975761
1610612736
1072331073
536870912
1070862757
3221225472
1068666539
0
1072629622
2147483648
1068828757
0
1072479151
3758096384
1067850768
0
1068964242
0
1071298921
2147483648
1072492164
2684354560
1070130824
2147483648
1071058911
2147483648
1072650729
1073741824
1072532991
2684354560
1068273518
0
1071988817
2684354560
1072676653
0
1069345204
0
1067866590
0
1071888630
536870912
1070466527
0
1071149144
3221225472
1072385274
3221225472
1071983743
536870912
1072486175
536870912
1070896064
3221225472
1069174429
0
1069451950
0
1070741124
0
1071662457
1610612736
1069357967
0
1071246854
1073741824
1070213705
2147483648
1072529915
536870912
1072296330
2147483648
1071714598
1073741824
1070355641
0
1070530003
2147483648
1068519498
0
1072490139
2684354560
1072531201
3758096384
1070670663
3221225472
1072322697
3758096384
1071643085
3221225472
1072657899
3758096384
1071417005
3221225472
1071811078
3221225472
1070969540
0
1071923143
536870912
1072569748
0
1071059554
0
1070920114
3221225472
1070969304
3221225472
1070878380
1073741824
1069562406
0
1072332414
3758096384
1072342333
1610612736
1069313634
0
1071620025
3221225472
1071977824
536870912
1071762230
2684354560
1070458488
2147483648
1072611962
2684354560
1072268092
3758096384
1070151038
2147483648
1072548136
2684354560
1069059723
0
1071211719
1073741824
1070149400
0
1071729952
2147483648
1071414096
3221225472
1069664245
0
1070546276
2147483648
1069652492
0
1071016270
2147483648
1067834960
0
1070689144
1073741824
1071515812
3221225472
1067548280
0
1072385625
3221225472
1072427760
1073741824
1070262990
2147483648
1071681709
536870912
1071636600
1073741824
1071193437
1073741824
1072160474
1073741824
1070810383
2147483648
1070877638
1073741824
1068582815
0
1071939642
0
1070220852
0
1069611797
2147483648
1070325140
0
1071461100
1073741824
1072693247
2684354560
14
