Uvec
2226355706
1070029292
2147483648
1071059168
3221225472
1072438433
1073741824
1070815397
2147483648
1072618892
1610612736
1070978564
2147483648
1072379601
2147483648
1072010087
1610612736
1068942690
0
1069698665
2147483648
1068554829
0
1070701809
3221225472
1071023384
1073741824
1072537575
1610612736
1071424439
1073741824
1071158083
0
1067800282
0
1064281824
0
1072090781
3221225472
1069941581
0
1071179363
1073741824
1071760407
536870912
1070935633
2147483648
1072370076
2684354560
1071498585
2147483648
1072392213
3221225472
1068615238
0
1070274494
0
1072053068
1073741824
1071793194
0
1070385436
0
1072046790
1073741824
1068199480
0
1071994035
2147483648
1070813712
1073741824
1070752143
2147483648
1069148644
0
1071468738
3221225472
1071179830
3221225472
1070863340
2147483648
1070499814
0
1072386938
1073741824
1071571403
1073741824
1071308546
0
1072207557
1073741824
1072097596
1610612736
1067746484
0
1071981457
3221225472
1070717194
0
1072623646
536870912
1071701648
1610612736
1071370650
1073741824
1069983911
0
1072583788
0
1068725290
0
1068288990
0
1072173740
1610612736
1069243354
0
1070731558
0
1071850049
1610612736
1071720514
1610612736
1071347570
3221225472
1070030774
0
1071630864
0
1070853389
3221225472
1072019718
3221225472
1072486391
2684354560
1067872136
0
1071013184
2147483648
1068409564
0
1071272661
0
1068991397
0
1072355489
2147483648
1066149928
0
1072540332
1610612736
1071912837
0
1070394566
0
1072625756
536870912
1069875099
0
1071433224
1073741824
1071829424
2147483648
1070718688
1073741824
1072295743
0
1072649469
1073741824
1072307040
1073741824
1070072094
0
1072620644
3758096384
1070789283
2147483648
1071241113
1073741824
1071742416
536870912
1071984681
1073741824
1071934214
0
1071020011
2147483648
1071405220
0
1071667083
2684354560
1071757497
0
1071735766
2684354560
1071674886
3758096384
1071461100
1073741824
1072693247
2684354560
56
