Uvec
2226355706
1070301929
0
1071356856
2147483648
1072543124
536870912
1070895151
3221225472
1072344362
0
1070371373
0
1069211259
0
1071270861
2147483648
1071645273
3221225472
1071625777
2147483648
1072065140
0
1071779415
3758096384
1071268625
1073741824
1069424942
0
1072567733
0
1069067341
0
1069826295
2147483648
1067803292
0
1070690297
0
1071359067
0
1071188116
3221225472
1072680707
1073741824
1070875632
1073741824
1071881384
3221225472
1071015677
2147483648
1072045437
2684354560
1072458044
3758096384
1071282167
1073741824
1071729665
1073741824
1072151102
536870912
1071234282
3221225472
1072490160
0
1067858044
0
1072614439
1073741824
1070009062
0
1072134695
1073741824
1071216702
0
1069470817
0
1070784492
1073741824
1069745971
2147483648
1072474107
0
1072393537
1073741824
1069464932
0
1069441710
0
1072326818
1610612736
1066935972
0
1070343495
2147483648
1070479390
0
1071192806
0
1070821283
3221225472
1072443950
3758096384
1071750924
2147483648
1069420526
0
1069605883
2147483648
1072637781
3221225472
1070368141
2147483648
1068989719
0
1071905404
3221225472
1069191785
0
1070616701
0
1071909208
1610612736
1070808393
3221225472
1069722113
0
1071490840
1073741824
1072322418
1610612736
1071981103
2684354560
1071793972
536870912
1072629799
0
1072315160
536870912
1070316666
2147483648
1065724296
0
1071927021
3221225472
1071695392
1610612736
1072072920
3758096384
1072315177
2147483648
1071747377
3758096384
1070347998
0
1068597884
0
1072632049
1073741824
1072292265
2684354560
1071651462
2147483648
1071050941
3221225472
1071724089
2147483648
1072132169
536870912
1072107649
1610612736
1072070303
2684354560
1072672072
0
1072207030
1073741824
1072640831
1610612736
1072189109
2684354560
1071116811
3221225472
1069649137
2147483648
1071066533
2147483648
1072471246
1610612736
1072036037
2684354560
1069839066
0
1071876923
2147483648
1072398528
3221225472
1071461100
1073741824
1072693247
2684354560
16
