Uvec
2226355706
1071330095
1073741824
1070775251
1073741824
1072349031
1610612736
1071680069
3221225472
1070306491
0
1071045983
0
1068552845
0
1071695333
2684354560
1072100624
1073741824
1072495597
536870912
1068655554
0
1072397185
0
1071066476
2147483648
1071106950
2147483648
1070717229
2147483648
1069202400
0
1066836632
0
1070341324
0
1072297736
2147483648
1071611064
3221225472
1071808988
536870912
1070199309
0
1069653310
2147483648
1069578666
0
1071893614
1073741824
1072282852
3221225472
1070727704
3221225472
1072471296
2684354560
1068746963
0
1071724557
2684354560
1069590026
0
1071052433
1073741824
1070675451
2147483648
1070852422
3221225472
1071592184
2147483648
1072692723
536870912
1072499154
536870912
1072378417
1610612736
1072397182
536870912
1071053872
2147483648
1068290906
0
1070911383
0
1070297951
0
1070742401
2147483648
1069224406
0
1072059403
2684354560
1068503235
0
1072631766
2147483648
1070111489
2147483648
1070860017
3221225472
1071495621
1073741824
1072139672
1073741824
1072431620
2684354560
1070823168
1073741824
1071011992
3221225472
1072605833
536870912
1071847135
2684354560
1071917256
3221225472
1071818983
0
1071692770
3758096384
1072638967
1073741824
1072084935
2147483648
1071653749
3758096384
1071967434
2684354560
1070523666
0
1072063062
536870912
1071321093
3221225472
1069887271
2147483648
1069670600
0
1072578399
2147483648
1071936926
2147483648
1071992940
2684354560
1070726312
3221225472
1072139087
2684354560
1072614595
3758096384
1072487223
3758096384
1072677979
2147483648
1072287887
2147483648
1072531907
2147483648
1071972275
1073741824
1071144492
2147483648
1066599920
0
1071470778
3221225472
1072011808
0
1072195410
3221225472
1072497111
3221225472
1072506546
2684354560
1072586260
536870912
1069362682
0
1055301632
0
1070044442
2147483648
1069787597
0
1071138048
1073741824
1069593433
2147483648
1071195157
1073741824
1069791213
0
1072535602
3758096384
1071652721
1610612736
1071461100
1073741824
1072693247
2684354560
59
