Uvec
2226355706
1072095319
2684354560
1071212165
0
1071859267
2684354560
1072237624
3221225472
1070669593
2147483648
1069450271
0
1070618159
3221225472
1071397723
2147483648
1072253702
2684354560
1071795761
3221225472
1070878713
3221225472
1071405777
2147483648
1071552969
2147483648
1071675501
1610612736
1072106763
3221225472
1071016498
1073741824
1070817901
2147483648
1071856421
1610612736
1072281099
3221225472
1072321891
1073741824
1072185166
536870912
1071564303
2147483648
1071279349
2147483648
1071399375
1073741824
1069689590
0
1070614489
0
1070381489
2147483648
1070672329
0
1072362052
0
1071904972
3758096384
1069925139
2147483648
1070761172
2147483648
1071652421
1073741824
1072072904
536870912
1071855179
1073741824
1072264498
2147483648
1071581925
1073741824
1071198123
0
1071776187
1073741824
1071651610
3221225472
1071522455
3221225472
1071587318
1073741824
1072568846
1073741824
1072111760
1610612736
1072624142
3758096384
1069669692
2147483648
1072058416
0
1071661692
536870912
1071923285
3221225472
1070844869
0
1071747716
1610612736
1069777831
0
1071718453
2684354560
1072218401
3221225472
1071908493
0
1072293592
2684354560
1071799331
1610612736
1072632754
3758096384
1070727698
3221225472
1067461974
0
1072129104
2147483648
1072239598
1073741824
1072145681
2147483648
1070609700
0
1071991488
2684354560
1071524861
2147483648
1070631027
0
1069332439
0
1071838483
3221225472
1070070917
0
1066894804
0
1071811211
536870912
1071690775
536870912
1066995464
0
1072660961
2684354560
1070921193
1073741824
1071174281
3221225472
1069692987
0
1071196399
2147483648
1065934608
0
1070613505
2147483648
1071971755
2684354560
1070687124
0
1068949161
0
1070341986
0
1070670167
2147483648
1071468645
3221225472
1069912228
2147483648
1072283316
2147483648
1072030662
3758096384
1069511122
0
1072257816
3221225472
1071175085
1073741824
1070081792
0
1069968757
2147483648
1071708055
1610612736
1067646262
0
1069099224
0
1071461100
1073741824
1072693247
2684354560
40
