Uvec
2226355706
1070894937
3221225472
1070054902
2147483648
1070869749
0
1071786516
0
1071992590
0
1072360784
1610612736
1072418271
3221225472
1071109761
2147483648
1071679201
0
1069288213
0
1068879803
0
1070854866
2147483648
1068948999
0
1070447202
0
1069565495
2147483648
1072384395
3221225472
1071827924
3758096384
1072663580
1610612736
1070779829
2147483648
1071744371
1610612736
1069138340
0
1071105260
3221225472
1072596204
3221225472
1069951562
0
1071563466
2147483648
1072656956
1610612736
1068950580
0
1066303440
0
1072486875
536870912
1072093974
2684354560
1071964323
536870912
1072275952
1610612736
1072657995
2147483648
1070974908
1073741824
1069887361
2147483648
1072358452
3221225472
1072337075
3221225472
1071082932
1073741824
1071119461
2147483648
1071519428
1073741824
1067725506
0
1069856381
2147483648
1067669980
0
1071844501
2684354560
1069742990
0
1068686791
0
1072190950
2147483648
1071830669
1073741824
1071136798
3221225472
1071397120
2147483648
1072629472
1073741824
1071967212
536870912
1072019248
1610612736
1069037214
0
1066944200
0
1071957791
536870912
1071927489
536870912
1072664857
0
1070671674
2147483648
1071699115
1073741824
1072302699
2147483648
1071922382
3758096384
1071571103
3221225472
1071320175
3221225472
1068053010
0
1068743550
0
1072276892
2684354560
1071488215
1073741824
1072024062
2684354560
1072260164
0
1067635100
0
1071226932
0
1070623727
0
1071865190
2684354560
1071044341
2147483648
1067878296
0
1068057358
0
1070927228
1073741824
1069821420
0
1071397990
3221225472
1072552509
1610612736
1071831784
0
1072284610
1610612736
1071814635
0
1070771853
1073741824
1071238723
3221225472
1072107828
1073741824
1072001629
2684354560
1070841163
0
1072517457
1610612736
1069560810
2147483648
1071387037
3221225472
1071971304
3221225472
1071839834
1610612736
1067292104
0
1071855315
536870912
1070115861
0
1071887498
0
1071461100
1073741824
1072693247
2684354560
41
