Uvec
2226355706
1069947236
0
1071897296
536870912
1072103409
536870912
1072507787
2147483648
1070047460
2147483648
1072429256
1073741824
1069424265
0
1070805252
1073741824
1071146771
2147483648
1072687426
3221225472
1071634857
0
1072425491
2684354560
1072262118
1073741824
1070606494
2147483648
1072680474
0
1072092446
2684354560
1072271844
1073741824
1072124213
3221225472
1069517706
0
1072339646
3758096384
1072627547
536870912
1071620365
3221225472
1072677971
3221225472
1072097249
536870912
1071752415
1610612736
1070943352
3221225472
1070055171
2147483648
1069688633
0
1070601352
1073741824
1068693175
0
1068190626
0
1069616801
0
1071483364
1073741824
1069271385
0
1071815321
2147483648
1072536824
1073741824
1070191575
2147483648
1071262024
3221225472
1070493061
2147483648
1071973310
0
1070183357
2147483648
1069169089
0
1072408970
1073741824
1072344767
3758096384
1072357643
2684354560
1072204873
2147483648
1071154366
3221225472
1072152373
0
1072197806
1073741824
1068786966
0
1072183409
3221225472
1071426642
0
1072200992
3221225472
1071811840
536870912
1071598115
2147483648
1071206022
3221225472
1071895449
2684354560
1068662469
0
1072460910
3221225472
1072146216
2684354560
1072566963
536870912
1072486393
1610612736
1072198988
2684354560
1065668208
0
1068658063
0
1072374955
0
1070777825
0
1071406921
1073741824
1070643297
0
1072147466
2684354560
1072604538
2684354560
1072157745
3221225472
1072402140
1073741824
1071838243
1610612736
1071646860
2147483648
1067706394
0
1071993701
2684354560
1071236210
2147483648
1071973417
3758096384
1071973459
1610612736
1071002271
2147483648
1070085783
0
1070569158
0
1070848191
1073741824
1072477814
2147483648
1071534493
2147483648
1072347305
1610612736
1072612690
1610612736
1070054704
2147483648
1070613294
2147483648
1071672474
3221225472
1069302685
0
1072404556
3221225472
1071061077
2147483648
1071452754
3221225472
1071847240
3758096384
1071682585
2684354560
1072088093
1073741824
1071461100
1073741824
1072693247
2684354560
38
