Uvec
2226355706
1070799085
0
1070819104
0
1069864167
2147483648
1072580170
3221225472
1071432925
0
1069902930
2147483648
1071090859
1073741824
1072116902
0
1071368898
3221225472
1068869350
0
1072459780
0
1071554012
3221225472
1069938329
2147483648
1069460062
0
1072686760
3221225472
1071094588
2147483648
1070742800
2147483648
1071679894
3758096384
1071395171
2147483648
1071239700
1073741824
1072473742
0
1072534110
3758096384
1072508620
0
1071445432
0
1067008492
0
1071998737
2147483648
1072040393
1610612736
1071990611
2684354560
1072292730
3221225472
1072566757
0
1071599568
3221225472
1071283433
3221225472
1069721617
2147483648
1072098704
0
1072360142
3758096384
1072352541
1073741824
1072012489
536870912
1071922986
2684354560
1071107742
1073741824
1072436778
2147483648
1069289943
0
1070921140
0
1071507834
1073741824
1072623056
536870912
1072244363
1073741824
1069570730
0
1070053942
2147483648
1072062324
3221225472
1071815394
2147483648
1072437615
2684354560
1071772941
1610612736
1071154091
2147483648
1071861186
1610612736
1072332235
0
1071508529
2147483648
1071398959
0
1069208765
0
1072102618
3221225472
1072454347
2147483648
1071374982
3221225472
1071064532
0
1072209923
536870912
1072347111
3221225472
1070999186
3221225472
1071070002
0
1070180435
2147483648
1066377952
0
1067790692
0
1072551726
0
1070070546
2147483648
1072062628
0
1070638833
0
1071278312
3221225472
1072497829
2684354560
1069349753
0
1071839773
0
1069744952
2147483648
1070942437
1073741824
1072383626
536870912
1072454443
1610612736
1072169138
3221225472
1072625228
1073741824
1071912915
2684354560
1070948089
0
1071422678
1073741824
1069614211
2147483648
1070529477
0
1068042948
0
1072068921
2684354560
1072299510
2684354560
1071601566
1073741824
1070057819
2147483648
1071770196
536870912
1063349856
0
1071094048
0
1071167804
0
1070414746
0
1069871089
2147483648
1071461100
1073741824
1072693247
2684354560
90
