Uvec
2226355706
1072247316
0
1070499142
2147483648
1071518542
0
1071501693
3221225472
1072132088
3758096384
1070946602
3221225472
1071925279
3221225472
1070495290
2147483648
1072084417
1073741824
1072626327
0
1072211127
3758096384
1070679064
2147483648
1068164566
0
1066107512
0
1071910197
1610612736
1072184367
3758096384
1072386064
3221225472
1071560629
3221225472
1070094923
2147483648
1069479303
0
1066843164
0
1070839103
1073741824
1072595945
0
1071809900
3758096384
1070836186
3221225472
1071548714
3221225472
1072167129
2147483648
1072619653
3758096384
1068661837
0
1072688795
0
1064389552
0
1069590557
0
1071697974
1610612736
1072368836
536870912
1071191132
1073741824
1071296651
2147483648
1071368105
3221225472
1072312427
3221225472
1068836320
0
1071964458
536870912
1072585981
536870912
1071230181
0
1071932407
2684354560
1071318806
0
1068044368
0
1068901065
0
1070600461
0
1068944377
0
1071370339
2147483648
1072658976
536870912
1072437293
1073741824
1071449811
2147483648
1071250743
0
1070996839
2147483648
1069905389
2147483648
1071599766
1073741824
1070194011
0
1072296546
3221225472
1064254112
0
1071806274
2684354560
1072559710
2684354560
1070992834
3221225472
1072439796
2684354560
1071833853
1073741824
1072432162
3221225472
1071926927
1610612736
1070611740
0
1070221824
0
1071909817
1073741824
1069233003
0
1069107392
0
1072690848
1610612736
1072499928
1073741824
1072429717
0
1072413808
536870912
1070044259
0
1069838072
2147483648
1072320163
1073741824
1068707760
0
1072231798
2684354560
1071654926
536870912
1071498335
2147483648
1071591540
3221225472
1071924869
536870912
1070427691
2147483648
1067152196
0
1072691954
2147483648
1072045982
536870912
1071874289
0
1069460362
0
1072200075
0
1070010588
0
1071582350
0
1066675232
0
1067181652
0
1072578751
3221225472
1070133216
2147483648
1071713512
1610612736
1071461100
1073741824
1072693247
2684354560
37
