Uvec
2226355706
1071889865
1610612736
1072540111
536870912
1071701107
536870912
1072409284
3221225472
1070777907
0
1072611858
0
1071105124
0
1072537027
3758096384
1064397552
0
1070748015
3221225472
1072252015
3221225472
1070949932
1073741824
1072563867
2684354560
1071318234
1073741824
1071477897
2147483648
1072525718
2684354560
1072205626
2684354560
1071582470
1073741824
1071612687
1073741824
1071128203
3221225472
1071825177
2684354560
1072666941
1610612736
1069115483
0
1068432476
0
1071077099
1073741824
1070042533
0
1072572279
1073741824
1072082030
1610612736
1069764611
2147483648
1072027297
2147483648
1069550657
0
1071371680
2147483648
1069469948
0
1072442014
2147483648
1071433981
1073741824
1072490959
2684354560
1072107974
1073741824
1072442645
536870912
1071066817
2147483648
1072479804
1073741824
1070901168
1073741824
1072036238
536870912
1071748386
2147483648
1072274271
2684354560
1070436380
0
1071047571
3221225472
1070353688
2147483648
1069455803
0
1071336642
3221225472
1070659225
3221225472
1072096889
1610612736
1072255740
3758096384
1070466919
2147483648
1071438616
0
1071911764
3758096384
1071846962
3758096384
1070065595
2147483648
1070563277
0
1067628070
0
1071876280
0
1071309353
1073741824
1070721618
2147483648
1071345133
3221225472
1070079260
0
1071013664
2147483648
1072189892
0
1071119642
2147483648
1069200148
0
1070481521
2147483648
1070937991
2147483648
1072458258
536870912
1071851434
536870912
1072249071
1073741824
1070381415
0
1071800601
3758096384
1071901176
3221225472
1071072475
3221225472
1072320590
1610612736
1070794790
2147483648
1071023319
0
1069704691
0
1071861733
1610612736
1072112170
1073741824
1070657308
3221225472
1070081304
2147483648
1071194090
0
1069327907
0
1072685058
2147483648
1071139158
2147483648
1072177206
2147483648
1071970165
2684354560
1069143691
0
1070630834
1073741824
1071461917
1073741824
1068657617
0
1071175824
2147483648
1067149312
0
1070912036
3221225472
1071461100
1073741824
1072693247
2684354560
9
