Uvec
2226355706
1069283238
0
1072238976
0
1071295422
2147483648
1071751859
2684354560
1070695788
2147483648
1071980362
3758096384
1070852611
1073741824
1068357270
0
1071398197
0
1071957869
2147483648
1071944097
1073741824
1071879564
536870912
1072302160
2684354560
1072445045
0
1068746754
0
1072577050
3758096384
1072430210
3221225472
1071883325
2147483648
1071301706
2147483648
1070409871
0
1071797632
536870912
1069861556
2147483648
1067903876
0
1071762047
2147483648
1070681068
0
1072353521
0
1071862666
1610612736
1072389174
536870912
1072575096
3221225472
1072091588
1610612736
1071659510
3221225472
1065769016
0
1070621546
1073741824
1072115614
2147483648
1069236053
0
1072309801
1610612736
1071793709
1073741824
1069880949
2147483648
1068847018
0
1072509652
3221225472
1072256509
0
1069446511
0
1070929420
1073741824
1068137222
0
1070964823
0
1071274117
0
1072304749
3221225472
1071790846
3221225472
1069015855
0
1068861785
0
1071250766
2147483648
1070042428
0
1064069344
0
1065243664
0
1069952330
0
1072210824
0
1066486644
0
1069558145
2147483648
1071524289
1073741824
1067718990
0
1072523888
0
1071662405
2147483648
1071417145
1073741824
1071551539
0
1071838950
3758096384
1069595119
2147483648
1070190040
0
1069316347
0
1069811644
2147483648
1069919028
2147483648
1072385277
1073741824
1072614456
2684354560
1069616917
0
1072615457
2147483648
1071638146
2147483648
1071547740
0
1071665437
2147483648
1072454617
536870912
1070085349
2147483648
1070594335
2147483648
1071736809
536870912
1070926623
1073741824
1068139582
0
1071430563
2147483648
1071391481
3221225472
1070805811
2147483648
1070719609
3221225472
1072480053
3758096384
1071682815
3221225472
1070473389
2147483648
1072161949
2147483648
1072092655
3758096384
1071873948
1073741824
1072246307
2684354560
1071157756
3221225472
1069848488
0
1072587627
2684354560
1071019680
0
1071461100
1073741824
1072693247
2684354560
19
