Uvec
2226355706
1072219748
536870912
1071427445
0
1070225569
0
1069913997
0
1071968651
0
1072649954
3221225472
1071734670
536870912
1072415051
0
1071989532
3758096384
1072156957
3758096384
1070844668
0
1069512487
0
1072600749
2147483648
1068553084
0
1070432759
2147483648
1068157102
0
1071020732
3221225472
1068968752
0
1071841063
536870912
1070440761
2147483648
1071239960
3221225472
1072200345
3758096384
1072063606
3221225472
1071942450
0
1072314972
2684354560
1072080018
3221225472
1071768735
3758096384
1071681330
0
1069031626
0
1070600203
2147483648
1070209245
2147483648
1072432533
0
1072218965
3758096384
1071797953
3221225472
1072025074
0
1070949317
0
1071950470
3758096384
1072090000
1610612736
1072043654
2147483648
1071342385
0
1072438289
2147483648
1071680960
1073741824
1071927705
2684354560
1070749449
2147483648
1070310176
2147483648
1072414000
2147483648
1072289468
3221225472
1072454025
3221225472
1072316499
536870912
1072409565
0
1070179554
2147483648
1070144231
2147483648
1072033666
536870912
1071773430
2147483648
1072148688
2684354560
1072300088
2147483648
1072133123
1073741824
1071980898
3758096384
1067628502
0
1071057034
1073741824
1072367240
1073741824
1071847916
3758096384
1070210359
2147483648
1070095777
0
1071846923
3221225472
1070600920
1073741824
1070985248
2147483648
1071934499
3221225472
1067721342
0
1067481850
0
1071724513
2684354560
1072016040
536870912
1071777243
536870912
1072187224
2147483648
1072640244
536870912
1072213247
536870912
1070711591
3221225472
1072434572
1610612736
1071377490
1073741824
1072314188
3221225472
1072385718
2147483648
1070466372
2147483648
1072243457
2684354560
1071881056
3221225472
1071024744
2147483648
1069234734
0
1071741822
3221225472
1069556274
0
1072237774
1073741824
1068839049
0
1070131356
0
1072653000
1610612736
1072117668
3758096384
1070837042
1073741824
1070138583
0
1072646058
2147483648
1070867233
1073741824
1071683362
1610612736
1071461100
1073741824
1072693247
2684354560
59
