Uvec
2226355706
1072281102
0
1072230105
0
1071829264
2684354560
1069939069
0
1072400996
2147483648
1067620496
0
1071714213
1610612736
1072066375
1610612736
1071011080
2147483648
1072631068
2684354560
1072564220
0
1072656387
2147483648
1072404286
0
1072107756
2147483648
1069967622
0
1072205373
536870912
1072187590
1073741824
1070795707
0
1071273366
2147483648
1071632261
3221225472
1070132496
0
1072461714
0
1070637539
2147483648
1071969844
536870912
1070537997
2147483648
1065255488
0
1068479108
0
1071336195
1073741824
1066864764
0
1071837433
536870912
1072382600
0
1069749357
0
1072101412
1610612736
1072205295
1073741824
1071230012
0
1072173295
2684354560
1072294715
3758096384
1069603023
2147483648
1072340905
1073741824
1068275896
0
1072333827
536870912
1067574580
0
1072278083
1610612736
1069645166
0
1072611067
1073741824
1072563243
2147483648
1071818255
0
1071560682
0
1069932945
0
1069613390
2147483648
1071725977
536870912
1072603618
2147483648
1072199445
536870912
1072133923
3221225472
1072568856
2147483648
1069783549
0
1071388021
0
1070220172
0
1071757355
0
1071764395
2147483648
1072239178
2684354560
1068984306
0
1071272805
0
1071354143
0
1064143872
0
1071750854
1610612736
1072527230
2147483648
1072437781
2684354560
1070760673
1073741824
1072412372
0
1071741180
2684354560
1072393142
0
1070469525
2147483648
1071348516
0
1070390862
0
1071502042
3221225472
1071971287
536870912
1072430376
3758096384
1070893620
2147483648
1071835302
1610612736
1071707952
1073741824
1071988628
3758096384
1072170224
3221225472
1072382143
1610612736
1070820911
0
1072413914
2684354560
1070793509
2147483648
1070952229
3221225472
1070546756
2147483648
1071025519
3221225472
1070625536
1073741824
1068302318
0
1072011814
2147483648
1069331651
0
1071051924
2147483648
1072050636
0
1072274902
2147483648
1071062851
2147483648
1071461100
1073741824
1072693247
2684354560
33
