Uvec
2226355706
1071596391
2147483648
1067009348
0
1071441828
3221225472
1070362052
2147483648
1071286257
2147483648
1066442016
0
1070579289
2147483648
1070801148
0
1071948685
0
1071818271
3221225472
1072483091
0
1071977959
0
1069826382
0
1068474190
0
1072181261
1073741824
1071977748
1610612736
1072188202
3758096384
1071739401
1073741824
1070459055
0
1068885174
0
1071957806
1073741824
1071770479
2147483648
1070890586
3221225472
1072044031
2147483648
1071999479
1073741824
1071386874
1073741824
1071945575
2684354560
1071653827
2684354560
1068540674
0
1071146420
3221225472
1071635413
3221225472
1070692977
0
1072667156
2147483648
1072101008
1610612736
1070983222
3221225472
1071860476
1073741824
1072013180
3221225472
1071010777
3221225472
1070599648
1073741824
1070849752
0
1072220000
3758096384
1070391679
2147483648
1071093420
0
1071595779
0
1070741852
0
1071424542
3221225472
1071452661
0
1071251934
0
1070553981
2147483648
1072518994
1073741824
1072610560
0
1071047505
2147483648
1071025116
1073741824
1072129266
2684354560
1071863946
2684354560
1070600972
3221225472
1072265041
3758096384
1071446892
2147483648
1070735999
1073741824
1071894836
0
1066971656
0
1068970741
0
1070703487
3221225472
1070728886
1073741824
1071952150
3758096384
1070597508
3221225472
1071417603
3221225472
1072308037
1610612736
1071659869
2147483648
1070136525
0
1069539487
0
1070713742
3221225472
1072481570
2147483648
1072431828
2147483648
1071112443
2147483648
1071930933
3221225472
1068171878
0
1071022492
3221225472
1071669940
1610612736
1069678764
0
1070928657
2147483648
1071172549
2147483648
1070665935
0
1072613182
2684354560
1070571971
0
1071283566
2147483648
1071922484
3758096384
1071725225
2147483648
1071777773
2684354560
1071852056
1610612736
1069958180
2147483648
1071767313
2684354560
1070946787
0
1071176851
2147483648
1069403675
0
1071813739
536870912
1071725165
0
1065545984
0
1071461100
1073741824
1072693247
2684354560
45
