Uvec
2226355706
1072408896
3221225472
1070701149
1073741824
1072089339
0
1071981292
1073741824
1072532150
0
1072166797
1610612736
1070935998
2147483648
1072558386
536870912
1071083123
0
1071786301
2684354560
1069130806
0
1072680337
2684354560
1072267218
3758096384
1071727816
3758096384
1071804888
0
1072617245
3758096384
1072020668
1610612736
1072303392
1073741824
1070167284
2147483648
1071665617
3758096384
1072630119
2147483648
1072371856
536870912
1068200604
0
1071403917
0
1072123063
536870912
1071100866
3221225472
1072579480
1073741824
1069810026
0
1071306361
3221225472
1071835575
536870912
1072487955
2684354560
1071469752
3221225472
1072113318
2147483648
1071020192
2147483648
1069652163
0
1072002918
3758096384
1072560767
3758096384
1070973600
2147483648
1072526694
2147483648
1071013470
1073741824
1069112087
0
1072241503
1610612736
1072143436
3758096384
1070841070
3221225472
1071284924
0
1071208198
2147483648
1070819082
0
1071968984
1610612736
1070200976
2147483648
1072524483
1610612736
1071806797
2684354560
1072115738
2147483648
1070897666
0
1071214679
3221225472
1071962562
2684354560
1072141621
2684354560
1070831426
0
1069040432
0
1072268505
536870912
1068727112
0
1068528038
0
1071643694
2147483648
1070780501
2147483648
1070527927
0
1071762473
2147483648
1071888596
2684354560
1072396891
2684354560
1070092581
2147483648
1071855464
2684354560
1072328119
2684354560
1072667489
1610612736
1072562980
0
1070210149
0
1072656030
536870912
1072477900
0
1066249608
0
1072693096
2684354560
1070320652
2147483648
1072207942
2147483648
1070597018
1073741824
1071599836
2147483648
1072639994
3221225472
1071852818
2684354560
1072610367
1073741824
1071124412
2147483648
1072539557
1073741824
1071372824
0
1071652313
1610612736
1071531517
3221225472
1071256763
2147483648
1070172576
0
1067509042
0
1068002406
0
1072356666
2684354560
1070770926
3221225472
1072393929
0
1072057272
2684354560
1070026363
0
1071461100
1073741824
1072693247
2684354560
32
