Uvec
2226355706
1072050626
1610612736
1069243579
0
1071261353
3221225472
1072502045
3221225472
1071358622
2147483648
1071518225
2147483648
1070996119
3221225472
1071657923
3758096384
1072301841
2684354560
1071926174
536870912
1069439012
0
1069869797
0
1072079009
1073741824
1070981952
0
1072470836
0
1072371640
0
1071736845
1610612736
1072489569
3758096384
1071525036
0
1071313185
3221225472
1072462482
2147483648
1072028394
1073741824
1071427835
1073741824
1069887697
2147483648
1071999971
3758096384
1070852144
1073741824
1070889424
3221225472
1071809167
2147483648
1072635935
0
1072148048
3758096384
1067794448
0
1071286110
3221225472
1072483513
0
1072100567
1610612736
1070747701
2147483648
1070868284
1073741824
1072133920
2147483648
1069546404
0
1072028958
2684354560
1072208712
2147483648
1071762371
1073741824
1071753599
0
1071229195
3221225472
1070321630
2147483648
1071910579
3758096384
1072689451
2684354560
1069914879
2147483648
1071528137
1073741824
1071866204
1610612736
1072252317
2684354560
1065399328
0
1072232337
2684354560
1071612550
1073741824
1071093005
1073741824
1072413753
536870912
1070192379
0
1071974687
3758096384
1071368645
0
1070992963
0
1070703462
3221225472
1072102840
536870912
1072678742
536870912
1071649388
2147483648
1069599242
2147483648
1071100538
1073741824
1070434682
2147483648
1072137761
3221225472
1071368677
0
1071717706
2684354560
1072069245
3221225472
1069559954
2147483648
1072537068
1610612736
1072650088
3758096384
1068794033
0
1070045020
0
1072408993
1610612736
1071316620
2147483648
1071488245
2147483648
1070272741
2147483648
1072444064
2684354560
1072316934
536870912
1070810169
0
1069956236
2147483648
1072608097
2147483648
1072550313
2684354560
1070819618
2147483648
1070832028
2147483648
1072092019
1073741824
1071791778
2147483648
1070972811
3221225472
1072145985
1610612736
1071830045
0
1070496552
2147483648
1071006156
0
1072134984
3758096384
1071832796
2147483648
1072084314
2684354560
1072472368
3758096384
1071461100
1073741824
1072693247
2684354560
5
