Uvec
2226355706
1070468804
2147483648
1071425553
0
1071042014
2147483648
1071757772
3758096384
1070663712
0
1071478286
2147483648
1071587839
0
1072380421
536870912
1071503708
0
1071522711
3221225472
1070549466
2147483648
1071699576
2147483648
1069868532
0
1071656161
2147483648
1071798195
536870912
1072153776
3221225472
1072666043
3221225472
1071927299
3758096384
1069396622
0
1071479657
2147483648
1072451686
536870912
1067411136
0
1072555764
2684354560
1070720552
3221225472
1068942015
0
1072034935
1610612736
1070740671
1073741824
1072417069
3758096384
1072065535
2147483648
1070996153
1073741824
1072582528
2684354560
1072598808
0
1071932051
2684354560
1072247411
3758096384
1072667092
2684354560
1071931631
1610612736
1072582501
3221225472
1069775318
0
1072583144
536870912
1070905407
0
1072052611
2147483648
1071760732
536870912
1072225721
3758096384
1068687261
0
1065447632
0
1070405707
2147483648
1072511939
536870912
1071279763
1073741824
1072315973
536870912
1072482614
2147483648
1072480241
3221225472
1069490552
0
1069795687
2147483648
1068984877
0
1071996049
2684354560
1069443520
0
1072489537
2147483648
1071127014
1073741824
1071829423
1610612736
1071250535
1073741824
1069575950
0
1072209873
1073741824
1068445216
0
1071891943
3221225472
1071994343
0
1071886853
3758096384
1071871924
1610612736
1070214006
0
1071950112
2147483648
1071760077
3221225472
1070775449
3221225472
1070731780
2147483648
1070622915
3221225472
1071851882
0
1071811034
2147483648
1072293853
536870912
1070424914
2147483648
1071481125
2147483648
1072012114
2147483648
1072570346
1610612736
1072624620
2684354560
1068925943
0
1071750519
536870912
1072088140
3758096384
1072380058
536870912
1069515670
0
1071970897
2147483648
1069728340
2147483648
1071981247
0
1070900305
3221225472
1071986840
1073741824
1071979883
3758096384
1071138132
1073741824
1069872682
0
1071907348
2684354560
1069897020
0
1071015882
1073741824
1070677432
2147483648
1071461100
1073741824
1072693247
2684354560
86
