Uvec
2226355706
1072451685
2147483648
1071717905
3221225472
1072504636
3758096384
1072232871
3221225472
1071758374
3758096384
1072320585
1610612736
1071961921
3221225472
1072605558
1073741824
1070652000
3221225472
1070778261
2147483648
1072529782
3221225472
1071910449
0
1071008761
1073741824
1071247604
1073741824
1071073302
3221225472
1066915000
0
1072627871
1073741824
1071941043
2147483648
1069685170
0
1067792186
0
1072356244
2684354560
1071997513
1073741824
1069588823
2147483648
1072346309
1073741824
1071601029
1073741824
1071978401
1610612736
1069592839
2147483648
1070893202
0
1068769655
0
1071998655
1610612736
1069961503
2147483648
1072401339
3758096384
1072555037
0
1072384752
2147483648
1072254250
3221225472
1071797320
1073741824
1072566843
3221225472
1066554560
0
1067397356
0
1071664865
3758096384
1072368303
1610612736
1072552497
2684354560
1071621109
3221225472
1071277412
2147483648
1071002478
0
1068573881
0
1069473993
0
1070846496
2147483648
1071389720
3221225472
1071144628
2147483648
1071695026
1610612736
1070742871
0
1072400612
2147483648
1071135665
1073741824
1072150791
2147483648
1071414621
1073741824
1070017577
2147483648
1069749074
0
1069741610
2147483648
1070450186
2147483648
1070578867
0
1071468202
1073741824
1069648342
2147483648
1072448263
2684354560
1070183964
0
1072323036
0
1072093653
1073741824
1072500453
0
1070803714
2147483648
1072584271
3221225472
1072495533
536870912
1072107557
3758096384
1072188413
2684354560
1072635811
0
1070160527
0
1070517540
0
1072508025
0
1070432993
2147483648
1072613438
2147483648
1071872781
3758096384
1071092485
1073741824
1071960811
536870912
1072171574
3758096384
1071579785
2147483648
1072466211
2147483648
1072356499
1610612736
1072269323
3221225472
1071484737
2147483648
1071622268
1073741824
1070810645
1073741824
1071737064
2684354560
1072634836
0
1072574579
0
1071284716
1073741824
1070224767
0
1071893275
536870912
1072183645
2684354560
1071056241
2147483648
1071461100
1073741824
1072693247
2684354560
21
