Uvec
2226355706
1072596057
2147483648
1072604879
2147483648
1071828582
2147483648
1071377845
0
1069985922
2147483648
1072136262
0
1070488849
0
1072394401
3758096384
1065904432
0
1071734787
2684354560
1072289022
0
1071954938
3221225472
1072423973
3758096384
1069686418
0
1063962688
0
1071979401
1610612736
1062469696
0
1072584351
2147483648
1072203920
536870912
1070746852
2147483648
1072280093
1610612736
1072678405
1073741824
1070989143
1073741824
1070608572
0
1072199677
2684354560
1070780188
3221225472
1072643670
3221225472
1071929217
1073741824
1071196518
2147483648
1072671719
2684354560
1072080449
1610612736
1071589783
2147483648
1069393615
0
1070420668
0
1072468242
2147483648
1072303834
1073741824
1071728889
3221225472
1072691975
3758096384
1072298674
1073741824
1072166739
3758096384
1068983156
0
1072325724
2684354560
1070085350
2147483648
1071632686
2147483648
1071857896
3758096384
1071513763
1073741824
1068821183
0
1071732306
2147483648
1067461558
0
1072450080
1073741824
1071517936
1073741824
1072201467
1610612736
1070833970
2147483648
1070232254
2147483648
1068921825
0
1071548895
3221225472
1071038374
1073741824
1071669418
2684354560
1071427473
3221225472
1070893929
1073741824
1070610684
0
1071698120
2684354560
1072687783
1610612736
1070034428
0
1071142947
3221225472
1070788001
1073741824
1071272160
0
1071908412
2147483648
1069982870
2147483648
1071707999
2684354560
1072358144
0
1072391942
2684354560
1071124549
3221225472
1070789661
2147483648
1068692605
0
1070659280
0
1071565486
2147483648
1069302024
0
1072414549
2147483648
1071961290
3221225472
1070994452
3221225472
1071868351
1610612736
1072606519
0
1072254240
1610612736
1071700132
3221225472
1072154361
1610612736
1072545260
3221225472
1071316267
3221225472
1069897828
2147483648
1068130418
0
1069267558
0
1072326824
2684354560
1072604498
536870912
1071868291
1610612736
1072361433
2147483648
1071446948
2147483648
1070667259
2147483648
1072156981
3758096384
1071461100
1073741824
1072693247
2684354560
48
