Uvec
2226355706
1072323745
536870912
1071893674
3221225472
1070450087
2147483648
1072195537
1073741824
1072463928
0
1072297733
1610612736
1070754580
2147483648
1069055473
0
1070466348
0
1072498476
1073741824
1071613362
1073741824
1071781134
2147483648
1071749731
1610612736
1070402269
0
1072074452
3758096384
1069052004
0
1071760194
1610612736
1071868822
2147483648
1072306859
0
1072669559
1073741824
1072458314
1610612736
1067450652
0
1070775334
0
1072062347
2147483648
1071592244
1073741824
1071060380
2147483648
1072098987
3221225472
1072225554
2147483648
1069279673
0
1070900741
3221225472
1072131016
3758096384
1071092196
3221225472
1072167167
536870912
1071623839
0
1070397522
2147483648
1071980110
1610612736
1070786172
1073741824
1071886808
2147483648
1071409091
0
1071890386
1610612736
1070847363
1073741824
1070881440
3221225472
1071381692
3221225472
1072289599
1073741824
1072472948
1073741824
1071500782
0
1070856144
2147483648
1070996386
0
1072170917
3221225472
1071571591
0
1069225877
0
1072301396
1610612736
1070644038
3221225472
1071907236
1610612736
1072599799
2684354560
1071974925
2147483648
1070264080
0
1072547672
2147483648
1072587649
2684354560
1069800995
2147483648
1071361991
1073741824
1071866841
2147483648
1072168419
3221225472
1072672531
536870912
1072337881
3758096384
1071334580
2147483648
1071879690
1610612736
1072302297
536870912
1071701759
536870912
1070364240
2147483648
1072379974
536870912
1071982525
3221225472
1070159406
0
1071367300
0
1071577214
0
1071350825
3221225472
1072525183
536870912
1071222014
1073741824
1071792500
536870912
1072087432
2684354560
1071771838
1073741824
1072423541
1073741824
1072246230
536870912
1070536343
2147483648
1071904587
3758096384
1072310944
0
1071945789
2684354560
1069942600
2147483648
1072175817
1610612736
1071475496
0
1072118352
0
1072619094
0
1071470586
2147483648
1070016994
2147483648
1072646915
1610612736
1070831993
2147483648
1071027753
3221225472
1065616176
0
1071461100
1073741824
1072693247
2684354560
62
